-7.315590002790657 -11.325360631337293 1.0
9.239954402548806 2.3290397819231625 0.0
5.336763175962495 14.211906474697109 0.0
0.7252077917328055 13.955739772922216 0.0
28.544280384934112 -12.806287975141597 0.0
-7.3872753502907 -10.965299267332064 1.0
6.842100276521108 11.903526402138606 0.0
13.593094785255678 0.3456001959911147 0.0
7.093277719443067 4.847087439239502 0.0
13.430833644608684 0.7305209554668953 0.0
14.35423066537348 1.2389604117442476 0.0
12.549419664813165 -1.6273683277210493 0.0
6.209644469326218 7.306998160380103 0.0
-7.420877231276443 1.0598468258587699 1.0
-10.220337270554907 -10.628709510100263 1.0
-7.442905061896032 -11.19600613904668 1.0
-15.85868142386992 -11.375034775046156 1.0
11.140178454524916 8.6593767102012 0.0
12.405478855730601 4.045635220712595 0.0
-23.12017232508729 -10.26917769843354 1.0
3.8221609389256033 13.950852836285028 0.0
12.473352931921296 7.258595355647184 0.0
-6.675138242730029 -10.91677713418629 1.0
1.1314240533950233 15.551845618471399 0.0
-2.835720774518834 -7.63875718040498 1.0
0.3974991910570931 3.872928189711466 1.0
12.33698947167536 1.2271018163180734 0.0
-7.926780965544088 -10.748490181416765 1.0
0.8644950071349942 -7.41132485218965 1.0
-8.353866566054846 -5.646092582396014 1.0
13.747839572429063 0.1175122750612812 0.0
-6.100442745075536 -3.986346300333879 1.0
-5.949568366928243 -1.810432418344046 1.0
7.619037381746393 -3.0482589077519924 0.0
-7.320616089016047 -4.455183077068944 1.0
-0.34608709103122987 -5.890118071598718 1.0
-7.281053314433701 -10.966117693772118 1.0
1.493213609748365 18.20385062239275 0.0
14.65059220186266 6.915475900417033 0.0
-0.39205663878009156 -3.324106944063684 1.0
-16.07508278386674 -4.591087540115162 1.0
-4.4814563017872615 -7.995967809235771 1.0
-7.425007580450754 -11.226183624056473 1.0
7.201315332631135 16.257400718419486 0.0
-6.6389577975034255 -14.09313218002 1.0
-3.200905898954436 -0.664007421359301 1.0
-1.3369465878234195 -5.891750657997595 1.0
3.7882637864471653 15.751307379032344 0.0
-6.587098425703563 -11.347467045872817 1.0
12.544489174159606 -0.7631194206983762 0.0
-7.364008928248349 -4.438467663750918 1.0
1.0905990686101061 -0.462822638031385 1.0
-7.810892911721581 -10.181016277796852 1.0
-7.410044483923653 -10.18927163486515 1.0
-3.7898171052849494 11.162667232846383 0.0
14.897504254854432 5.911303252938236 0.0
2.9423530874943378 -13.30547645903312 0.0
3.274171875928664 14.264654798984958 0.0
-15.569706190240236 -8.629381201705268 1.0
-7.599700762252043 -10.351745296165118 1.0
-1.2108026249267012 -30.209957347520657 1.0
-7.1801284857223315 -10.876130203651662 1.0
-2.8318493125127855 -2.3334160877609555 1.0
-7.503334428276811 -11.262474069513686 1.0
-18.769503634613425 -3.513485656482048 1.0
-2.20136297851171 -4.182094689633829 1.0
-7.334591413271686 -11.122013031714161 1.0
-7.295301225506901 -10.965758637433801 1.0
-17.161598777334707 -10.336384386502209 1.0
-6.603307838857883 -11.19182270924234 1.0
14.331856200276462 1.7201477514557562 0.0
-11.122402312540856 -3.4517780645276175 1.0
14.92681203034941 -0.2521883259130295 0.0
-7.509110638861404 -11.060005020323826 1.0
-7.851325131662195 -10.705511058054384 1.0
2.690819937987593 -9.39479027907491 1.0
-1.8769656078679842 -12.865266544206339 1.0
-14.215799536149273 -20.7741525109422 1.0
-8.693338902434148 -6.473012949421435 1.0
-7.808290679388649 -11.154923314002344 1.0
-0.2255528323575623 21.594031269749873 0.0
13.004813533592309 8.570146172879559 0.0
1.3066465932425566 -4.930510435546631 1.0
-7.294084498818577 -10.857256024822945 1.0
13.065874897039576 1.1391482244320887 0.0
-3.1018104370015767 -4.806279440900664 1.0
13.432882761783514 1.611211067819346 0.0
-6.3619403739945275 9.103891540934631 0.0
-7.461557978898954 -11.283066766472047 1.0
13.189976330406703 -0.07042730858678829 0.0
18.81791183994857 -7.035745378436607 0.0
-6.776323966861844 -4.605095558473639 1.0
-21.533370565975016 -11.250295658474373 1.0
-7.212916065234146 -10.864977165520703 1.0
0.841617603015728 1.2570302826376674 1.0
5.546124360130509 15.334362524337234 0.0
-1.2281862420083738 -1.573501784068795 1.0
1.9258372197997602 10.203396017955995 0.0
-0.7999823309207967 -0.3225620940386599 1.0
13.413207412594758 0.4246314006055202 0.0
