0.8727879277167545 0.41458550896208574 1.0
0.8321825864424987 0.367817895357617 1.0
0.8830884657912321 0.4842765539245685 1.0
0.8434894626317991 0.3956351313131471 1.0
0.8913098669418602 0.4213745628100944 1.0
0.9234818451307892 0.4056943415826303 1.0
0.8638322824648228 0.41000350857521817 1.0
0.8968067034834598 0.3983219150414908 1.0
0.8813372715672272 0.3981465708819555 1.0
0.8527362007920519 0.4068017540747779 1.0
0.6425715835251138 0.2995202573669961 0.0
0.8739211791723727 0.43012442102412535 1.0
0.9294943621734308 0.3950967657754744 1.0
0.6673929355343028 0.2774623392110185 0.0
0.7501844947049329 0.3064226297918998 0.0
0.9395559416945012 0.4223757878391922 1.0
0.8786231557833022 0.4105511220089417 1.0
0.7081202078399013 0.28753525765975485 0.0
0.6924104407199301 0.29359568968281 0.0
0.8684899976361293 0.39408737046329423 1.0
0.8746776829157692 0.4214310797884735 1.0
0.7338866863145797 0.30181820374816 0.0
0.6880778795006279 0.29558384174729685 0.0
0.6326411234121988 0.2541573074808679 0.0
0.8883477100993067 0.3601437428049934 1.0
0.8360704722387512 0.4110532768215397 1.0
0.29308995194080445 0.4457410364481989 2.0
0.8290277426009496 0.44836798252115206 1.0
0.6880698042379282 0.298208917352404 0.0
0.9102401581957748 0.4089474041275135 1.0
0.8094079386444689 0.4325506442616289 1.0
0.9117283057750054 0.3858437058331632 1.0
0.8737785792075748 0.4318461776028909 1.0
0.7424804423841426 0.3332166365482919 0.0
0.7198224943325243 0.2568862544703705 0.0
0.8855992157136441 0.4913249440378436 1.0
0.6587462038869346 0.2981300969272476 0.0
0.6853584513949416 0.29127817251687976 0.0
0.8590769997388461 0.4147841979424669 1.0
0.8243931179980885 0.4183764248746113 1.0
0.7185106693834249 0.3240607676090488 0.0
0.7230117842783669 0.2649210425532589 0.0
0.8138162900719086 0.4318099195355935 1.0
0.8703300898644392 0.4216094135063671 1.0
0.6850923778649933 0.2938254527356583 0.0
0.6970601359436736 0.26097972570107514 0.0
0.6789843835910632 0.2862020483756564 0.0
0.7226170749396837 0.2616998668926278 0.0
0.6970477348096351 0.3416371936960345 0.0
0.9017448311959756 0.4691644467125386 1.0
0.8658639079109254 0.4583536181482154 1.0
0.8405597463547063 0.4144530277144847 1.0
0.9081386499196904 0.4513648093160505 1.0
0.6484627754099427 0.2664640106584786 0.0
0.6730115951461711 0.29980016804134024 0.0
0.9031264276023664 0.3657855784962804 1.0
0.9211469520781759 0.4210084747802785 1.0
0.8493090324748099 0.429714219256363 1.0
0.8880740279866317 0.4081963755798723 1.0
0.6466936927292892 0.33518918231593925 0.0
0.8837534458723357 0.4269764182259114 1.0
0.6774896828563325 0.24942401092344524 0.0
0.6889111387741393 0.2931102947313663 0.0
0.8683946649068026 0.4318954328514124 1.0
0.7100052076913081 0.3171507855469267 0.0
0.8740924806246221 0.39677821326399215 1.0
0.7162302034571785 0.2631320383120954 0.0
0.8697443072154274 0.3800856960377975 1.0
0.8599896401841872 0.4499708770097989 1.0
0.6824209513671692 0.3081578534768593 0.0
0.8684203639235768 0.4252900247053537 1.0
0.843993107145912 0.44550928166723786 1.0
0.8791224020725872 0.4025095876219971 1.0
0.7426241973795054 0.2567877604455979 0.0
0.9120029638645551 0.4226462102698392 1.0
0.8753721720818409 0.44592064645781415 1.0
0.9080013799933988 0.451329580537338 1.0
0.8652898273227334 0.4081773420038271 1.0
0.8404678115287458 0.4428873820649771 1.0
0.8691345750349441 0.4375967262020898 1.0
0.6877603793896581 0.2969508078962388 0.0
0.8989198827962337 0.4341824245886052 1.0
0.8787887319409342 0.4259543347310299 1.0
0.9116791322618788 0.4419856597084771 1.0
0.6732888462426179 0.2821324960791823 0.0
0.878070905581712 0.4245212912833208 1.0
0.6706738042771975 0.2658029776805099 0.0
0.6566696891152867 0.2540843148783589 0.0
0.6846206682260833 0.31169008864352504 0.0
0.8851269167068326 0.3706182131672273 1.0
0.8436731234401471 0.4043240915989043 1.0
0.6778020993320176 0.3120483859886065 0.0
0.7260874211085745 0.3266081672187153 0.0
0.6872568370630283 0.3361679471501939 0.0
0.6993241091393309 0.3479814087205622 0.0
0.7257369163866142 0.6566183938240169 2.0
0.8327214646747122 0.4272488372413837 1.0
0.8704307043382528 0.3678019314217119 1.0
0.6885169855939336 0.30699460175110505 0.0
0.6855348197423591 0.2973913521823164 0.0
