13.503054172116356 -0.13670029558720204 0.0
3.3680296282258064 14.514389801699753 0.0
17.074174704766772 11.292965998635161 0.0
-16.35692736105627 -17.599997977305886 1.0
4.641652613694692 16.309460227348353 0.0
-6.6812871040036335 -10.82335748058821 1.0
-1.1595642461131617 -20.021584478104735 1.0
-0.32351025371026687 -11.624818062464923 0.0
-6.775656102524429 -9.908956524974377 1.0
18.295589481678984 1.3464392407723107 0.0
-1.5673176625426026 13.158571812676868 0.0
-3.7074793520180878 -0.16781270066144688 1.0
11.445846780766079 -1.5202073740875834 0.0
-0.4254072215028061 17.88973160628835 0.0
16.319004449145364 5.4044590942234665 0.0
-6.860509785105078 -11.718423809802013 1.0
-15.803287878747534 -12.649324898525341 1.0
-0.9796590164223027 16.707937321816438 0.0
-6.951417916233311 -14.748714560843469 1.0
7.960107262465998 18.233151268823917 0.0
17.943438684435723 -2.7385758554319 0.0
12.032019868068671 -2.084556922325493 0.0
3.7084710131516054 5.482882729187112 1.0
1.7930064776612449 15.59054255335555 0.0
-13.545818366179338 -18.24953052241264 1.0
7.601250896241433 12.62329225316764 0.0
-7.565609328075612 -10.844212868465785 1.0
2.823750677279482 18.387054381260622 0.0
13.508217986826493 -0.4227341348827429 0.0
12.862600852643919 2.020786354058838 0.0
-6.946079971942319 -9.647868742900892 1.0
12.322524852151352 2.2413668272655216 0.0
-7.288559818898093 -10.93513834790743 1.0
14.115879893644255 6.027391494667179 0.0
-5.370175516914371 -3.9791401883880004 1.0
-1.9032634063087417 -6.572655326777676 1.0
-3.8197748848768813 -2.06432862963371 1.0
15.073235619835838 7.608767371388917 0.0
-8.993971734492767 -0.9039790217299196 1.0
2.992965358241844 16.544559920190736 0.0
-11.759040559773183 -9.89702771367618 1.0
4.074673160632998 13.655066810584689 0.0
14.105354846477153 -1.977473192065092 0.0
9.610185325593463 3.5477082862442266 0.0
-11.534670951229359 -11.575870715189563 1.0
20.725843069612722 0.029818401377917636 0.0
7.041686184910916 -1.0847819721219039 0.0
-7.764077557535233 -9.716597849393425 1.0
-2.622860655254225 -2.769368753613599 1.0
12.119204248242609 3.9053567710460357 0.0
-7.284917365761795 -10.95295662271545 1.0
0.3678054548652393 1.9176917624628067 0.0
8.06386237099279 9.664971331405654 0.0
14.899574479031209 0.034402421038875135 0.0
15.914407858587609 2.061769699885877 0.0
-0.4816876307874519 -5.8805102704410075 1.0
17.320258241374557 7.214278179757065 0.0
-7.097097095257614 -14.066703425874138 1.0
-9.847669590662363 -23.06829764040417 1.0
0.7625567579818313 12.945140108046303 0.0
-2.1870334939818954 -4.180352284564251 1.0
-7.15746211842659 -10.509483812345938 1.0
-7.714502963082684 -11.420552159556363 1.0
16.286170316031257 4.393848628331327 0.0
15.384725701870977 7.042888172314605 0.0
-17.236711063861627 -14.828140783077936 1.0
-13.900338135825208 -14.007066982557342 1.0
-7.759234639345735 -0.448786715913948 1.0
-6.833893716427709 -11.691610154285062 1.0
-7.294995987564459 -10.94627527368049 1.0
-7.3289607952167 -11.023175535925313 1.0
14.248119185662981 0.9568333770955373 0.0
4.281443292305713 15.910484417382344 0.0
2.3742378804058073 15.562996578223729 0.0
-6.877553770486299 9.257370858571795 0.0
21.479067173841447 -1.7053734111291672 0.0
15.159764342430444 7.499362887900937 0.0
4.366502062055629 14.132454043107126 0.0
0.8674549188605151 11.728203939296098 0.0
-13.786005708345717 -9.68965881602314 1.0
-7.340543894337296 -11.118766508197368 1.0
3.3753046363711077 12.102399307094093 0.0
6.331982001604389 7.505360201593517 0.0
2.692263656682506 15.146475443551147 0.0
13.227151922116859 -0.8815680661533739 0.0
-19.258418238658322 -4.546465271426899 1.0
-7.087588389576039 -11.511586509128774 1.0
-18.71756097453914 -15.939760258445261 1.0
-11.281009318423664 4.370208378425786 1.0
13.657337770062467 0.04920206285536836 0.0
8.639346772753196 2.672955051024106 0.0
-8.007801053500167 -10.783938015600956 1.0
4.519225007604432 13.66793245767765 0.0
-8.072677470330234 -4.8698114205095235 1.0
6.845499504019281 3.8598268767242687 0.0
3.8462798262848463 14.087698998614005 0.0
6.075634854508757 13.598636142407987 0.0
4.540929449323446 16.850011326512817 0.0
-7.560629421229256 -11.673960925475466 1.0
13.577498679493996 0.20723767938755414 0.0
