0.6828418535756974 0.2640296954762915 0.0
0.8555598620976307 0.3946746890534469 1.0
0.8210236476725338 0.37065272052358816 1.0
0.860965217771428 0.3522762155383429 1.0
0.9072744282790384 0.4104007122227257 1.0
0.8963729258140084 0.36131175571566304 1.0
0.8762974337392387 0.4412449925150267 1.0
0.6932797258845826 0.3021295064432241 0.0
0.8979719958671919 0.4308883158229068 1.0
0.8774345932902171 0.3671257791300969 1.0
0.9008412249792576 0.4397670711467636 1.0
0.7035878667331293 0.30472897813929445 0.0
0.6348993532407405 0.3060362992043989 0.0
0.6811005255308997 0.318339310569822 0.0
0.8707117913651143 0.4513313655307386 1.0
0.6763036954639895 0.3076973460663695 0.0
0.8803862757866 0.4466670197532243 1.0
0.8422314632298531 0.3632472098170133 1.0
0.9127495451691666 0.4541643084708318 1.0
0.9013039353783232 0.4504302400197178 1.0
0.8693945052257016 0.4728833292375047 1.0
0.6741017523997475 0.3006009214679118 0.0
0.9013154707117552 0.3985038961327667 1.0
0.7073796098807921 0.3042304692878951 0.0
0.9085620148455671 0.4034686201897224 1.0
0.8650070028937094 0.38372742357393536 1.0
0.8591071193771629 0.42386724885293176 1.0
0.8340205937607806 0.37891401291166665 1.0
0.8595885207433502 0.40665045699124736 1.0
0.6703965844209189 0.3035466456886258 0.0
0.6368401230818568 0.3613861585394069 0.0
0.8083437327690582 0.4293897043120736 1.0
0.6803953360269062 0.30503362773723663 0.0
0.6207454157323371 0.29696903015840964 0.0
0.8133456951952199 0.41942468409801054 1.0
0.6856261103777674 0.3085635819729991 0.0
0.8915699861389416 0.3795799527214899 1.0
0.9115450167278022 0.4371939635585301 1.0
0.8607460032152808 0.40536927068557693 1.0
0.8322269766257595 0.46211027333164795 1.0
0.7280113064899809 0.2607962445405606 0.0
0.7012326344153041 0.32468181269400104 0.0
0.922107754017584 0.4008415883975666 1.0
0.8704621448667424 0.4457201441855693 1.0
0.9048722615094278 0.3928820345329984 1.0
0.7233419832396292 0.35873473977505144 0.0
0.7305773511236536 0.27507153241421506 0.0
0.6957417123344005 0.30699824424897426 0.0
0.6429639923477691 0.2586409956355773 0.0
0.8723340784069693 0.42403042059043 1.0
0.6663321650062038 0.27790802323863584 0.0
0.6778369551688858 0.29508310876463295 0.0
0.8821462924291111 0.4171197691087108 1.0
0.856319479066913 0.3449327757295946 1.0
0.6263239016592368 0.28576727405491786 0.0
0.6778267016036522 0.2531847040126404 0.0
0.858417341046239 0.4569863103390856 1.0
0.669405195999721 0.2902832529543563 0.0
0.8634405595783633 0.4089414952668375 1.0
0.8400979198893866 0.4064347790258748 1.0
0.855834654344497 0.3672680973785045 1.0
0.8838300594366278 0.40880095010094203 1.0
0.6980158702666164 0.3338141611304546 0.0
0.696524150645857 0.33697639682388425 0.0
0.8728208626412474 0.3957735475019932 1.0
0.6661820972691519 0.2776334070299178 0.0
0.6846129581825079 0.30335947618505893 0.0
0.8461534526525817 0.3621226502735281 1.0
0.8874091021487748 0.41641131562997613 1.0
0.8546462599432372 0.4137649505041999 1.0
0.8597234035453439 0.38456773469325 1.0
0.7101968524808053 0.3662946349332147 2.0
0.6862344278725956 0.3667185634483955 0.0
0.8376612030604108 0.4117700576455395 1.0
0.9028565251258196 0.3656540437569909 1.0
0.7094426631150682 0.27574788450528565 0.0
0.6693494176455429 0.3345116266744013 0.0
0.7203069161643372 0.26442671232737736 0.0
0.6699871307003844 0.3108842130540212 0.0
0.8434627479941651 0.4050431490877895 1.0
0.8370990514924469 0.4129074913991847 1.0
0.8875879551013349 0.4202273799850389 1.0
0.7207185304475835 0.3131654962360205 0.0
0.7122116094708028 0.2576590771263643 0.0
0.6749064139872385 0.3176254076143585 0.0
0.8692709086198751 0.4718932791886743 1.0
0.8554659093775782 0.4106220047277769 1.0
0.8550445400725517 0.38739673814640097 1.0
0.6859505472581869 0.3130409298974711 0.0
0.7233904927618273 0.3225571234694003 0.0
0.8970809454993894 0.4208037641885895 1.0
0.6814437485418158 0.2499969845045593 0.0
0.6685556156804601 0.2887335626777805 0.0
0.7441681847482697 0.2943679939687042 0.0
0.6771852328522984 0.2836782010221651 0.0
0.7040819372552095 0.3220800214365223 0.0
0.6819503730384894 0.3237267287095846 0.0
0.6584826076676425 0.3391432695843117 0.0
0.6833309392445772 0.3126895529729222 0.0
0.8567997221128733 0.4090881885324704 1.0
