-1.4114723409016827 -6.452637027053307 1.0
-1.2265910879470567 -0.13686485379808752 1.0
16.372351036754182 0.7155203993108328 0.0
-15.271873811115814 -5.166958418744093 1.0
-6.8365795482771325 -10.564423921051612 1.0
-7.2422476744840605 -10.464198408438259 1.0
-20.103886518244202 -20.421705513237548 1.0
13.525397701860173 0.16523191462651715 0.0
-7.073851769470603 -10.964376899758932 1.0
3.9372555471283976 15.914877109099873 0.0
10.668157177424266 14.418604917496738 0.0
-7.087596825867945 -10.901563555650036 1.0
5.580123198713176 -6.832670661784428 1.0
12.765506140017486 4.9603704279672405 0.0
-7.741253062275678 -10.519478536096818 1.0
10.36937596091926 0.9260081534695459 0.0
-4.540543278070752 3.0984697586846277 1.0
-6.547951500553724 -11.422532094996065 1.0
11.016656040884437 3.9731735826537014 0.0
12.246025519049216 0.8029563915170688 0.0
13.995831510077476 7.902206265892745 0.0
14.140745029887565 -0.4549785476287681 0.0
-1.3447399981061054 3.201057404605528 0.0
15.214331489908862 0.8467966410439018 0.0
6.821014311827584 13.453651268770106 0.0
3.116024942849566 14.327091324606386 0.0
-12.260728218662665 -22.633564917232622 1.0
-7.273137387644148 -10.930805636437178 1.0
-18.64468472594716 -27.616888992869583 1.0
4.92380957028994 15.615829024938876 0.0
1.9997057783824943 16.149505595814464 0.0
13.28819381552093 -0.7295896682670527 0.0
11.877535866732568 -1.4504213318042156 0.0
-4.892778061931578 -8.625578457168803 1.0
14.25909004700743 2.3447334306130907 0.0
13.808754331604606 0.2020654432329985 0.0
-7.459346999553937 -10.880202328719346 1.0
0.3632780128711327 3.9398426112798433 0.0
16.982551201864723 6.232235134448928 0.0
-8.522167838723943 -10.838233182122417 1.0
10.06191315275942 22.530291463418052 0.0
13.705065793738344 -0.8627977156061037 0.0
-8.386764036697018 -2.1886069441720863 1.0
-8.92446741576904 -7.881423737608294 1.0
7.07533721298473 1.6810052800792519 1.0
3.5173549374012056 7.909912860628831 1.0
2.241975282463127 -21.430862951693815 1.0
-7.548518495005428 -13.633126859032412 1.0
-7.006739354972387 7.566716043228227 0.0
2.868874252303378 11.830134012009792 0.0
-7.271499699630003 -11.049130889570291 1.0
-7.352264529600921 -10.563842042564458 1.0
15.801030663795757 7.54238732083685 0.0
14.762378790790601 -0.4037598658519157 0.0
13.635203017048992 0.8223726809113387 0.0
-7.740655369072226 -11.06393046705452 1.0
13.42854095165227 0.8489773315053268 0.0
-12.588312268015494 -12.112419303912002 1.0
14.633459397374251 -0.1533345739557469 0.0
-8.586913427655873 -14.364341105290842 1.0
-3.888474989111332 -13.941894932927832 1.0
13.782692265714637 1.588795116473853 0.0
-1.3555480867366325 -5.85560636569928 1.0
2.522564222840348 -0.4880746472340607 1.0
3.567356632502205 14.158139248069727 0.0
7.55192578667317 13.010623277886973 0.0
-7.00678170339779 -11.14877243948943 1.0
16.081797900682083 0.44683626352529454 0.0
11.308490183725045 -0.9586735061818954 0.0
13.039816690538832 -0.8000923500805072 0.0
3.114768130160235 4.895633595834166 0.0
-8.827832843248196 -0.48999287994598806 1.0
8.220667097587318 -5.316486781365717 1.0
-4.015292343150747 -12.261970318204147 1.0
-7.222256706101301 -11.06049908293873 1.0
12.70413396776474 -0.5345092140579141 0.0
-6.922006376197693 -11.014974261831412 1.0
-5.076444509686315 1.7764373751287288 1.0
3.6974621710566535 10.315368759563931 0.0
3.4970516911752254 6.006123798517712 0.0
5.048706449780045 12.703735821516682 0.0
-12.168432970057696 -9.327647178035035 1.0
0.22871585495915045 1.4621609847150299 0.0
-6.739084626678034 -10.408976052754968 1.0
13.70782226763633 0.09876025613733376 0.0
17.338434376843907 -9.631239417113783 0.0
-0.6815497229068144 15.548034427023325 0.0
5.330368511239517 -5.203075065509836 1.0
0.9785251519409346 13.69102110122868 0.0
10.543702543505342 3.8257322607877633 0.0
-19.741142479697082 -11.523581727721952 1.0
-13.977795425580156 -16.625472531999378 1.0
17.826385019713126 7.311121334282169 0.0
-4.441745046499191 -0.928302013633298 1.0
-7.280458104951171 -10.954229471167904 1.0
5.9493525778498 -17.375845593160403 1.0
-15.444494823185856 -34.02464239328455 1.0
15.591500351173096 -0.07417047840159063 1.0
3.011297633866371 -19.57950769166724 1.0
-3.086353518612694 15.225283024226274 0.0
