0.6963765038119513 0.2832290722886303 0.0
0.8547916345220391 0.4269331033975128 1.0
0.9145526413220476 0.4353341188045847 1.0
0.6344215175350688 0.2914381564891587 0.0
0.7636831656114579 0.4276193179878063 2.0
0.9025194605995324 0.44921060366633897 1.0
0.7225085323924789 0.3362509279020511 0.0
0.6877690136217132 0.2888868391969781 0.0
0.8846435668949596 0.4443370701153541 1.0
0.7076138490095711 0.27590696325019604 0.0
0.8798547773378073 0.4433910881135157 1.0
0.8674881795386482 0.4083765485163352 1.0
0.8816877608752953 0.4396684134048512 1.0
0.8991917890949936 0.4290395807834485 1.0
0.6631250776777551 0.2603872840357205 0.0
0.017725119863349237 0.7460526199654591 2.0
0.7267571156289427 0.3187618971452023 0.0
0.6588638680473886 0.29153043374724885 0.0
0.7451695335486441 0.28329824908858114 0.0
0.6552719047297089 0.30436660657564923 0.0
0.8718443832836291 0.4278103725565968 1.0
0.8795611799872962 0.4358209782140818 1.0
0.7244401893682522 0.2666964937011452 0.0
0.8988004890249273 0.4142867291545391 1.0
0.6825634036868858 0.31486751037259664 0.0
0.8313545597948939 0.4155665088945357 1.0
0.682997711850193 0.2563348006977706 0.0
0.6797128844496809 0.2829662826149197 0.0
0.8816932292799783 0.4379327932187922 1.0
0.8356974980139006 0.39626080672955377 1.0
0.6467495472274212 0.2685564894838911 0.0
0.8705877897391927 0.41793291133886656 1.0
0.8948025631961626 0.43250939129924704 1.0
0.7326796769213968 0.27553361785088026 0.0
0.8887344614421474 0.4383184183658475 1.0
0.7228488399891433 0.2961834038501845 0.0
0.6732688912239532 0.3437572471340809 0.0
0.7264400467123846 0.2364074967172397 0.0
0.7077402348674591 0.2898833220240516 0.0
0.7610300689488574 0.2821385120330344 0.0
0.11688987169326992 0.2073737619293977 2.0
0.8573588745350071 0.4461768732463651 1.0
0.6663857369149555 0.2610415360918513 0.0
0.7318610071678885 0.3009498091713873 0.0
0.6624979586349918 0.22510951170507287 0.0
0.8713068126951079 0.4583905449927432 1.0
0.7265423423573258 0.3104588529523824 0.0
0.9186968978279452 0.43866357422148383 1.0
0.6778393813261815 0.2575596723889507 0.0
0.7451446290493787 0.25515300641279337 0.0
0.6794160906830615 0.2338148592427788 0.0
0.8328872609110859 0.4771110051970844 1.0
0.7328928713395306 0.30188042918184776 0.0
0.9036473565738228 0.4655216663408961 1.0
0.6604799017925282 0.2963547648861728 0.0
0.8802928185397241 0.439698950640094 1.0
0.6990999215277841 0.2432545310104377 0.0
0.6558553561863025 0.2804140748471203 0.0
0.8605226534377313 0.4924707693160896 1.0
0.707436083105154 0.2477652071290536 0.0
0.8497174053077966 0.3838683889766701 1.0
0.8223911538112023 0.4543421759591227 1.0
0.6967423956160084 0.28242538339619444 0.0
0.8771501413987194 0.4449755359891152 1.0
0.8155469482706641 0.4372296370933876 1.0
0.8891553592772252 0.44866405645788937 1.0
0.6651858913240031 0.2777682994879642 0.0
0.7357551606603119 0.2596840919263569 0.0
0.6767026851372431 0.34452043431212953 0.0
0.8429291947780407 0.4631059447644982 1.0
0.9048689376436392 0.3753159789150185 1.0
0.8806364556660542 0.4192291646659906 1.0
0.8459575816595187 0.4673412625004656 1.0
0.8856034951800817 0.4332723945152498 1.0
0.710293086692357 0.2992873351468261 0.0
0.6898193359553131 0.2669232138264742 0.0
0.6952453790010695 0.28264037578078033 0.0
0.7259652480077807 0.2706150433807741 0.0
0.8334171432004328 0.40861042152439386 1.0
0.8779343617138544 0.4346090156303967 1.0
0.8731576743878893 0.42179361841483576 1.0
0.8973292036157804 0.42891017010009663 1.0
0.6942289359507217 0.3081058288320992 0.0
0.6990784181331071 0.2814626805322957 0.0
0.6850454858101005 0.3492451136168319 0.0
0.8927629955405338 0.41633644239446016 1.0
0.8520512363042294 0.42012220741271344 1.0
0.8262262298352956 0.4148201545389431 1.0
0.8787019227867997 0.425802186100578 1.0
0.6899802742561383 0.2851149418336665 0.0
0.8731395957765467 0.453972014489225 1.0
0.7127521933733998 0.2892167371369482 0.0
0.6722482181946794 0.2864550214542013 0.0
0.8958107936447633 0.43204446726688345 1.0
0.8686239079080657 0.4161952955316822 1.0
0.6939313921233925 0.2836625867065977 0.0
0.8682235442298859 0.4258387192346689 1.0
0.6928524650971896 0.32888787772386224 0.0
0.9069753804207322 0.4880802404494716 1.0
0.8802318360301473 0.4348179762106212 1.0
