0.8722231776958207 0.43305223419729133 1.0
0.6918885378844658 0.3715863428608645 0.0
0.6783077980853731 0.2665361343254584 0.0
0.677201229532579 0.3165099029292612 0.0
0.6974878003246494 0.2910574440214622 0.0
0.8828750305573283 0.3816938536614648 1.0
0.7108282657797493 0.3123831496324024 0.0
0.6545670212182648 0.3739198517891772 0.0
0.6640029841361652 0.3524992184979965 0.0
0.6944416371758101 0.33878776081575 0.0
0.921301014226808 0.3867934427639307 1.0
0.8726271594279792 0.35587109323477395 1.0
0.84589516255357 0.3914336334891886 1.0
0.8661703082669496 0.3443656582366534 1.0
0.8486985928700211 0.4714951324631008 1.0
0.8562669146708408 0.34323198587249826 1.0
0.6771288267482254 0.31623165035484696 0.0
0.9704524813615909 0.21826644350906155 2.0
0.8692909385119169 0.41256856196671743 1.0
0.6152423410036091 0.34008905628325525 0.0
0.6962012219336186 0.35777737338778764 0.0
0.8359606733444408 0.44494926862597095 1.0
0.3484409877210872 0.4940294301884824 2.0
0.8477152123192667 0.4079472714561915 1.0
0.8278229006882089 0.4448277187105209 1.0
0.7241140070374862 0.2818633024410422 0.0
0.6434576339287944 0.31598094851224057 0.0
0.682190720284495 0.3403681407986828 0.0
0.6572053613687594 0.3685099527154396 0.0
0.6850675189107504 0.27241372644770634 0.0
0.8481043396584593 0.40149990832767 1.0
0.6681856906102821 0.3016585472207994 0.0
0.8182546235135916 0.4197538662251707 1.0
0.8562755860020208 0.34720000183084176 1.0
0.8581124009299815 0.4081734450478817 1.0
0.6796502655753501 0.2871824325992109 0.0
0.7134947403404409 0.30344356048942794 0.0
0.667268840171076 0.3716039715388526 0.0
0.6753582939375847 0.3416129401207679 0.0
0.8444706672653476 0.39642601968094937 1.0
0.6727609398204567 0.3207010975311448 0.0
0.8785917475005797 0.3916275479931441 1.0
0.8757912117339899 0.4537107397913821 1.0
0.8375351564937935 0.4714994101782022 1.0
0.8790808905857876 0.4596245178938017 1.0
0.6999080593053107 0.28941641106673266 0.0
0.8736357775862872 0.4083869261477654 1.0
0.6808456192919351 0.32232175849838024 0.0
0.8715020771718044 0.3880014817989115 1.0
0.8236184200617243 0.3911622862163238 1.0
0.8551073807943009 0.3657191023262315 1.0
0.8741684286923542 0.3645997440922104 1.0
0.8272706308953187 0.4040221471088506 1.0
0.8405997466768829 0.3989102477902761 1.0
0.8967249445271697 0.42141113036836414 1.0
0.7091593415214712 0.3301540228144321 0.0
0.7036784967045957 0.35381686589941597 0.0
0.6763381874407253 0.3181011124995475 0.0
0.8648806386343203 0.4089987962967832 1.0
0.8385746544242283 0.3848851368289365 1.0
0.8554516159465022 0.41225594620938544 1.0
0.6750678079905627 0.31642641183191383 0.0
0.6629554905304861 0.2843006422125407 0.0
0.8571624554941976 0.4557044116693145 1.0
0.6901033383224616 0.3191091497120038 0.0
0.9071798226486671 0.3713300384862408 1.0
0.6243577342595001 0.35437734204707216 0.0
0.8557420426668984 0.3887373161320029 1.0
0.6526602428564616 0.336797431033594 0.0
0.8235449687342724 0.43422283082535496 1.0
0.6786332641618718 0.3155224279601101 0.0
0.6752976331914456 0.32229116843626565 0.0
0.8559095198664028 0.4075451869901727 1.0
0.7130467303734785 0.3211952996038999 0.0
0.6948829535583512 0.3616559501854503 0.0
0.6695398379393341 0.338326724866694 0.0
0.8517424116111164 0.4166544739553185 1.0
0.7298842123734478 0.3494276817452377 0.0
0.6704657355383741 0.3519299940648072 0.0
0.8682719635945394 0.4645232100843334 1.0
0.6825380437493371 0.2981860568071166 0.0
0.8708143501121568 0.3832585584495633 1.0
0.8290633181374764 0.3855378390782047 1.0
0.8332429796357887 0.409420569383403 1.0
0.7369549705075539 0.3194337405104305 0.0
0.6762016884345918 0.31116025646615136 0.0
0.8498712507531823 0.4724059427973455 1.0
0.8838122430915056 0.4481077648115062 1.0
0.8892820366806301 0.4063310098758768 1.0
0.6599707688795695 0.3353617735401342 0.0
0.6911460924592547 0.3244295349759861 0.0
0.8173026099084946 0.39200745322116615 1.0
0.8567440201164891 0.415789698453584 1.0
0.6640582117801875 0.3531163017626205 0.0
0.6556364269500223 0.3316244845115773 0.0
0.8597338522231651 0.3868963802416438 1.0
0.8717636021333287 0.4293509974493621 1.0
0.6876744549126772 0.3480674068328201 0.0
0.6790191225586419 0.284350828375164 0.0
0.8632133566671287 0.4401899226361701 1.0
