0.8331751487014173 0.4304323777435567 1.0
0.6914380910654493 0.27422408096291 0.0
0.8414874123397553 0.37743781920828656 1.0
0.8508623372637024 0.43685051033442057 1.0
0.9050453747627104 0.3849746141868428 1.0
0.7982907933734037 0.3909164164016145 1.0
0.6406128866542994 0.3047090544117753 0.0
0.6570766019242597 0.34737353159450296 0.0
0.6880585440090717 0.28593224183775817 0.0
0.6486650735739261 0.3408077409985532 0.0
0.6603603150662326 0.3007321267595907 0.0
0.9072440141800414 0.4234258961714245 1.0
0.8092267104864781 0.4255767685858487 1.0
0.7935993203532934 0.3774108817593509 1.0
0.6780159314869264 0.327025497566432 0.0
0.6800183108132893 0.2835095268705011 0.0
0.6741423305148391 0.3252601157582555 0.0
0.8868117922698623 0.4487779472461491 1.0
0.6658709772183433 0.32137863334757544 0.0
0.8593569211955935 0.35751711693789634 1.0
0.8820597930976681 0.4340325415878604 1.0
0.8135233490984776 0.4231102640420739 1.0
0.6977665842996418 0.3718858540450245 0.0
0.8674949758449207 0.3756729003831217 1.0
0.8022472601530927 0.4448131664903002 1.0
0.7003405584103017 0.2983216028035983 0.0
0.6702964118682901 0.3244413936072737 0.0
0.6444672941816457 0.32317749277250696 0.0
0.6895950063844256 0.30980513608455346 0.0
0.7011036337090553 0.3185446975078186 0.0
0.8559478541349562 0.3862036383827657 1.0
0.8419921676608509 0.3824774141120401 1.0
0.6253747301651732 0.2944802877243603 0.0
0.8452167349019121 0.3904876159017188 1.0
0.718205388003486 0.3471516383634187 0.0
0.8631903013490541 0.4130057131043649 1.0
0.8667590902536738 0.4354626275185841 1.0
0.83613177281178 0.36984592844041453 1.0
0.847502785382811 0.4096792608139189 1.0
0.8465518217920511 0.361098818242584 1.0
0.655062051828293 0.3218791842868237 0.0
0.6481405063052763 0.3189357151145217 0.0
0.7258156526505947 0.32474663487733824 0.0
0.6877931956434707 0.38021757326772976 0.0
0.7016881944880848 0.3804518446251247 0.0
0.8466694105792235 0.4290653767537719 1.0
0.8829626070917511 0.3427237456975215 1.0
0.8022506720636191 0.4068391326375865 1.0
0.6652906597594096 0.33707639715827403 0.0
0.8531784495791941 0.4571454915393354 1.0
0.8597182666692115 0.3805411095752549 1.0
0.6783749679030344 0.3209921811319271 0.0
0.7982280101269508 0.3896987866638609 1.0
0.8980049385175541 0.4310543515200286 1.0
0.6873916875337159 0.3195171003240439 0.0
0.8607090982487641 0.3611740679690449 1.0
0.6757332839540467 0.31921177929499944 0.0
0.8993202195776397 0.371469749347831 1.0
0.7414923736757184 0.33818943231357435 0.0
0.8790632122990799 0.3899457457133754 1.0
0.9082679835677177 0.42522849932605067 1.0
0.8928596838985287 0.4592136785795154 1.0
0.84531727767076 0.338096800458324 1.0
0.7349485065899317 0.3503178633128252 0.0
0.6878947420242753 0.31697191373122763 0.0
0.8808746550176568 0.4098281921933352 1.0
0.8323654502419753 0.4456914516966054 1.0
0.6646016484184056 0.3293593002566115 0.0
0.8623631925511734 0.3424530696882149 1.0
0.8556981707504099 0.4033046125455747 1.0
0.7169384232486269 0.2874655081422655 0.0
0.6974173588814381 0.38111122550247495 0.0
0.8202650511984642 0.4233898474250215 1.0
0.6555147334419505 0.3240816453788667 0.0
0.6578613678489388 0.3340280676310236 0.0
0.8442099121120422 0.40871160138322254 1.0
0.8453397950383698 0.4223442836592689 1.0
0.8678500389555183 0.453565214713733 1.0
0.6764267616475463 0.31382757817509044 0.0
0.8783187683388054 0.4665763805042047 1.0
0.682355030149997 0.28769253920984983 0.0
0.8473582938402959 0.4167801990812093 1.0
0.675554031424741 0.3186806297302305 0.0
0.6776066116732341 0.32857727720111546 0.0
0.8227907422258561 0.44293957374966014 1.0
0.8841375657225905 0.38372274450303545 1.0
0.8486374900559309 0.3990995954629391 1.0
0.6573945503909115 0.32368043524337897 0.0
0.8491100311781479 0.4073571544328021 1.0
0.6769117434311482 0.32085754483612905 0.0
0.6831326073863615 0.3433702064935807 0.0
0.8416901646441504 0.4025287771611548 1.0
0.8289511923736179 0.3991704222973573 1.0
0.8521903392099905 0.391548824327015 1.0
0.8534922836870815 0.3998233968903704 1.0
0.8525607019885124 0.4571451118487501 1.0
0.6838972933910282 0.3110335308988524 0.0
0.8523245486892208 0.4320847089194549 1.0
0.8634889869307562 0.4216634971963541 1.0
0.8565928621011145 0.4128613549775865 1.0
