0.5980747037011885 0.3353931257200897 0.0
0.8349693950977927 0.4215330213054312 1.0
0.6719142062871301 0.3361947436763973 0.0
0.647886994203857 0.3179642593591426 0.0
0.8442121941894241 0.3320777003360278 1.0
0.6535788475834633 0.3566328866768234 0.0
0.6781717458489708 0.352618343180432 0.0
0.8714766886460401 0.3982311608435123 1.0
0.7854376902625367 0.3766350257726542 1.0
0.7698312680858205 0.34501863998157745 1.0
0.8511980789985484 0.3191271607428179 1.0
0.6833617968737742 0.33165257520431296 0.0
0.8165293013241818 0.37831476544005743 1.0
0.8417254817909817 0.3559362796437925 1.0
0.8154775316133824 0.4365175207221949 1.0
0.8370206201137222 0.3626874433773927 1.0
0.6784086126359491 0.3401010902080148 0.0
0.8812828012169254 0.4106298143501961 1.0
0.6755425571274405 0.3411246300779323 0.0
0.6794807730225447 0.3908163733673842 0.0
0.6617635704488557 0.3194253141161596 0.0
0.8452572497627066 0.3778864275336347 1.0
0.6650589996002866 0.3492975770893671 0.0
0.6189578174273671 0.3663001928936039 0.0
0.6661786464802314 0.4099043748906935 0.0
0.7767949378619005 0.4028837207014424 1.0
0.8318524157870261 0.3394778635031961 1.0
0.8345986769425421 0.3761827929388917 1.0
0.6852163956484494 0.3869527520899956 0.0
0.8102830137553643 0.4281693152085943 1.0
0.5916107780169949 0.3442653746966648 0.0
0.6653720761118619 0.34880569693155594 0.0
0.838902230219261 0.38244528894343377 1.0
0.6853264341701154 0.3878656630915117 0.0
0.8438024372367926 0.32902539662973695 1.0
0.6842057643938275 0.30377880142531777 0.0
0.6506518235026651 0.3530758406987285 0.0
0.4913766414311942 0.9357624210047462 2.0
0.2948642670925794 0.06331879049736944 2.0
0.8409046684928607 0.34236316503639386 1.0
0.7931422314219636 0.4313164536880277 1.0
0.7723698135497619 0.3572721282998405 1.0
0.6617696240507354 0.3478611491860871 0.0
0.8248202237887446 0.3088557927266989 1.0
0.8607052521582735 0.3598986035283035 1.0
0.6412502164967763 0.4017318809146188 0.0
0.8036480910546597 0.35455120271032364 1.0
0.8112860075010903 0.3958894937616805 1.0
0.6483255718573058 0.3166928750980726 0.0
0.8145198286136747 0.3312810688498223 1.0
0.7118748263221344 0.3302996570407864 0.0
0.6695285141104335 0.36879069816545296 0.0
0.6513202047318931 0.2904152452109521 0.0
0.7024295825143603 0.4039095854617518 0.0
0.6672958578676759 0.3488703192342684 0.0
0.828717177940836 0.3871134283019905 1.0
0.6510176026222034 0.34709632736903673 0.0
0.8200739454391738 0.3486668763044721 1.0
0.6341163379204252 0.3215943174281887 0.0
0.7785186030195559 0.4064446661842243 1.0
0.7794406757915434 0.4172195221600821 1.0
0.5237054719964703 0.4423176664870487 2.0
0.8131024677849908 0.3838025785796104 1.0
0.7176278548725226 0.33484535985601444 0.0
0.6388462358251169 0.33821067434770924 0.0
0.8621851869206073 0.4004481834098256 1.0
0.8351963351755775 0.3453087345177876 1.0
0.7593509696820887 0.3873256895581249 1.0
0.7280730068775589 0.3630983921563608 0.0
0.6206987812555732 0.40776092927632185 0.0
0.8286996520726139 0.3762883038346135 1.0
0.8218110004367951 0.39942584595472025 1.0
0.6879693225161831 0.3427605057634649 0.0
0.6115904819319748 0.3732132482366807 0.0
0.7017952757171937 0.3609986264410089 0.0
0.7942057600015129 0.3668160544805377 1.0
0.8175783622544914 0.3805465463004856 1.0
0.684296991971989 0.3638550178268521 0.0
0.8276069003370208 0.3778722397047571 1.0
0.6927899775296605 0.34754788788538976 0.0
0.6583844394958153 0.3519327473803911 0.0
0.8854143776750741 0.3831835159124551 1.0
0.7231168434256614 0.3546124242866501 0.0
0.6593159667874354 0.3480903311953377 0.0
0.8510103817760329 0.4322057019042601 1.0
0.7931189061570423 0.39971083359088655 1.0
0.8519246688935326 0.39361800248854056 1.0
0.7721314036792979 0.3907447416881026 1.0
0.6955351311031418 0.3699887866183082 0.0
0.7835096824768736 0.3862800740771553 1.0
0.7078634695778864 0.3059051922318295 0.0
0.6588476053721489 0.35190225785119383 0.0
0.6347754733389909 0.3651195675949058 0.0
0.6900434228179401 0.345532629929527 0.0
0.8513009772482917 0.4252564174679462 1.0
0.818865515980304 0.4345451012213205 1.0
0.7991202282251232 0.39114786774050575 1.0
0.8681533106459735 0.3886279623913311 1.0
0.8741990804054597 0.3289370529723844 1.0
0.6884316508808396 0.3785052982468475 0.0
