3.6331563831668805 15.633101972169518 0.0
-1.0542264975692925 -1.5169265741352662 1.0
-0.06310021026908544 -3.76887317889711 1.0
-8.064114989215241 -11.551931034652874 1.0
2.904473258535888 14.543680250740003 0.0
-3.9156543867844884 -9.921269710873561 1.0
-7.225991451001857 -12.019781828728531 1.0
9.389945047841934 7.129183819307534 0.0
1.8246594778711087 -8.419876099883801 1.0
-6.708012913614792 -10.520496721967364 1.0
7.882756666537054 9.61787590154881 0.0
-7.218599583957511 -10.92556517414329 1.0
5.974072032005462 18.503282738143227 0.0
15.056797180003054 -0.5724440712376402 0.0
-7.796606873740525 -10.409056450696047 1.0
24.743608208550697 6.120512060256152 0.0
3.6386393898551384 13.957746732094593 0.0
-11.278108031554087 -18.18800447363264 1.0
-3.794634641956306 -0.9898473572788798 1.0
17.022906689128902 2.1619165337647557 0.0
16.943415582106077 2.802697000324748 0.0
-9.87496111212289 1.9477043752970062 1.0
6.781291746636647 7.658603272746124 0.0
-2.424829417248199 -2.758711728369046 1.0
4.24883227427875 16.37422519490153 0.0
-8.076116997159005 -12.835186768358618 1.0
-7.304694725383779 -6.6902742803477295 1.0
2.9125972637511315 19.732717442028726 0.0
2.7181304550423135 14.786246809807986 0.0
13.89314175242694 1.2319475806754885 0.0
-23.04152959290203 -14.98207082707347 1.0
9.041595983884116 -0.21562162845607885 0.0
-3.1665145364909857 10.986242091659726 0.0
9.2672168723062 3.8342064857923743 1.0
-7.996496575291036 -10.591354818125401 1.0
-9.21449802576383 -9.473224006662775 1.0
-13.652354050248134 -1.7181681035084295 1.0
-6.863148226901886 -10.658899716669849 1.0
-13.306601385699558 -13.408579014507515 1.0
13.999387033185643 0.11709757421406014 0.0
13.274399993914887 0.28701257112210915 0.0
9.660291084535213 13.140402864549898 0.0
3.4461745644522135 14.290251408768203 0.0
-13.723744366245894 1.7368732546029149 1.0
13.336633809718583 -0.46109364296545274 0.0
10.487937129342138 -2.610066172674489 0.0
-2.0950569399443038 8.693801668833611 1.0
-7.9657120784127065 -11.978530485130284 1.0
-6.206708524302134 -7.318481678555781 1.0
14.371667066489106 -0.21807377664679636 0.0
10.358239189707893 4.825781760324194 0.0
27.048130649259367 -2.2776493036722227 1.0
5.175138066578616 16.141522869770338 0.0
-12.267267972589103 -17.69846240635132 1.0
-23.946233419894714 -11.05629976020921 1.0
12.271868129612056 -1.2613822572379167 0.0
-12.339248108354777 -15.545238107741207 1.0
-7.984382452490053 -14.923886907228185 1.0
16.812950169630213 1.9837191220128434 0.0
13.476011009628815 -0.17413166964654442 0.0
-5.949738296475765 -10.033793653391497 1.0
-2.324699002310906 -7.430367953056423 1.0
14.20766458042668 -0.8715197802569402 0.0
13.531486994928537 -0.17186642620284534 0.0
-5.552344279058942 -13.040475608986805 1.0
2.716306788415246 13.379237921250791 0.0
-6.920629235999034 -11.31777210936169 1.0
-6.783076710047322 -10.597817725515444 1.0
-7.0721361766493995 -11.348031683424981 1.0
-7.160464539940923 -10.924491024269841 1.0
8.096392162158192 10.485957564448245 0.0
11.142896163780593 3.828172415021714 0.0
14.909016459614053 0.9525715783432502 0.0
14.50766856673403 0.17217449686812977 0.0
-3.731465840977039 11.089160942974363 0.0
2.1853072299684637 0.7166943213610699 1.0
12.876092816192891 10.266850355787748 0.0
-8.2995449367069 -10.190293167701851 1.0
3.789055275238956 13.96033417491678 0.0
-6.305327485713934 -18.2669569031193 1.0
-7.1821435982434485 -11.038899322850197 1.0
-2.671319473573167 -3.1602151236375597 1.0
-7.293090583350297 -10.993016490871279 1.0
13.145018878878126 1.594116593804847 0.0
-6.998275032061476 -25.04103602418566 1.0
-6.240341753791405 -7.772500485790456 1.0
-26.77558285956986 -9.573082747461571 1.0
13.391142855814735 -0.42295639231300053 0.0
-14.938195354739886 -15.83164178371646 1.0
0.6743412111817998 4.064605794638973 1.0
9.653902175220983 12.16793926882149 0.0
17.461338552785357 17.64465695595986 0.0
14.124485781281308 0.43779358729963164 0.0
5.529567977246178 14.140771733871864 0.0
2.9936646740582735 14.211412754166417 0.0
14.228160098940174 0.8316834594277422 0.0
8.722870857108983 8.183709783101698 0.0
16.409994340662134 -1.3387620000923164 0.0
21.77104312935323 1.887034939515138 0.0
-5.200213698768003 -2.1486728065707066 1.0
