0.637162953719325 0.4005062206181837 0.0
0.8363716380779852 0.3545609430970245 1.0
0.8534508655355741 0.3580911934015503 1.0
0.6251191075925386 0.3598093021736793 0.0
0.6342568338974373 0.34780985078728777 0.0
0.6258844426208511 0.3254123021606407 0.0
0.6781432519755088 0.43282159214583016 0.0
0.8390550585219299 0.35962390109192305 1.0
0.6132394509704495 0.3859641474372522 0.0
0.8033573422014654 0.4216858024678855 1.0
0.7898029764365736 0.3309013487383148 1.0
0.6611373738671766 0.37454298351895343 0.0
0.8360405725930665 0.3819895432372543 1.0
0.7926457914299293 0.3636537229883863 1.0
0.8192576517210577 0.31431584742562074 1.0
0.6175835081268611 0.4250467249136941 0.0
0.5905015680895099 0.3992812522413558 0.0
0.6460868192458741 0.3775780988366991 0.0
0.8395068760305738 0.391906261255469 1.0
0.8176218878204302 0.3596612539237721 1.0
0.6236389121953049 0.4143806992201512 0.0
0.6026357550375099 0.3719418988403245 0.0
0.6208460549966591 0.4272214417439821 0.0
0.6560854029645605 0.3557484802690488 0.0
0.6693418397686698 0.3530027355900431 0.0
0.8664415144787271 0.3624351657726959 1.0
0.6334977644181821 0.3886868186331077 0.0
0.6190674420759461 0.4307453219973084 0.0
0.6711259573238879 0.3678521980282791 0.0
0.6540283107051497 0.3624022480516663 0.0
0.8628030203946121 0.3232811434658196 1.0
0.7766557658524499 0.3591686793045033 1.0
0.6482074138971028 0.3799449663014723 0.0
0.7550499456473398 0.3618441530076288 1.0
0.8078728338214868 0.35626492407732624 1.0
0.8088096790446796 0.377169207966486 1.0
0.6779023717670265 0.4232286763093619 0.0
0.6310492105004314 0.3545502192692377 0.0
0.8083001488580397 0.35944946197838623 1.0
0.7747801448863951 0.38599662041990007 1.0
0.8020681883599301 0.3508742544187141 1.0
0.6632973961293304 0.4443755799567438 0.0
0.8034488515155097 0.35196354310737765 1.0
0.8401333862682843 0.3313203196131155 1.0
0.644643844861577 0.4078995037899079 0.0
0.030711007965130713 0.2322698133762202 2.0
0.8038637778868295 0.3858294536967615 1.0
0.6367625860852469 0.3712173101881528 0.0
0.6230037847598091 0.320114275687749 0.0
0.6447283127099873 0.3760730604219639 0.0
0.6170061471266747 0.3829449554637275 0.0
0.8189358173685224 0.3608049319753226 1.0
0.6676266209910497 0.4143474712478044 0.0
0.6802878729405746 0.3815210515705332 0.0
0.6118496047811942 0.3958078778867897 0.0
0.6196579622729859 0.3853230806781477 0.0
0.7062338139092301 0.3787482203239917 0.0
0.641625213196885 0.3940172577905497 0.0
0.8090193166049189 0.3536420577780455 1.0
0.6380146463934171 0.33519191655345393 0.0
0.8289834901842936 0.36538310439124905 1.0
0.7592972180701105 0.35546037265816777 1.0
0.6471392726619318 0.3786493439626976 0.0
0.8137621333233176 0.3823689234118034 1.0
0.5944515471846337 0.37906185810071996 0.0
0.6933422741388173 0.3976813085607076 0.0
0.80323088438116 0.352007318186628 1.0
0.8105131439964374 0.34332465453025623 1.0
0.5794861150314332 0.3598567682807409 0.0
0.6126639642006771 0.3407902117501017 0.0
0.6340463179883074 0.3738902752330627 0.0
0.7829013162281554 0.35103708741872863 1.0
0.3809454867039168 0.0010486890348154754 2.0
0.831086842147484 0.3944671407872294 1.0
0.6202103281040805 0.3999980851017281 0.0
0.8422196658770483 0.3212187803723753 1.0
0.7585119419916415 0.3358903905404257 1.0
0.6500306309598647 0.363706556374332 0.0
0.7120907884369798 0.390869496152692 0.0
0.6287194501765572 0.3635398398782109 0.0
0.6447046913818217 0.3387732310107265 0.0
0.8174337955935466 0.3872809269308896 1.0
0.6005495508418967 0.3491169915918961 0.0
0.6109420747405647 0.3563282240270552 0.0
0.5966286938989007 0.3715531148088633 0.0
0.6390715251952642 0.31645227098562845 0.0
0.6612310213771841 0.3834986211991651 0.0
0.7964146795897014 0.3376889711931593 1.0
0.6469124054291117 0.377428959800814 0.0
0.8368097333512109 0.4170111707308626 1.0
0.7106330491120293 0.3734817779492287 0.0
0.6472729115637113 0.4029212513916564 0.0
0.8436247439357093 0.4083405500825977 1.0
0.7622903336441131 0.3259789298292267 1.0
0.853159230309463 0.4001780236418806 1.0
0.6120954288324338 0.3989609751434732 0.0
0.8088208783036719 0.3230592707568429 1.0
0.8161637837898165 0.3484479900318681 1.0
0.7595597981554877 0.3083621475160245 1.0
0.8381405933299898 0.38547908626494 1.0
