0.8030894524303896 0.4147381920159629 1.0
0.6260752030739839 0.3432196008197889 0.0
0.8128049331407966 0.34044397378739405 1.0
0.8012499968227296 0.31459695091631396 1.0
0.6666447361077197 0.3553894439278823 0.0
0.6367544665313472 0.3529861149090284 0.0
0.6180969103751031 0.3198317548897167 0.0
0.7838907272156441 0.33791410991289084 1.0
0.6518881335131607 0.3831986924268588 0.0
0.6302889330250429 0.3311671393101165 0.0
0.6538712104464434 0.35752846839444924 0.0
0.8093552890459168 0.36050535442688464 1.0
0.6511642702850032 0.3785926579470121 0.0
0.6456761376382786 0.3779877543497451 0.0
0.6950679952168783 0.40282664404381796 0.0
0.7010942219408748 0.3689682561281338 0.0
0.7907971698194499 0.3550001372315924 1.0
0.7844877817840907 0.42130410467547497 1.0
0.8040610143910059 0.3437969498421825 1.0
0.6949491586828818 0.4018094037932537 0.0
0.7558346750261546 0.3827424248920039 1.0
0.8279817028202752 0.345980361648397 1.0
0.8018729570658596 0.3709532220456173 1.0
0.7513929697206763 0.31498285131645376 1.0
0.6095525939665735 0.4076916483292866 0.0
0.7852965439873144 0.3102340389902366 1.0
0.8410113179792374 0.3477342510693911 1.0
0.6291954401662555 0.3434559745551242 0.0
0.765021927305874 0.33345517101689137 1.0
0.8547374102736962 0.3621993354298209 1.0
0.7466462970686607 0.3262301273306372 1.0
0.7947686072163669 0.3760739920247034 1.0
0.8063789181723903 0.3550361579534701 1.0
0.5909702762912485 0.3462681179734565 0.0
0.6576749051289805 0.3935743590765576 0.0
0.6726273526444521 0.3306540485010744 0.0
0.8046125444890015 0.3190729641916665 1.0
0.5844140864662627 0.4131093755820549 0.0
0.6452431081063892 0.3800681847138451 0.0
0.8138482518129291 0.3615882609567572 1.0
0.6232611227926491 0.34243043742660095 0.0
0.5799338898491971 0.36679928951094654 0.0
0.8002350549859532 0.362463617366778 1.0
0.7481031035917182 0.3170046542650485 1.0
0.6789522903106009 0.42323308759920253 0.0
0.6546437821921745 0.3940054288327351 0.0
0.6865573279692228 0.3914593181796333 0.0
0.8116056752266474 0.35196869722386986 1.0
0.6363812367395975 0.39554826114608055 0.0
0.8104945834824532 0.3736366250145421 1.0
0.6626892839807564 0.39487186136566943 0.0
0.6245446869134794 0.4141559471594808 0.0
0.6452826028658618 0.4053310196565032 0.0
0.604187585067338 0.3706816065202141 0.0
0.6436808799177047 0.3775459212060956 0.0
0.8203976045843943 0.33420378320960065 1.0
0.7983847078165549 0.3468285904836082 1.0
0.6439217369314384 0.4142212026287046 0.0
0.8281709197208866 0.3977798843914266 1.0
0.808162471189346 0.354353649144216 1.0
0.6322630877119487 0.4238031754577893 0.0
0.6721400789279794 0.3751967937303243 0.0
0.8177678555317048 0.40736212901446 1.0
0.7479599458187759 0.3429021404149803 1.0
0.8028761051813412 0.3359965005610533 1.0
0.6743311390754793 0.4086144249301085 0.0
0.8065212347397653 0.35404204661125244 1.0
0.7890742955159293 0.3446900918935921 1.0
0.8063904636151005 0.3546238451420631 1.0
0.8514643984143463 0.3709482693670037 1.0
0.8067310584322523 0.35123450428601666 1.0
0.6572958444562261 0.33754169548509666 0.0
0.6052841072609185 0.3444717792652509 0.0
0.6202899371620076 0.4094933814967582 0.0
0.7690589291458342 0.33602436749074666 1.0
0.822165378245274 0.3488684445041104 1.0
0.6589213330268833 0.4010006170659473 0.0
0.6895824012866487 0.3431671750348068 0.0
0.6627194784810678 0.4065535827971361 0.0
0.757687487235176 0.3445010276047793 1.0
0.6276169401787807 0.4332912604254564 0.0
0.8114368921785764 0.3551520507235505 1.0
0.8015206360228452 0.3579103157498599 1.0
0.8230040588840284 0.3080305761528115 1.0
0.8082086632912346 0.3470454358560287 1.0
0.7913877293321956 0.32823688729773953 1.0
0.5803388161055837 0.3596255261153644 0.0
0.8394956261304712 0.3000880676509344 1.0
0.8223823662675751 0.386679181369811 1.0
0.7626564746009423 0.3801656761321195 1.0
0.8198396040392626 0.3895131499392397 1.0
0.6731185996593344 0.37970727554465206 0.0
0.8188268005303665 0.3453516940584708 1.0
0.6113148491470031 0.3796332955710772 0.0
0.8069092672182206 0.35016875050548324 1.0
0.7910851844196293 0.3616764005560702 1.0
0.8051519848259168 0.3294100432180565 1.0
0.8101535202677471 0.3532345617904779 1.0
0.8361845843430638 0.3096062231511429 1.0
0.8364652409556529 0.35300434441120304 1.0
