3.2871562321712893 14.17806341623606 0.0
-13.462337863654666 -3.9306738106348575 1.0
-7.043271362780001 -10.169817852414493 1.0
0.7253173804989117 -6.707164617908987 1.0
10.95339296393627 4.556925840727962 0.0
-11.781326269136992 -12.031788099639002 1.0
-0.3822557256776058 0.15568187236599237 1.0
5.367673543800336 9.537819320530312 0.0
-7.665015543903623 -10.567242742789485 1.0
-7.311600017771421 -10.629763515514519 1.0
-8.133182967855623 -10.612505191156156 1.0
2.8878159409954227 2.933771307168139 1.0
-7.567002644663011 -7.965935564139646 1.0
2.5486047281704933 -4.207471603785655 0.0
-1.6772159821578305 -2.3123203895054596 1.0
-15.106155000573185 -20.3321907570443 1.0
-0.2515299548038118 17.74622968556284 0.0
15.407967951684341 -1.1120270412731479 0.0
12.084477842917444 10.054374727326355 0.0
0.36162093032111625 -0.35264237895311107 1.0
-7.309955903081659 -10.977641796026138 1.0
9.251990768737839 13.112736400473008 0.0
19.98857159758933 0.7998569453149964 0.0
2.753653552695578 14.625810554995573 0.0
10.731820437719662 11.191223486718286 1.0
-7.269686193218983 -10.873625748387695 1.0
4.6272020280093225 10.439026294598998 0.0
14.692594364321124 0.6325444655041127 0.0
-0.15694782292925868 -4.17197470155267 0.0
-14.969498133172745 -15.013237033340438 1.0
14.130525503005885 6.723923676921756 0.0
-19.066165010259823 -15.023590544378738 1.0
-3.4197790509058934 16.02125368726339 0.0
-2.7747577123495017 -1.9926155286912748 1.0
0.6432949612160855 11.53307270266821 0.0
-13.178627730571613 -15.032595638112113 1.0
6.650154379526829 4.301447418759199 0.0
3.3817021345420932 14.053455921749531 0.0
-16.37575197522308 -12.304200435335918 1.0
13.47427974187341 0.38124501994028137 0.0
-0.36952087201595823 -17.602679678784295 1.0
5.525912899581613 -8.043178474986277 1.0
-25.917671080378845 -22.607731977015852 1.0
-1.2342767312963505 5.686471570305547 1.0
2.7992665711760676 14.61664324609294 0.0
7.45026937001149 14.349490263861162 0.0
5.833632937771306 17.79910370296953 0.0
-6.882398487180583 1.5039274940202085 1.0
0.005213105087633341 15.492569799287116 0.0
-13.816851758667882 -12.554084648748063 1.0
17.610326262432032 5.844255532569855 0.0
3.8334901555962926 15.19887270432071 0.0
-1.48306509031733 -1.9815695475212098 1.0
-7.329714715014466 0.5455951579036333 1.0
21.03936916422385 1.4466366658989576 0.0
-6.557638651842484 -10.771247202663565 1.0
-10.440503336453355 -16.509525795028747 1.0
3.0684856504987907 14.685162368703358 0.0
-13.442926173449518 -3.151981477005703 1.0
-2.7261213267817426 -21.02365776746513 1.0
-7.189182618461294 -16.231931020542383 1.0
3.004001625944419 12.540461039028663 0.0
2.0431858607672266 -1.1457349702814603 1.0
13.805674702656667 0.20006609734969888 0.0
-7.155839368967905 -10.875869187621978 1.0
-4.99497231968651 -9.663135846109133 1.0
-10.310126538426378 -16.86765570768814 1.0
7.3133075398118566 18.67193716321292 0.0
-0.33704306498811887 2.7833116551481383 1.0
-0.9938675998519529 -0.11100648753089817 1.0
5.475990084582275 15.502113984853347 0.0
16.43330258897856 4.687413763129062 0.0
-16.300363060745966 -16.44780954626272 1.0
6.601910770209428 6.994161268676832 0.0
2.8906245638703734 -24.191470517626247 1.0
-15.20116130877714 -14.338903478239716 1.0
-7.710071820927171 -2.285119953788604 1.0
-24.956322629497848 -3.0867561296511696 1.0
0.31174231924132656 -1.523561481132748 1.0
2.2851686284364985 12.190426970827215 0.0
1.0573134596964253 2.677547323464955 1.0
-13.249140735832292 -16.912057150429284 1.0
12.491942059040044 12.346118849018195 0.0
14.183930680792098 0.20973862511605262 0.0
-2.8452756732647297 -9.842595485040217 1.0
3.1678467430539254 14.47558330722329 0.0
4.203267699480647 -6.123893190810932 1.0
-33.47754180903821 7.311150172291284 1.0
13.937620326231613 -0.5125696683910833 0.0
-3.3607431833792716 -5.573231250317847 1.0
4.604466772015709 -3.0027650923894607 1.0
-7.188617435047441 -10.87534716923601 1.0
-3.919948335659912 0.48419315068418667 1.0
4.744333122471729 2.1860076970783777 1.0
-10.522577353777324 -3.0965202358908317 0.0
15.005523615436 0.8443459106387687 0.0
-6.765496565152757 -10.730984875439303 1.0
4.15638860634128 15.326344826355697 0.0
-21.456833713358428 -5.901242376003614 1.0
2.1265722827121794 15.440456972735017 0.0
