2.901625866218869 5.710736037944992 1.0
-7.427152583558562 -11.11083963028823 1.0
-7.4318874553095835 -11.344887796688743 1.0
5.03494731955785 -0.43118683141461833 0.0
6.59032878639989 11.749361566618123 0.0
9.636421195792138 12.754459348750318 0.0
-4.7966741247948805 -9.574452717301952 1.0
-8.446510423064538 -10.721334960003784 1.0
15.203600049505578 9.880199403593807 0.0
10.815843924274697 10.293928793488055 0.0
-16.867077308497862 -7.873982269726479 1.0
-15.689199134875306 -5.499028624606706 1.0
-7.289494427463846 -10.943900824224023 1.0
-0.6289769431906631 -5.782670025778202 1.0
-7.3368781581687585 -11.031737158528498 1.0
14.838732181133357 -0.32118571549722685 0.0
-6.800790033323806 -11.102900796605555 1.0
13.725778100388835 -0.21367482413504607 0.0
-7.291121348850722 -10.960700889520961 1.0
3.939861031049742 -10.19293615105202 1.0
-9.336693343974499 -17.17350617743401 1.0
2.9713366484520822 -2.871621148240159 0.0
3.4793759802803357 0.8626995825386073 1.0
-7.580446666708926 -10.595081545285511 1.0
-4.636651223699061 17.329752832170342 0.0
-3.9301031412006613 -3.5166868947507255 1.0
4.735886695844677 11.076716675744285 0.0
-3.856529701238762 -1.369668493714553 1.0
1.897977410655978 14.73381585352753 0.0
-6.94397654955366 -11.544750608181708 1.0
-4.861439012228166 -4.416256749135816 1.0
-3.165264481557091 6.2651212906689695 1.0
12.325095043115386 -0.1499206558847036 0.0
-7.256602405035914 -11.012451823671649 1.0
2.124272517622379 14.686010869110783 0.0
-8.166067568235253 -3.0342786490927067 1.0
-4.528993395200088 -12.07870604840633 1.0
7.151434133738535 -14.063769489896407 0.0
0.6236418935875285 10.272178804703232 0.0
8.415641887884915 23.324448197035593 0.0
13.914585025252197 -0.655592855566203 0.0
-7.550066505647069 -11.136113362430724 1.0
-4.007504767054791 2.77046517516697 1.0
-11.9199653819143 -14.664973491765673 1.0
10.958631594948113 3.59643663810922 0.0
-7.913299692098374 -9.659493437411044 1.0
-7.1174801615925825 -10.630045069868872 1.0
-9.819083284110437 -11.66916740957784 1.0
17.143937794765776 6.212407578278938 0.0
-13.866323198149068 -12.144761884038418 1.0
-18.00036584266896 -18.021116014373646 1.0
2.191923609251518 18.29468780703307 0.0
1.429761484496579 9.740234840403714 0.0
-7.865497226848153 -10.504683513557444 1.0
14.574296240489927 0.40842880306986895 0.0
16.959131962142237 8.74991570938657 0.0
13.697370659559486 0.07928761174919291 0.0
-9.616210479247494 0.1519098392354973 1.0
-15.7774952013909 -2.544410481247224 1.0
0.5945191407528942 13.483671784891843 0.0
12.872963916881266 -4.094823834727592 0.0
-21.26374468651949 -2.456638537334725 1.0
13.469166929787042 5.793193303462863 0.0
26.846860935492824 19.57246567750724 0.0
11.669032182723978 5.513815248831117 0.0
7.782002496586406 6.801374555963816 0.0
19.783459260478423 4.671850958398136 0.0
12.206360271099575 -3.274562921037099 0.0
3.289387694375779 5.336975818229589 0.0
-18.298630137520398 -21.364030548801182 1.0
-7.584585454924024 -10.731024612712826 1.0
13.4046421484775 7.987758513803042 0.0
-2.7116969604733634 -19.037112376865412 1.0
-2.2093073244411374 -2.913663960754308 1.0
9.804318285616217 1.073850236103495 0.0
16.87349977970052 14.189992598897797 0.0
10.349571278076734 7.113039483402639 0.0
13.76073605972709 0.1129957945327816 0.0
-5.872482791607998 -11.02319589201775 1.0
3.313663562183731 -5.202671491871966 1.0
10.737705233540202 3.624949449801223 0.0
17.091418089289014 0.5698022993937837 0.0
-2.8608322112633835 -3.3894155729792437 1.0
8.17232633705095 13.614276098644854 0.0
2.207025679436315 10.40624765589958 1.0
14.91834814072324 0.2929710809042144 0.0
0.7480989843269934 17.037261761978733 0.0
-15.628330896358637 -16.35665557436126 1.0
13.77500349439212 0.10691255898605306 0.0
-2.175562805248655 -3.6726092562714068 1.0
20.198469432927418 5.054040044271622 0.0
-12.559951088024578 -21.848750239994686 1.0
-10.62679296201464 -10.109401866972975 1.0
2.8605314457579825 4.064789299040072 0.0
-1.8153520039810866 -0.4602127193220724 1.0
8.515908351584724 -3.9225263520552724 0.0
10.34676752442644 9.011040755979817 0.0
-7.29211752023746 -10.887790260288202 1.0
2.394671852616405 14.082785052816183 0.0
1.8235980185156286 0.3970621254559367 0.0
