-6.157096558454716 -10.490112091339729 1.0
14.157533856179793 -1.1570584117259282 0.0
-8.860284028322342 4.759778489210218 1.0
1.2807976163279098 12.34402717250599 0.0
19.30943324505971 15.228579222002796 0.0
-7.329828726826323 -11.927908148030136 1.0
10.538264172027617 3.2470598958461947 0.0
-19.00311399333816 -5.4656809798788135 1.0
-23.04916795408603 -19.565191071005415 1.0
21.610609138988202 3.175215586620733 0.0
9.18334509524254 2.390648954664068 0.0
-7.285530325034367 -6.87416539479014 1.0
4.063541536218333 8.96479276545817 0.0
15.604348792663954 -0.11572623439721225 0.0
13.023212184895243 9.563802664555945 0.0
-14.599845393534642 -6.269783362621859 1.0
-4.694839998479303 -5.971612936401043 1.0
-10.086987669864383 -10.212738541832213 1.0
-6.8224178164902165 -11.223975474685526 1.0
-7.9989414553925196 -12.164971868369545 1.0
6.556262355369318 15.627456291674655 0.0
-5.705728839445269 1.5724530697558494 1.0
-6.861800041550751 -11.00426644883327 1.0
-7.27412874918248 -8.526900563910878 1.0
6.2182073915944756 25.379710263853717 0.0
13.595098175536881 1.3021820813431983 0.0
14.264677268784954 -0.3479696629290049 0.0
7.371167273857482 9.580750578459586 0.0
6.942012511782435 6.561887471584854 0.0
-16.153818999229117 3.1526019642357337 1.0
2.936790211252603 4.010562510718928 0.0
-11.314952234067531 -11.847671545571668 1.0
0.6404267078897956 5.449088178013595 0.0
-7.595195810336819 -10.645844896696467 1.0
-18.287776800854576 -20.049977627179985 1.0
-7.250599047487107 -11.202260292633317 1.0
3.223493413180848 14.359408354180074 0.0
27.250537300527853 13.451532337411942 0.0
-4.412761892960013 -4.5101393721824135 1.0
13.925678479595724 0.1310424996416977 0.0
-24.322281381343565 -11.112806595330522 1.0
5.415988925027892 15.483137256670233 0.0
3.680313674402472 8.139940703968248 0.0
-7.386657064317939 -10.676405729536581 1.0
5.2170550223178696 -7.6368784962398735 0.0
-7.826860981200032 -10.759967702617692 1.0
4.257118410676981 -0.5325764305764763 1.0
-7.845697223469288 -10.538230046437217 1.0
3.618510963271788 11.131305109383918 0.0
-7.494298153223913 -11.3474307727089 1.0
14.141490808007335 -0.6488513492207182 0.0
-6.0506936410008345 7.554439966186783 1.0
10.336791607819162 18.480364781036712 0.0
-6.720177520064151 -11.498076729865833 1.0
-7.348845783778611 -11.446569897806986 1.0
-7.2286558401346515 -10.580975297899487 1.0
-10.999550405640163 -12.536594173157228 1.0
12.736897230435988 -1.133631380267253 0.0
0.4359716012885366 -5.384456896683782 1.0
15.811469117332157 -0.007771888718685997 0.0
13.119846435168249 -0.7054226316271905 0.0
-8.371578315907929 -10.334134415150139 1.0
-1.403767709757534 21.430675530608415 0.0
5.952049671134665 1.0893931416091291 1.0
-7.874333280433596 -10.65272477219089 1.0
11.710054276571041 9.416401625279311 0.0
15.65823937747541 -0.11094502900963742 0.0
13.459890071398183 1.0388032393957378 0.0
-6.401686888181178 1.1721242935223253 1.0
-1.1176387069514164 14.194772594636976 0.0
9.064642688714788 15.080013316271597 0.0
-7.32668102817718 -10.20809135526073 1.0
-11.551147450232458 3.191565191505752 1.0
-9.424747644589948 -9.7943406450908 1.0
-7.229977107622787 -11.719894641243204 1.0
-0.570975581782932 3.901118302762961 1.0
-9.098961233492668 -14.250620585356632 1.0
4.8941076229614815 15.642921227807353 0.0
3.9770516021967124 4.260737566860342 0.0
14.75580067051645 6.774983663576001 0.0
-17.345478606416552 -17.636493875969713 1.0
-7.248162312746734 -11.046352340585704 1.0
2.806889081440968 10.293482489727687 0.0
-1.8530369271426541 -4.292393849481686 1.0
5.28943936430546 12.51955149221626 0.0
3.8498369879058556 2.8516012043824186 1.0
13.99154391794103 -0.28538595260247285 0.0
-7.148090352931209 -10.714443818135543 1.0
14.268388238477943 -0.43392638277752027 0.0
-9.112879707520898 12.272189637775902 0.0
-5.7976537851409145 9.664940904509264 1.0
3.2980101723176896 14.163839101274952 0.0
-11.711413930643488 -11.866955221465052 1.0
14.857207161294312 3.0451381605193246 0.0
17.535149608980824 18.715160924407034 0.0
-2.2575921311889506 -17.85153691714402 1.0
7.683483186437646 1.7866420885345609 0.0
15.334395960164343 0.34982118030126874 0.0
0.767995786524434 -10.16789779416244 1.0
14.916460699817934 -1.0406529147601251 0.0
