0.7648260894959652 0.3523820380293272 1.0
0.6311423075835135 0.3914518353318247 0.0
0.8296136841278481 0.3690813500874794 1.0
0.7813074790642333 0.3687803243247115 1.0
0.8010449401428497 0.3472463530047045 1.0
0.6438092085550786 0.3934078310783787 0.0
0.5840491952568357 0.35688829957709706 0.0
0.7616066747037749 0.3413877668769907 1.0
0.7407571849663491 0.3305150969235944 1.0
0.7872179204790674 0.4043308857002472 1.0
0.6471371345227627 0.3530285277844907 0.0
0.5900570850764684 0.4471775613231637 0.0
0.8178122782042091 0.29371456177379457 1.0
0.7837146915438847 0.3408135890607821 1.0
0.7974889925111944 0.34216771556072195 1.0
0.6540557944909454 0.4559525125204881 0.0
0.639226304583613 0.3645796773992122 0.0
0.11527381195295505 0.15020035095861115 2.0
0.8056709833490189 0.3968790603401627 1.0
0.7759593065839551 0.32850736493444066 1.0
0.6749672308784284 0.4032968571996048 0.0
0.6795255209340626 0.809720856048203 2.0
0.8357016816530616 0.3557740560974303 1.0
0.774954474984695 0.37692546307819663 1.0
0.7737160007512389 0.33661762256351696 1.0
0.8121635841172087 0.3667547614486408 1.0
0.5924575991323989 0.3651229720948156 0.0
0.6333163208361257 0.3971966974189262 0.0
0.6053014552231952 0.3936281543377815 0.0
0.7740601728166099 0.3547208199556567 1.0
0.6230869594372168 0.3944282791124452 0.0
0.6326378777479614 0.40763901341098135 0.0
0.7343883524504753 0.3575712410375805 1.0
0.7509138977948224 0.3825852171077224 1.0
0.5811545926962571 0.35660231989703606 0.0
0.691058101231699 0.4177108912988592 0.0
0.8041320730257323 0.3046917431933847 1.0
0.7588088488175266 0.3742895747725963 1.0
0.6906463438172382 0.42764045536125184 0.0
0.6713251344813547 0.4167074658114843 0.0
0.6414050990883522 0.4529942676240552 0.0
0.7630666145025956 0.2983059180220389 1.0
0.5977053793482224 0.4227672509467588 0.0
0.7578225813884232 0.2881867085357713 1.0
0.7827727537902853 0.3544649287941683 1.0
0.7975023249846928 0.3417371265272072 1.0
0.8067950129204687 0.3440467812524996 1.0
0.78888901819224 0.34110647958583945 1.0
0.8146583921780975 0.2932611440235975 1.0
0.7758177669600012 0.3711694938918472 1.0
0.6731959706764498 0.4338135859110014 0.0
0.8030014720477325 0.3049977629198987 1.0
0.7784849354530635 0.3269049965277369 1.0
0.6336846610694881 0.3981750733359285 0.0
0.6211217208276423 0.44484539981579263 0.0
0.6270061922638427 0.4325120185894493 0.0
0.7828918323019519 0.31615616550240666 1.0
0.6293259090575594 0.34767796876974 0.0
0.7685372626503175 0.35529734454803125 1.0
0.7709347926352238 0.3632610632177363 1.0
0.7891625527233391 0.3342247549114419 1.0
0.6731884891754151 0.3657729556460984 0.0
0.5991045447086999 0.4416516999308539 0.0
0.6470060320559988 0.43266315659324095 0.0
0.8323730166318601 0.3520257404301773 1.0
0.6647131063220845 0.3752437388090681 0.0
0.6386318066526766 0.3407109360093508 0.0
0.5715869383649825 0.4152948318266565 0.0
0.7660678907565526 0.34617549609442216 1.0
0.8145122252966569 0.31320346826245576 1.0
0.8135510953563485 0.2943836768848405 1.0
0.5965319231766922 0.3984820515464166 0.0
0.7914080686769634 0.3421455543034197 1.0
0.6040006331785058 0.38192024406700703 0.0
0.6490319619452054 0.3990537783523024 0.0
0.7906492730403916 0.3409378060917386 1.0
0.7474840877350957 0.3295036254151498 1.0
0.3422112615375971 0.8853934062311976 2.0
0.6069050372248543 0.3967514722318255 0.0
0.737911952327032 0.38261630319238615 1.0
0.6425207867182756 0.35243659862733817 0.0
0.7588528383999742 0.30226810571414664 1.0
0.8063834878181569 0.3559968756246029 1.0
0.6469178513814096 0.4201243941457544 0.0
0.6559665853640727 0.4040435299424784 0.0
0.6237081809217316 0.37575213054942697 0.0
0.7751259982618053 0.3112305474909295 1.0
0.661772255363454 0.36632236876075297 0.0
0.7908261112165147 0.3440202869718841 1.0
0.5998906626639453 0.37658057383866944 0.0
0.6451453011518686 0.4112371740500975 0.0
0.8019189393765975 0.34180900956253746 1.0
0.6235848902450289 0.4009022964296996 0.0
0.7878900083615474 0.3530227586134539 1.0
0.7768999536457736 0.31348671212173984 1.0
0.7960473561133362 0.296887092641246 1.0
0.6473179300854615 0.35496163054127233 0.0
0.6353259599423217 0.40108097221377104 0.0
0.7599616467305362 0.35680146170758803 1.0
0.7793505063341726 0.3256763077729967 1.0
