7.090946486817175 6.089291703823155 0.0
0.45537670458307283 2.8759121536945083 1.0
11.407222478216234 12.782626190008349 0.0
14.394436277963036 17.336293519617236 0.0
13.708621181518362 0.7523969973877831 0.0
6.659241014043669 20.669396013467846 0.0
13.789756554735138 0.07605592521723699 0.0
7.953651133011919 7.115955882000841 0.0
-7.260283927688342 -11.020209773938193 1.0
3.4032641592291215 13.438133436654589 0.0
-1.4148862572525354 -5.536164395673558 1.0
-12.95127820226928 -9.621490987594221 1.0
14.85783022505277 0.3535932997355197 0.0
-7.345477216317675 -10.957483214345212 1.0
9.814190999062614 4.537071579359307 0.0
2.78675866364676 14.343570537409258 0.0
11.494513114841904 -11.57947047319399 1.0
14.499805630676256 7.157695894425501 0.0
11.575170162362515 5.399355651614658 0.0
-8.415279074040546 -10.090832038451026 1.0
-7.283000654987246 -10.956704625206337 1.0
14.993268534585175 7.011918779643591 0.0
-11.484226987418573 -16.813972580316165 1.0
-0.1341960245584739 -1.4667979628058945 1.0
-7.036816191300948 -11.074350875266624 1.0
-8.003754664898109 -10.094478553878538 1.0
-6.4983342931193215 -17.14179399566317 0.0
20.661497746949365 2.578199810820785 0.0
13.752346057592748 0.13335121616162973 0.0
-7.603801623146145 -11.45084422257842 1.0
10.945718611693145 8.68577357064668 0.0
5.2809447677457175 14.756698544202198 0.0
13.85610251711003 -0.3667140791300908 0.0
-3.1633612894946976 -8.846866966324615 1.0
-0.2732800403583058 -16.219003570076538 1.0
4.797149180022462 14.102027306012298 0.0
-2.6673173489761215 -2.686019923962113 1.0
3.114624327009216 14.395937601276003 0.0
-7.630431650241366 -10.92168183767024 1.0
13.966721038283813 0.18492090424198987 0.0
-1.304614076722263 -4.988314111400167 1.0
3.795028028530182 14.689208241805911 0.0
4.705954608108198 14.905045465345431 0.0
-13.55153165670997 -15.413571744266845 1.0
-6.87982570301596 -11.221899162704938 1.0
14.629864087592994 0.13191007591181803 0.0
-11.985243768099867 -12.205051872495025 1.0
-10.848594235943112 -14.552181106657391 1.0
-5.856981684443558 4.901370906919165 1.0
13.71758069911101 0.10420971179324336 0.0
-11.561488650764723 -11.892451103151052 1.0
14.047954739629086 2.23233264666945 0.0
3.1785386679791285 16.767605762980896 0.0
14.314020085822065 1.2939934662110448 0.0
-11.193627275526989 1.158456871602827 1.0
14.60700175375396 2.286720643234809 0.0
-7.7464387539051405 -3.21515240033797 1.0
12.340644878693439 4.3213287189921825 0.0
11.846822089719183 0.9232708753767264 0.0
16.891455912795326 5.532199530961579 0.0
16.966947936119112 5.917002815249995 0.0
-2.4675465495373627 -2.5983137371031666 1.0
2.078807411701407 -1.6067542080033725 0.0
-19.469345377773763 -16.261546960263708 1.0
12.612866324729078 0.7997616028687435 0.0
-7.830506001851962 -11.230990207862103 1.0
11.468765375679903 15.796736930581304 0.0
10.474805560472443 3.2161010830272025 0.0
-7.288159324715193 -10.795458888479269 1.0
-7.812697687313301 -10.863349875339242 1.0
-4.807902755300921 2.1432581766360754 1.0
-0.755798656589052 -1.1124705505428203 1.0
-2.207549601743586 -5.865130911257846 1.0
15.798020052228953 1.1958970086713434 0.0
-0.7988865319421923 -6.95601616253875 1.0
-2.745661690391964 14.325188627347101 0.0
11.693802677741795 6.237466958413535 0.0
-7.356222384858103 -10.867269678197802 1.0
-11.835081409790133 -12.930262168186346 1.0
22.559481909911717 -14.382980871996203 0.0
14.008491978353709 0.4380761212662992 0.0
-5.909991726729604 -23.665400523811684 1.0
3.5655481175934702 14.790850042953972 0.0
-11.878259386549278 15.120365251907753 0.0
10.325596490400914 0.08986062355128178 0.0
-6.904721091828675 1.6835845159074534 1.0
12.628138398908355 0.92106219439898 0.0
-11.719931465644798 5.13812023644358 0.0
12.534530004517123 0.05899612290076292 0.0
-12.196432019508187 -16.022284279524843 1.0
-3.229090244298468 -4.767905428006831 1.0
2.1284219145496763 8.610563221585421 0.0
9.493545575478334 -1.3733316931632569 0.0
-8.43576212428881 -10.407921731578432 1.0
10.375887722104046 7.746906605856372 0.0
-6.896602726689903 -10.645151022008607 1.0
-9.907268966397021 -2.641488695355451 0.0
14.655365464485048 6.788251549282464 0.0
12.01436167315479 0.6913225877429503 0.0
-4.77117225330701 14.658768598147159 1.0
