0.8165649357780658 0.3479484282587331 1.0
0.5720411136634662 0.3725475653587664 0.0
0.8481626403886441 0.3641157513819455 1.0
0.7543003358848869 0.3083196257163215 1.0
0.7568129190697609 0.2885331874602357 1.0
0.6576100529000071 0.3798293716172486 0.0
0.6783552791376695 0.4323951762919454 0.0
0.6629026349048525 0.4339609513593353 0.0
0.6114146987918982 0.41820915206127096 0.0
0.7524914930330387 0.3340295687685842 1.0
0.8160958918056158 0.3446119228328847 1.0
0.5777578386708098 0.37116943311574696 0.0
0.7904072986457783 0.33467745825674033 1.0
0.752907062904895 0.29491187970832244 1.0
0.7989311989793655 0.26447409620083073 1.0
0.6583765730802777 0.3882604314724993 0.0
0.6616077084078217 0.406464515856307 0.0
0.7599880272046404 0.34317486649184703 1.0
0.8213447511479971 0.27908485242747305 1.0
0.7650527955063761 0.3544204768740151 1.0
0.7836595639715508 0.3102409123458293 1.0
0.6305268217654587 0.40536960584447995 0.0
0.6059049187122455 0.4145281324833833 0.0
0.7819150368204526 0.3220464012816794 1.0
0.8207084108456709 0.34864764480048777 1.0
0.6457013284850264 0.3887412549571154 0.0
0.6471825370113077 0.4249570351664229 0.0
0.6509796845140539 0.4056554251476223 0.0
0.7429733481954437 0.3124946542734789 1.0
0.7630380087203865 0.2811749628425733 1.0
0.6536733237716648 0.4066658405542883 0.0
0.7544214422014617 0.3178926826024046 1.0
0.7508312865622099 0.28214602761289864 1.0
0.8546948135294731 0.34753599139584584 1.0
0.6354586908235409 0.4016774030082278 0.0
0.5859326192469845 0.3954898524616149 0.0
0.6831254323995837 0.3941155920889146 0.0
0.6240044636711718 0.42383596222794384 0.0
0.7952491370530606 0.33101642884972793 1.0
0.7843772115726728 0.3616690840169613 1.0
0.6105182758021401 0.4117495113794624 0.0
0.8005518615581383 0.3704857248273796 1.0
0.6300625352954988 0.4060117781190733 0.0
0.6323476018917892 0.3981098775666499 0.0
0.6139580191495263 0.3407138281784149 0.0
0.6520244837990217 0.3673297661512588 0.0
0.6588214958703585 0.4074027786988105 0.0
0.8031902507794008 0.30860530082801474 1.0
0.8285663943914573 0.3122157392792917 1.0
0.6318342323431099 0.4056855916260436 0.0
0.7905044470647538 0.330160603342448 1.0
0.7877670699565194 0.3340701981645002 1.0
0.6314993678822056 0.4098820858152055 0.0
0.8279890373175455 0.30074672162483546 1.0
0.6099882260762419 0.3705580296241103 0.0
0.7953507876480097 0.32083273748409963 1.0
0.5957981465444959 0.3902891896335407 0.0
0.5798709365491151 0.3864033990368116 0.0
0.8298526693719808 0.28010507210600044 1.0
0.6371625170844659 0.3797033656244592 0.0
0.6914910078150829 0.4063468294832832 0.0
0.6310807483577345 0.4727167884529081 0.0
0.7290666807008338 0.3635129610725562 1.0
0.7473842618807274 0.3217911585168803 1.0
0.7775593286003719 0.33059909615516986 1.0
0.574521028250683 0.4136152852316519 0.0
0.7724338195431047 0.3327200057273612 1.0
0.6466481934268448 0.4606277830274697 0.0
0.6203558879396663 0.4361998483225548 0.0
0.7840497338908349 0.32879709014787 1.0
0.8121008301555589 0.3173586117910408 1.0
0.6000951108935966 0.42031798663123204 0.0
0.6094154131720136 0.4149204859528111 0.0
0.7950456797060724 0.2850962889120129 1.0
0.7770303594181031 0.3238029245058096 1.0
0.6171369758452397 0.3582095033660767 0.0
0.7974750456500809 0.3467832868142106 1.0
0.7853096604933341 0.3863211314787796 1.0
0.6073373046354108 0.4053035863388965 0.0
0.6530488668383636 0.43530753836544667 0.0
0.6094352436763321 0.4093908334506983 0.0
0.6347375632731141 0.4016828432543918 0.0
0.6015887192604185 0.456507111514139 0.0
0.6306347655438699 0.4070724602093127 0.0
0.5773199268802827 0.4231899464369049 0.0
0.6386538489252098 0.3940062396853933 0.0
0.6764628027318074 0.4095527967682434 0.0
0.6028068705373081 0.4263680078622304 0.0
0.6298263208181417 0.403452281291006 0.0
0.6663384727897675 0.3960408042192678 0.0
0.7993086101640329 0.32429565781175923 1.0
0.5895471573561729 0.3926616236934759 0.0
0.6126456382827387 0.3993366687057965 0.0
0.6468466326900136 0.3581035799281433 0.0
0.6296412180946944 0.4039125488152153 0.0
0.6159983019326362 0.4225305870834024 0.0
0.6179693998839086 0.3876881994672772 0.0
0.8010742150934419 0.3374779398364671 1.0
0.6754395056817482 0.4065407965918623 0.0
0.7447733849608631 0.3022100658130276 1.0
