13.690231982399448 -0.0398497842879117 0.0
11.636110229308636 1.495551821976482 0.0
2.226301946898738 15.763698301000064 0.0
6.425585001960722 8.073904218584387 0.0
13.72570092695109 -0.006555620982192593 0.0
-21.806025289348806 -22.398276585347126 1.0
-6.876942987515807 2.0079325565195285 1.0
-2.7350665307936137 -4.330384563622642 1.0
-4.878389771314556 -2.5304314332559845 0.0
3.6119899670600075 13.504133909574405 0.0
0.7241817104331247 -4.926141786457743 1.0
5.873459528831968 17.52821359348164 0.0
-8.628099890064146 -5.341402364533076 1.0
15.263261661847038 7.56198754367129 0.0
15.338797324364732 6.550179936047032 0.0
-9.916796202191168 -10.160359488842287 1.0
-3.0623393992908947 -2.855274501496322 1.0
-7.547091113341308 -10.739307338716008 1.0
0.5877566161437122 -2.8100016413428723 1.0
7.373631917720556 6.175472891280114 0.0
6.95711800862646 -16.969034534735187 1.0
13.900155106021375 -0.22281741840337901 0.0
12.393379575882173 5.250061394622853 0.0
2.125622230591934 15.539633000628818 0.0
-7.029006773666506 -11.121333440419539 1.0
11.189186083251133 3.454984149107257 0.0
2.563487826876501 14.914116241088237 0.0
3.9011968017566954 13.418371551506548 0.0
16.487787394854227 -5.831997304383894 0.0
1.1350158669530301 10.267969841431922 0.0
3.099489016068231 14.141588927868014 0.0
1.8945467597821508 -17.511789727932893 1.0
-10.05730157060311 -10.69402541643217 1.0
-2.684791444625244 -2.750454142923489 1.0
-9.600254407537136 -8.469473267156953 1.0
10.991070101439945 8.492304926016862 0.0
-7.283059649871504 -11.02868663317346 1.0
1.018608878483462 5.769502958646906 0.0
-2.744121812193128 -2.249211948815628 1.0
-6.663347979571579 -10.926549558982298 1.0
14.634167652687745 3.6801337353709016 0.0
5.015780384190561 10.606026827815835 1.0
-6.83898832727468 -7.07247807600808 1.0
-9.876958657329158 11.45556542710101 1.0
15.142514222774482 1.8080794723088656 0.0
6.5597028295030455 10.83370257164655 0.0
3.259689369168779 12.805132838134387 0.0
1.9438868984075288 10.31008057009711 0.0
2.3179561451912107 16.62762507077698 0.0
1.9171081119896127 14.194063388478243 0.0
-7.336128892192595 -10.874432598187752 1.0
14.134535923890613 24.615841006414303 0.0
2.186888850489959 3.8970229311473945 0.0
-7.279951057984649 -10.98419461487269 1.0
-7.001047929567414 -10.874038999174383 1.0
13.486835434613822 -0.10566515944358665 0.0
0.8998617294880058 9.995722296203008 0.0
15.762970294552298 0.30032462514428837 0.0
-11.730786034457058 -12.503090173490506 1.0
-9.196520302731079 -2.186568810224572 1.0
24.69867286754304 11.15898479391024 0.0
3.600976076686948 2.2558380112824405 0.0
-1.2553849014890224 -2.0881375510620237 1.0
13.756328887772659 0.13719576833554673 0.0
-6.653186130308579 -8.959134702481629 1.0
-7.3005965456378314 -10.972777252878908 1.0
-4.373205346859275 -4.16381032303177 1.0
5.070102351975284 -0.6236414167063165 0.0
-7.383736672286007 -11.048135368119256 1.0
-3.746293101446688 -9.002217511856655 1.0
15.447962504641842 0.8539690086424196 0.0
6.216963057962344 12.839779520790616 0.0
-11.519905619125982 -8.177963362746654 1.0
-0.8542700159155643 -5.928646400881566 1.0
-9.532106159413283 -9.459647110970842 1.0
20.70287283522663 1.5261071951677825 0.0
-2.9929421620272763 -2.5363516036797225 1.0
2.605839394641533 -3.124755286490099 1.0
-18.244063112371272 -14.44518127052841 1.0
-7.920293819298735 -5.10941535278379 1.0
-13.726034406092904 -11.30945110395755 1.0
-5.155087773992776 0.05103894817633181 1.0
-11.438430111361317 -12.75203772886968 1.0
4.9377790992326345 11.770673871470343 0.0
-6.927364453669429 -11.6069496639104 1.0
-7.632839650251669 -11.10245581958884 1.0
-6.611798170411994 -10.650393145693302 1.0
3.862760250246941 14.047628818870209 0.0
13.753319939514563 0.14959412178882062 0.0
4.43313889872713 14.045026792490802 0.0
13.811793390748063 0.04859850840077706 0.0
2.591987154080635 -4.409446756996672 0.0
13.706127877490788 0.09455507117733172 0.0
-7.257744643126593 -11.014737707885837 1.0
-7.165281228925886 -10.672940952158658 1.0
-9.084723289308279 -10.975972145238822 0.0
-19.203908360390713 -18.686197321855207 1.0
14.045920800124664 -0.6408313843637529 0.0
5.193105004197268 -19.109434482687846 1.0
-3.4153593862144693 -9.579522156362271 1.0
