-6.4505000205700185 -11.837212441447942 1.0
12.6042382446448 -0.012591658858461805 0.0
5.218109005855676 -10.740447535929961 1.0
-6.917394171646757 -11.179741083673528 1.0
10.900378104772242 7.6718533738938275 0.0
10.129356846182706 5.165533880461513 0.0
2.91477018956669 7.120302735825513 1.0
2.9408083247108583 3.9210122825475127 0.0
-5.722386735576227 -6.415809602198637 1.0
7.573657362147438 13.100286267900163 0.0
13.855485893328192 -0.1872542073479689 0.0
4.638559808382262 -6.005893167943316 0.0
8.892923521366217 4.062126975272717 0.0
-12.846648062683112 -3.6159020177002725 1.0
6.466445384330923 9.734392605923555 0.0
-0.34480471660246304 -6.864089454039929 1.0
-6.193304637566558 -5.107492214313009 1.0
-2.221351295660753 1.8694769138051237 1.0
14.09702265898707 -0.7755113857187995 0.0
8.897186188124303 -4.413353060651071 0.0
0.3986457469355019 -3.578799325473584 1.0
11.831140671194332 1.2065576597321608 0.0
13.916292230729688 1.199570467870635 0.0
13.130687498335059 5.190589194583607 0.0
-5.901875599887946 -2.990982617706957 0.0
-7.265873702573832 -11.390244744915188 1.0
-7.755440533769617 -2.798206893699495 1.0
-5.567203156112748 -17.89296240924495 1.0
0.8960861739661347 9.89911302440296 0.0
3.207362491490329 4.382861080697023 0.0
13.556207010375013 0.21563507452229236 0.0
14.440673728872053 6.457613073543716 0.0
3.956803759257483 2.6723833880774857 0.0
-2.6930161050182213 -2.849182145201669 1.0
-7.246305378032595 -11.924336215293136 1.0
13.475591990139787 0.3216077823324109 0.0
5.0070798722212615 -11.493216723563481 1.0
12.250865828305441 0.3843580198964167 0.0
5.128240133127033 12.57761223077447 0.0
-8.31735768479193 -1.6924345677570112 1.0
7.696686065166409 -0.7163493957848995 0.0
3.76768480394018 7.096606510025564 1.0
24.94004246899678 13.22487782875918 0.0
11.918342268703094 3.85596429336342 0.0
-0.05347725627066132 1.666310417833239 0.0
2.037720183902826 15.107695491254633 0.0
-8.756370717453665 -11.807696344451516 1.0
14.784913492607965 0.14271569252914906 0.0
0.08750082478645449 18.28647221526882 0.0
17.913299230574538 10.852851197387098 0.0
9.288663192210057 11.131489603201082 0.0
12.77279323222108 10.773793762145507 0.0
6.249417397331354 9.757180536552656 0.0
-2.9702921836225844 -3.4151629237679146 1.0
2.703058442512458 15.544507669771452 0.0
14.030950846716404 1.323142088353069 0.0
-7.9786823691028115 -11.023845480250642 1.0
13.721145444874653 0.12076891480070755 0.0
-7.416936473081122 -10.886245396319188 1.0
-11.739896800286447 -11.611467774929771 1.0
-7.234093000423902 -13.1275922795966 1.0
0.8487708250168446 8.745815332141518 0.0
-7.448063773713869 -9.826011046067414 1.0
12.873379727200314 0.9362007752530234 0.0
-22.520598531077855 -12.422875610016833 1.0
-7.0610115406734435 -11.04481882494092 1.0
-7.664462280516207 -11.01689417282722 1.0
13.89349453450545 0.24958533585656878 0.0
-1.4364467068658908 -1.1636322436349882 1.0
-2.779965000864594 -2.7333604902894013 1.0
-7.647087900135114 -11.152767596750959 1.0
-8.211911427820095 -10.846545467136464 1.0
3.9061094432614047 -6.698152197782802 1.0
13.84345207982763 6.774720346691925 0.0
-2.2678118865758865 -2.44552705071399 1.0
3.1257607840226456 15.013170840535597 0.0
-11.533733042673063 -7.983771047259587 1.0
-6.4669650975856765 -3.6181961383630123 1.0
-2.869636545431208 4.274485174193815 1.0
-1.1729195090333369 -0.85982583656317 1.0
-6.275540308542691 -10.680895857071011 1.0
-19.12243493770493 -18.222970856105565 1.0
5.6313795529530495 14.599708858337754 0.0
2.7553756143098402 11.300708591426343 0.0
-2.8056039965957047 -1.3686373222917265 1.0
-5.668157217379599 7.6743225222454345 0.0
1.5858876260710848 -7.483644937055157 1.0
3.00375615280971 12.635792549909612 0.0
-7.653002673326638 -11.283667017231506 1.0
-3.0136778183449096 -3.683741128937034 1.0
3.3598462180486526 12.087738778802175 0.0
-1.6826692509708079 6.7335994114056685 0.0
-6.966823549121627 -11.165911928096131 1.0
-9.218061614755472 -10.799865649667167 1.0
-2.8647549420994873 -13.236298361819356 1.0
14.876162323282514 6.846411430497685 0.0
9.425136964252111 -7.547465134970172 1.0
-5.604301245934774 -6.205826007835621 1.0
14.749356242844426 2.659144992520878 0.0
-11.503526797245907 -11.780926168455098 1.0
