10.107956379471059 -14.46205623494756 1.0
12.23917169453493 -9.741779751881374 1.0
-1.350461788721355 -1.6887669669278715 1.0
1.4808284314183842 20.667895194221604 0.0
12.259670209017399 -3.98866689458184 0.0
-15.469993653477234 -19.932467391440348 1.0
22.085515364261134 12.168901655901212 0.0
-11.141820167838608 -14.81176026243205 1.0
13.27294608259199 -1.8589090063432991 0.0
-5.360466929602332 15.766557782737177 0.0
12.783056688255737 6.658312091679059 0.0
-4.340944920850555 -1.1006392891299184 1.0
-7.220245863971459 -10.847258652144726 1.0
-7.333604778509867 -10.947892111525888 1.0
3.587173180004604 8.550246691852097 0.0
-1.059746028748274 9.53790454125668 0.0
5.279542673286399 20.01347206384886 0.0
11.744432574002813 1.6535942036763556 0.0
1.124097906354396 12.675710942716448 0.0
-12.746993689592177 -14.178103058928233 1.0
-19.122978470778573 -27.470696204594258 1.0
1.7680335259604485 -4.597412097825092 1.0
-3.329477214321858 -4.389326366346246 1.0
3.3139815533967547 7.386898787113063 1.0
1.7497111251922162 14.538297819119988 0.0
13.873095936412328 -0.09604251414911959 0.0
-3.5537137554618816 -2.054089792110293 1.0
-7.069520552053112 -11.180881042904012 1.0
13.533291158920056 1.0169620883406711 0.0
12.283388625575906 8.240202913884374 0.0
2.0231658022979584 13.817985505158216 0.0
4.478968524993535 1.5715270177845881 0.0
4.83810896900217 12.799006053840763 0.0
7.445033809511918 3.3824158829921416 0.0
5.108001014287547 14.50774961973107 0.0
14.675604086348727 6.7607975236111955 0.0
35.070597325302316 -13.364912113471899 0.0
5.70281591085251 -0.830383362044203 0.0
-3.6130900096917613 -8.97203921060301 1.0
3.58027462992473 15.787709876500465 0.0
5.09477746888625 -6.678074711219375 1.0
-1.8662875633994522 -2.128395484857237 1.0
4.416950242937293 14.17068408274576 0.0
-12.02366694385259 -8.5742959009436 1.0
16.161318238918223 12.177779231484248 0.0
12.066253486302063 16.425597073621123 0.0
-7.316138777337389 -7.728668216122779 1.0
15.503246403723862 3.0786941255289877 0.0
13.624425447503071 0.008984253676433143 0.0
-6.666330846034622 -9.816224546484891 1.0
0.16571710769270678 -9.679345420221306 1.0
-10.765354919982286 -1.443803085208633 1.0
1.6519605069188388 15.945906352856783 0.0
-7.297338029297426 -11.170801385881262 1.0
6.300611695738994 9.248621379316964 0.0
-6.78646695072843 -11.161992864350518 1.0
2.191537545613171 16.204122802309378 0.0
13.646287908899165 -0.052684082164861055 0.0
10.669946558938062 1.2545772364276166 0.0
-1.308241878817686 -2.991340347377918 1.0
11.07740996760946 4.833477281170989 0.0
13.785747587666418 6.349638661252706 0.0
-6.362498110657719 -10.314744756445156 1.0
15.019046417547253 6.8332710576076074 0.0
-2.8242616664064397 -6.377671488831666 0.0
12.223503574674634 -0.09638573372042844 0.0
13.301036255701222 8.976885087232441 0.0
-6.85350065013813 -10.34726479527247 1.0
15.028213722230323 -9.994552815135647 0.0
3.163189178739301 -20.640314939714592 1.0
12.758976415906428 -0.9092708211547523 0.0
24.38008015598435 0.27732229175287504 0.0
11.523228377830424 10.780120490333418 0.0
13.517394003259714 -1.301678561794719 0.0
14.186754477878736 1.5433674799282728 0.0
-1.136103278848783 -3.2839026625973577 1.0
-7.721650976921181 -11.168750529520166 1.0
0.684809934752284 -22.01016615778563 1.0
-1.8573471896273108 -1.529455777750208 1.0
1.0385291007734674 -1.802221183795849 1.0
16.397075741788658 6.975718026923691 0.0
13.721396797845287 -0.5870998437555375 0.0
1.758232546165083 12.852456353001548 0.0
3.6903400157649577 -0.6983666297129009 1.0
-9.858974115848193 -6.87260989742682 1.0
-7.588425790213976 -10.673491149187646 1.0
12.478077544371978 1.8686252107751122 0.0
-3.5886472989478064 -4.7191242128261495 1.0
3.4676283669455326 14.348124697725591 0.0
15.630515461230804 2.8937108092653046 0.0
17.258334665074628 20.98982051440168 0.0
2.625099955972408 -18.043035653888893 1.0
13.43850135315059 6.713471247792688 0.0
2.8443925231346716 14.391215148313902 0.0
2.638707425372309 1.904586222418981 0.0
15.451001014524557 7.347377992405034 0.0
16.43691044384148 -1.0159420066487397 0.0
18.543728865849786 -1.0803019593063359 0.0
-2.1771667706731566 -6.397419422609294 1.0
-5.086476312148024 -9.823639026315679 1.0
