0.6115593730044064 0.4449024546346111 0.0
0.7825552614748665 0.3061667438288339 1.0
0.4624166156594249 0.3559587074011672 2.0
0.6155078893890883 0.4041986325359507 0.0
0.6924888984874339 0.27301300431846903 1.0
0.8045052557154349 0.28754622576284994 1.0
0.6248128132331031 0.4175692037931598 0.0
0.7842496163411536 0.337323671827083 1.0
0.740410282564114 0.2335435813526295 1.0
0.7446067979306308 0.2942878590436803 1.0
0.7936728218649202 0.2785945318036601 1.0
0.7905132948413122 0.2982013591509758 1.0
0.6420866375368222 0.4709218830169742 0.0
0.7171304604964821 0.33235463002694937 1.0
0.5815929943265259 0.45147779796569804 0.0
0.7498908154838638 0.3041366322283471 1.0
0.6693246323281992 0.4591022375577773 0.0
0.6220854117458773 0.393149945729101 0.0
0.7086112175454302 0.2819764753804493 1.0
0.6384519907463596 0.4907420919778948 0.0
0.6067877413351348 0.4338286887239608 0.0
0.6343515815207313 0.4717612119692401 0.0
0.7739138027265562 0.2937736046380107 1.0
0.8116150352732882 0.3314751659639267 1.0
0.6492474286867497 0.4673524812304379 0.0
0.598281526379027 0.4666109666275243 0.0
0.5960554025265791 0.4476961032915009 0.0
0.6467096050300136 0.42936213327773737 0.0
0.7480807963399516 0.2580014242011917 1.0
0.7229852809987859 0.24427432832534365 1.0
0.7203981412741558 0.251923560310766 1.0
0.805477636203225 0.3149876698143699 1.0
0.7482814772147879 0.30321690333399337 1.0
0.6256215935265875 0.4932967463712373 0.0
0.23618755766288946 0.595923353199323 2.0
0.7552121490409708 0.2987800610136628 1.0
0.5621113925937082 0.4925186740957066 0.0
0.6571968609738631 0.4540771652274912 0.0
0.7506591004034783 0.3654404177552092 1.0
0.6010327814273079 0.4195871140976284 0.0
0.6194567904484803 0.4359050998232829 0.0
0.6212134822777644 0.4313257563015894 0.0
0.6384711038834836 0.5053381357117944 0.0
0.5655337962052388 0.4484278789547339 0.0
0.75424062127923 0.2512484645972414 1.0
0.6424680494714646 0.4299336604323232 0.0
0.8068565102147934 0.27295398543355104 1.0
0.7554989301263496 0.30320686745423475 1.0
0.7596017857506522 0.2978521550239165 1.0
0.6008009692425544 0.4013792812983612 0.0
0.6210650529611274 0.441826451719526 0.0
0.7823757614025273 0.30555080508456983 1.0
0.7327452359464569 0.2979840975549763 1.0
0.5918939656585953 0.3911392557181724 0.0
0.5852587551945494 0.4511327672362152 0.0
0.7527712228988238 0.3076388096970216 1.0
0.7536824991310971 0.3093156257712137 1.0
0.7422367706147165 0.3085354462710788 1.0
0.6034256206738607 0.3904380388967481 0.0
0.5993389486303637 0.4781232061496093 0.0
0.7494871602989472 0.3097989224336733 1.0
0.7667945747221456 0.2377195100020568 1.0
0.7635007336164181 0.3097549672713436 1.0
0.6018933874954338 0.44290068769745616 0.0
0.7544755331850386 0.29775978807765385 1.0
0.7082069616149527 0.293593070193875 1.0
0.6308789207276451 0.4072934030010267 0.0
0.787557749813122 0.33223277661433337 1.0
0.7582293556432832 0.3643383367957194 1.0
0.5476137533995638 0.469485752400082 0.0
0.7183512187595972 0.35118075696931417 1.0
0.7484534642458036 0.33690001900563976 1.0
0.7554134654648242 0.2503196686639156 1.0
0.6290941301396399 0.4423855773446058 0.0
0.5525094707560652 0.4505729074867586 0.0
0.7299316734152164 0.2513294254807914 1.0
0.5725145291163872 0.4597495617440413 0.0
0.6079310255385237 0.4459034160744317 0.0
0.7284219806780846 0.3042576636312089 1.0
0.7558711325120968 0.28450858565440545 1.0
0.7726405077309786 0.2445612881512523 1.0
0.6020918276623284 0.3913381894683168 0.0
0.6365885942229548 0.4477299585154832 0.0
0.5776057659781055 0.4804776188569317 0.0
0.751799898262298 0.3254833760562941 1.0
0.8140043835467137 0.28630119542339955 1.0
0.6473137478571257 0.4360872748684134 0.0
0.6277154708986722 0.4141328823097813 0.0
0.6191559627844215 0.3888371505720644 0.0
0.6282770252108336 0.473688803025952 0.0
0.6144678560410829 0.4346853563597077 0.0
0.7587907645407179 0.30696996630858936 1.0
0.7143882169279484 0.3223199899272197 1.0
0.8172498398933532 0.3250421789418201 1.0
0.7340529461123064 0.2730870495588166 1.0
0.7984660593890971 0.2863870824245397 1.0
0.761358696757986 0.2499203349066073 1.0
0.7540330605425005 0.31248561925350343 1.0
0.6777205801021611 0.4531397930175182 0.0
0.8059370359049722 0.3068935066263803 1.0
