-1.1168062430554182 -25.85315457822392 1.0
6.03095025886239 19.5893803300836 0.0
3.396383276867811 14.875508169086425 0.0
-14.732788863282702 -9.912236850111787 1.0
6.17350538604825 9.520283596735954 0.0
-10.720429113728162 -11.827434086020371 1.0
-7.355321450945895 -10.632685398015271 1.0
5.185856128845964 7.422165581095783 0.0
-7.466015312253176 -10.805447200502103 1.0
-2.491263428003272 15.189665808436942 0.0
14.731632331618146 -0.3431995678135052 0.0
-7.286869981238076 -10.962207304481513 1.0
0.09934329736206712 15.919719221324586 0.0
6.44121590071701 15.41378013080472 0.0
12.289471786522745 4.4770713607338015 0.0
1.1585830495584488 12.2550068560668 0.0
4.591415884979477 13.434996082246725 0.0
-6.6546598964579085 -9.682461124063641 1.0
18.37032540122265 1.2093876461277233 0.0
5.212126606635088 16.130498538972017 0.0
-10.576781540942997 -12.116599267169336 1.0
13.704218248870232 0.13266652074251678 0.0
-11.52090530094848 -13.301312982299077 1.0
0.5989239335039904 -2.077801838873905 1.0
14.878141914060693 6.710944940351946 0.0
13.678670894864052 4.678494273334413 0.0
-12.695583961291007 -8.956152123305873 1.0
3.6657947518023417 4.030573152428928 0.0
14.86191521050266 7.471096518585204 0.0
-11.970468536310515 -12.069030788847098 1.0
-7.653998538175712 -10.819082459764445 1.0
-7.2283776641738005 -10.627559958307367 1.0
13.087197352014256 -1.6788218501965788 0.0
-8.10897319054101 -10.14477258191531 1.0
-27.083709055697142 -8.450036022165357 1.0
12.539116511704476 1.2238934369939976 0.0
-7.3059392476780145 -10.867333397436749 1.0
-25.878006309720845 -8.880144828811991 1.0
-6.135751649387376 -25.070209924647667 1.0
-11.604558714124325 -17.35960500862719 1.0
-1.6620434642260733 -2.169624230080322 1.0
-7.581592797641587 -10.651416831428891 1.0
2.911236846579354 14.221094303884808 0.0
14.522309334063822 -0.4506642845105569 0.0
17.9341331338255 7.9256968753846095 0.0
-11.19261216345187 -16.015471291754608 1.0
-5.291744440411715 7.026627920165632 1.0
3.811636612150933 15.12274289010726 0.0
1.7516991339671828 -1.4202218945263598 1.0
-2.577259279007967 -2.718496882634709 1.0
-11.609092420304414 -11.817261752889035 1.0
13.120411813335174 -0.07927463014381417 0.0
-7.9203175234586185 -10.806659546148671 1.0
11.730607165799636 0.7712661764939437 0.0
6.218386038508575 14.734202184270348 0.0
11.705175979257756 3.20420845462837 0.0
-20.11851053559989 -10.70896654209814 1.0
-7.5965855111723695 -11.679311501727133 1.0
-2.478751996810795 -7.999359741145398 1.0
9.053309529284714 -15.322067279901155 1.0
2.8307086605049747 13.918203316051224 0.0
3.8715427766520474 15.918824427556272 0.0
1.259397649151581 -7.032326969354007 1.0
13.083659356505393 -0.6836275351922477 0.0
16.284819485719787 3.609359507762114 0.0
13.994875075883927 2.9442042906270047 0.0
-4.929192652573811 -15.40188190406104 1.0
3.134809862724962 14.394870804529564 0.0
1.7385436432586783 15.771495221399146 0.0
2.180669381406914 13.104260195836899 0.0
11.366600208187636 -0.6226263771801 0.0
20.3112561247316 0.640419003922596 0.0
0.1909959437879627 -1.8820882781577448 0.0
-17.01760417982153 0.6462837341769332 1.0
-6.397162743402614 -1.959596110143936 1.0
-8.872247201361317 -22.761311490992988 1.0
-6.157199629490489 -9.909541083337785 1.0
14.242671236694 -2.679201508784673 0.0
2.775140673016547 -12.019036299309155 1.0
-2.982825897453239 -2.1057787619618233 1.0
-8.335163262850857 -10.302942585981636 1.0
13.120033195887073 1.2173754070163634 0.0
15.868750078668997 5.752747244129955 0.0
-7.229595859458881 -10.975244955186533 1.0
-6.882638462220919 -11.379459459737228 1.0
-7.381182047743556 0.6080718461209218 1.0
-7.049325288845159 -11.008306413827578 1.0
-14.190630419702712 -33.82948712025928 1.0
-1.8393152499196541 -2.28401003101371 1.0
18.5267402121301 10.683191657466182 0.0
15.371841175263313 1.5691797403795569 0.0
2.237624917700768 5.306084585788809 0.0
13.29136303086052 0.6997597554388475 0.0
5.044188884892439 -5.085056586887702 1.0
6.1576210156456925 12.769720920173155 0.0
-8.09416853428249 -10.233774719819225 1.0
-0.22023040000994518 15.359069153113692 0.0
12.686134016941743 -3.4916376613182316 0.0
17.474449739226298 8.668202669529181 0.0
5.375964607488983 14.094805767023788 0.0
