-5.522482718105595 -10.343928735401065 1.0
12.065647574406693 4.9192105393708845 0.0
4.806713284270863 -12.177805857124435 1.0
21.788566452985197 -3.763749310809529 0.0
-13.290576007599604 -12.605111736522762 1.0
-0.7976153391061904 -10.000892400774948 1.0
8.727510002574835 -9.069432714355415 1.0
19.312772465191976 -17.49001421544299 0.0
10.678373419353614 3.60291712972357 0.0
9.382417282601299 -0.3471084157591494 0.0
13.694639255929248 -0.1339527215442049 0.0
-4.393705639592326 -10.172189305024947 1.0
-9.753641613329656 -11.669685074297249 1.0
10.78711178882126 -16.56516143039994 0.0
-1.7897540004762083 -9.721434836441619 1.0
-0.9099674122560397 -21.382111436878738 0.0
-2.3946000337961526 5.863575742032356 0.0
-18.054363828556422 9.06551536897397 1.0
13.200965539884763 1.6462646984101956 0.0
-8.602010526058729 -8.919959147324375 1.0
26.8313281637594 12.508393219762196 0.0
-4.653087163711823 -10.212154866182765 1.0
-5.787868227357965 -9.652425686628337 1.0
-15.251781798225556 -7.869598702822961 1.0
25.208284483118877 -2.1533749660772963 0.0
1.0964845434922972 -14.138790863161836 1.0
1.0882266408309826 -2.53582155943674 0.0
1.234543577557593 -12.492850788339457 0.0
9.20569157288296 18.86860976115219 0.0
-9.671205898122434 -8.936906158189593 1.0
-2.086045212833594 -1.579817772771819 1.0
-12.661293494834228 -4.9531607063320795 1.0
33.03151736314393 6.141336289969667 0.0
7.076600152595925 -0.8818501013395352 0.0
-8.488380951453097 -10.445202552627743 1.0
-9.28035519072355 -2.0609356034788022 1.0
-9.513231566627349 -6.844876291019878 1.0
13.468917314338126 -2.065666535763973 0.0
10.999528141862129 -20.785856083749543 1.0
3.8177441575057065 7.811648075896514 0.0
-6.030763293776721 -9.739323488225327 1.0
14.040943586849913 -6.768699105686889 0.0
-4.002458134742722 -10.81648268869404 1.0
1.1939772983028363 -0.6506972997313243 0.0
7.18545657421222 10.214081181844067 0.0
1.9466274405854285 2.333278510259471 0.0
-4.211734877837385 -8.245353318256397 1.0
-8.12023306483904 -12.99829368621803 1.0
6.780615058787937 15.512451453338244 0.0
15.170176902070704 2.3371307283002634 0.0
9.835808605124083 7.166493242126673 0.0
-8.46298698197754 -15.390503307213244 1.0
11.589089737104374 5.938741038527156 0.0
-0.10766964268448143 -15.046485228897051 0.0
-3.199352867601306 -17.157298676307597 1.0
6.64966137147582 13.621048722044076 0.0
-11.80725826781298 1.2860448293771802 1.0
9.46860395167433 3.200574850039458 0.0
8.071741633950214 9.826172786321369 0.0
-4.9012690025483785 -9.932016217713306 1.0
-1.0499777947895939 11.08958153425457 0.0
6.376004716802596 8.881127763504434 0.0
-3.7059090493189033 -10.648130825690915 1.0
15.570692206928435 7.066915067092562 0.0
18.16192254627568 -1.4065518683788476 0.0
-3.873919304039071 4.765054546482844 1.0
15.41025070706749 -4.257111943375259 0.0
8.8659683314279 -26.234121641911802 1.0
4.273182867121214 -2.9799509247235054 0.0
-2.242890097274818 4.359331718060792 1.0
13.015711823142295 10.074541405548274 0.0
-4.436867689742421 -17.969398329727923 1.0
11.65305521631021 -11.885280392721986 0.0
13.050555790630836 5.75342158736163 0.0
-2.3943042299147033 -7.362118619503003 1.0
-7.054805295526811 -19.05459579185203 1.0
-7.760245117122181 -17.188292647496322 1.0
13.053228977912376 3.9906996383384206 0.0
-1.165903132927424 -11.186552724711982 1.0
4.453117913265367 12.198819419364236 0.0
-7.7554168707563145 -9.218283341978069 1.0
-9.322356521710432 -6.876806674531483 1.0
15.426990919323815 16.90359698036382 0.0
22.13469612662277 9.547165424841909 0.0
19.553109235219928 13.103002538603116 0.0
7.943291837948099 2.6690423828878886 0.0
-0.8382060364229147 -19.129176136464856 1.0
19.556761298986803 8.435196843744473 0.0
3.791480269181235 -8.925523993579962 1.0
4.382930921736747 -10.21663963312042 1.0
-6.070570695243597 -15.161188832933252 1.0
2.235431929255519 -32.703189495481766 1.0
15.450372172139087 -15.829130094315856 0.0
-4.79101276740783 -8.936708957754849 1.0
7.727247922089168 19.090425111281967 0.0
10.931875587714675 3.8539493216637277 0.0
5.807060839689627 1.1253501732176143 0.0
24.973968138993047 2.5635947104452503 0.0
-5.994121173258047 -9.041727365976634 1.0
4.6528390455390065 3.070413039918608 0.0
