10.983824582259986 3.878238849304194 0.0
-7.217992028049156 -9.90220380889243 1.0
-7.701565588236542 -11.9262650138718 1.0
-4.973213112258336 -9.640106719688546 1.0
14.081125436882784 4.486787438835549 0.0
15.271980352684945 -2.1409126782961914 0.0
-3.193993523856385 -19.435261876465823 1.0
-9.500665943407373 7.3402804364552985 0.0
-1.7718060092351122 -3.2969053051351596 1.0
-7.440983090105255 7.0626173942099895 1.0
8.216259897116966 0.5588715156969577 0.0
14.497764596955513 7.289172425464391 0.0
12.029844673743268 -1.4084571906626564 0.0
13.590398304410652 1.7622672231982062 0.0
1.5120798256426935 -15.73831944171253 1.0
-8.21015545660914 -0.21577994816295243 1.0
18.533842672945617 5.857579664599323 0.0
5.591767990298815 7.8257206575816705 0.0
-9.545715798310964 -15.120197411411345 1.0
16.106900412834957 6.316534472916208 0.0
5.697017685049063 7.938004676395019 0.0
23.900629608189156 7.121177297276995 0.0
-2.623036353797718 -8.072515781260773 1.0
11.621118765459869 8.758738556154436 0.0
2.6783907898742623 14.581818021209074 0.0
11.086812423722346 15.176638989023004 0.0
-2.712438340909143 -7.341219188647104 0.0
10.332450537095848 7.9352933426779 0.0
27.742288735136384 1.011543132712678 0.0
8.140151221405192 1.0664419830307188 0.0
21.468649899624605 19.88408141212302 0.0
-13.567958247576254 1.2266380074282135 1.0
9.994322021070364 -0.10282164892274764 0.0
-10.404875430964386 -1.6445392753964154 1.0
18.396221918874836 3.533626788120719 0.0
11.557437626286907 4.6436928482802795 0.0
0.2959344254132968 14.209825440323243 0.0
-18.2509115870192 2.0319027910579965 1.0
11.738009210844538 4.677073088167857 0.0
-3.3262818691437954 -7.985258477642622 1.0
-5.739903692424132 -15.388019063626471 1.0
-3.7102767721968135 -12.361947452783577 1.0
2.596953403526276 -11.203412174653558 1.0
11.652463348711095 5.093163518034042 0.0
11.343019953752087 -16.87592499883392 1.0
16.028954834030205 6.493369742887792 0.0
15.385986702581464 -5.292063276418835 0.0
12.241359322976193 7.322623504167918 0.0
13.310022036954278 5.612105983264843 0.0
-11.967863288462594 -1.867734548877894 1.0
-3.8291816171125372 -26.704149565694227 1.0
-2.3835356277345063 -4.438338607413958 1.0
-19.431969985695215 -9.68147256700115 1.0
9.978153752271671 5.231833820504226 0.0
20.63002083584985 5.3923923770520155 0.0
6.432752790497023 -15.650267329826157 1.0
14.843933439600342 8.63600993697833 0.0
17.974474199982993 13.204302362930473 0.0
-13.308543899841958 -3.830785729038195 1.0
9.275377333741632 -1.2764157424173068 0.0
12.480240162505849 9.889555558871475 0.0
12.561909348490715 -5.269035437391719 0.0
29.420863651822632 0.2594979485227721 0.0
17.131637932984265 -3.5240277296972775 0.0
0.14003934655374972 15.758523103542686 0.0
-19.68380876657684 -8.055073152463368 1.0
8.250681596949674 4.453128070348359 0.0
9.12886695429094 14.650400314933124 0.0
-18.163041230265268 -6.15066898432561 1.0
-8.527088709430394 -19.465149841879636 1.0
11.79427495155227 2.7113551057084537 0.0
-7.251407866102989 -10.433356884274685 1.0
2.9343762225524097 -13.48850862519939 1.0
-15.640745494238978 2.048795790227549 1.0
-5.29029500074861 -9.692266350381209 1.0
-13.077877464206006 -12.926098870361006 1.0
-4.146786085477324 -7.781460502964828 1.0
-16.706231496130577 -15.676331659642578 1.0
-6.1358095007393265 -9.402490077892708 1.0
17.099668374483915 -3.3945238466635126 0.0
10.952641329890055 5.01783184890271 0.0
2.906485584126571 -8.9413786050748 0.0
-5.262707023554713 -9.308027163928104 1.0
2.573508245392897 -18.186204643213003 1.0
0.28421333796034953 -7.944546063073748 1.0
11.009082705788462 -3.599257682359719 0.0
11.83366212869662 3.0609348447568316 0.0
-5.266247860577041 -9.640281379249334 1.0
-9.429570950859578 0.18824793065799483 1.0
18.70269446963766 -4.730147204165476 0.0
4.777975012264141 -2.324687873863735 1.0
38.16137995488127 -5.4789621347557524 0.0
8.543221874351513 7.716237403463028 0.0
10.337796099850472 5.4654484372803 0.0
-13.911964995037541 -21.638342640094645 1.0
9.944510013449987 2.526488406033241 0.0
11.298756405814423 3.44054016212968 0.0
3.640754330933404 -11.663575912562747 1.0
9.805743126850464 4.134743981901783 1.0
9.375851025507556 4.622430381250524 0.0
