8.466032748777296 5.288053432434781 0.0
8.208649153960119 -3.0289421777442436 0.0
13.502710579801223 6.0752816194807595 0.0
20.71517657556278 -8.281849715489933 0.0
11.921646033736756 1.7635995541872589 0.0
4.582523861164831 -25.09423996831815 1.0
12.854215933240937 5.245783231310289 0.0
-5.113911558275879 -9.787579433432644 1.0
18.455577466225538 7.031598285810187 0.0
-5.594267460328718 -9.549328965977814 1.0
11.733944189763609 6.818488920204658 0.0
6.706426238717908 4.242377237195594 0.0
9.111438755029036 0.8187467244990734 0.0
0.8558631557278902 0.039360202406525095 0.0
3.5851134347029348 4.286560800130976 0.0
6.085696655498392 -1.4027308875908244 0.0
17.69114146787398 7.530304857727739 0.0
5.52747855019882 -0.6288089386856335 0.0
9.211466738556412 4.103630565612609 0.0
7.8453767449265746 -2.450981052544779 0.0
6.383715519211109 10.235728124347432 0.0
-7.351089889377897 -8.805583541037484 1.0
2.956502746044559 -10.785777482964733 1.0
-11.225563622568679 -13.298850241205567 1.0
-4.279264807866649 0.284077678547996 1.0
8.031611029375878 -0.057697726208355844 0.0
-7.908381960249777 -7.9842760990578645 1.0
-2.9896830395276153 16.09802168467456 0.0
-10.69885083456413 7.220433659337175 1.0
16.396542450991998 1.1679171449387198 0.0
-8.728253461649569 -14.953624311175021 1.0
20.410752144814307 5.295230148437509 0.0
6.324288400246056 -13.141928108391603 1.0
-5.877444428016662 -9.250751060809819 1.0
-19.280537378303407 -11.872130196798254 1.0
-5.653207941451507 -8.804555464608322 1.0
-9.505566189855616 -7.799064072226696 1.0
-10.533182346081311 1.1687171238936023 1.0
9.986153841518636 6.992458813711947 0.0
-2.051030800031165 -0.2059511439334916 1.0
13.37873794655274 6.728960076393153 0.0
10.98449583273896 4.029598274059634 0.0
-7.99820580909025 -6.920075639236199 1.0
-6.7462477136617744 1.565885417928446 0.0
-17.176278573155415 -12.364319913337361 1.0
-7.152053373445208 12.091960592312601 0.0
-10.648998473850932 -19.914882069857658 1.0
-10.238749452286143 -9.67318542646361 1.0
20.21664883630523 24.756674394618184 0.0
18.702990487795844 8.395904271586824 1.0
-14.759390788134114 -20.683153911289722 1.0
-6.712153186880942 -5.606702186357966 1.0
8.930412663501786 5.021647395076675 0.0
-4.437660378817303 -10.75640529115772 1.0
-12.857188894643077 -4.101724314044161 1.0
-4.958645964431355 -10.157819697534919 1.0
0.7470079308596733 6.7468790456351115 0.0
-3.5552862662062874 -10.190641670960588 1.0
8.010870785394273 6.741254547789495 0.0
-15.868853464673837 -1.4163117150659015 1.0
2.6099909127435454 8.370608812201562 0.0
-6.4076095674173175 -11.775773298746117 1.0
3.321862431987279 -15.555278874919836 1.0
-11.924503366413429 -9.960310333800958 1.0
10.032694023206265 7.3104447479921015 0.0
20.92397502677903 1.8826697215834378 0.0
17.179075361405413 -7.8027525278707826 0.0
-5.4616536277218515 -9.603249559963762 1.0
16.130742725225893 7.791069610784435 0.0
-5.809690618765241 -2.880811599001442 1.0
9.647137673046174 7.077139834092531 0.0
12.112161689760852 4.6131181391524665 0.0
-1.6944392114870963 -10.112383292203045 0.0
-6.3747726783786485 -4.751778489934889 1.0
0.2810807893723686 -15.608331365290866 1.0
11.540621982473464 3.738028072045076 0.0
-9.678881213127442 -12.277718436473366 1.0
1.7871449132139408 -5.692661362210809 1.0
-6.874303058538291 -10.081886498883089 1.0
5.754131605411372 12.878765456903253 0.0
11.243891996471472 5.125803206275704 0.0
7.03247924246525 5.825196276157548 0.0
10.227671104896746 6.276986689357138 0.0
9.656559724645996 5.9395464729089795 0.0
3.397665040608764 9.890584632016449 0.0
24.213240617732374 5.962229123162432 0.0
9.677355545690899 4.302096480970901 0.0
-5.009980107549589 -14.540328793689856 1.0
19.40196654382178 14.536901139553736 0.0
-10.803643043212574 -16.5030016314589 1.0
-8.515502295364591 -11.396405195597564 1.0
13.833742263869526 -4.476552599345782 1.0
-15.867754339827966 -1.9506149379090054 1.0
-10.644883033193981 -14.60233425247727 1.0
-11.986172090031566 -15.007063972380296 1.0
26.165223580526614 1.5736137086389725 0.0
0.6538120090479778 -3.0580663882837538 1.0
10.498651493549824 9.413284430418651 0.0
5.408000335215336 -3.1959076524859853 1.0
13.222633996914618 11.167754278234362 0.0
