14.529477185259486 -2.250993973676384 0.0
2.641174104900509 -0.5658385865465276 1.0
15.702300669793932 4.564756449877637 0.0
11.805785277376962 14.612864792868955 0.0
-11.47002338333975 -14.067463058240628 1.0
12.33997515411822 2.0288968946760253 0.0
-1.5280929821877867 -7.9931749633011515 1.0
8.684028712494612 1.9161675062380281 0.0
-13.25203592745114 -25.398624432976753 1.0
11.578936113760806 7.378028459885312 0.0
-8.193941294982517 -12.000212454730594 1.0
16.632151851376445 -3.9545972437000456 0.0
7.659296879911103 0.17987172152053726 0.0
10.327856573530855 5.083907845448004 0.0
-0.43452130147666557 -19.571959988008793 1.0
14.239795388410954 -4.358695931853857 0.0
0.03866145074286148 -6.010015812242469 1.0
19.04015789943695 -2.228142227400809 0.0
-5.3517807574837555 -10.002941217964281 1.0
24.75709261080714 -16.330998295391048 0.0
-3.3652247227719103 9.226107190010245 0.0
-12.285012880817943 -10.88534581255329 1.0
5.742981247053402 6.712049148410396 0.0
4.537471349516361 -6.1929272711685766 1.0
-2.5516035886715525 -9.360296442505703 1.0
6.509284332191712 14.522894882787158 0.0
-5.21423809187427 21.97152227254375 0.0
-24.194201832342827 -10.529202913642088 1.0
10.391146461342823 -11.627119618596245 0.0
15.868966377896903 -3.651662486317973 0.0
10.04259525884801 7.200847633408083 0.0
11.524880181595544 3.7584682778650667 0.0
-13.325986026008355 -21.88275113379406 1.0
9.244863975664837 4.098267268006937 0.0
-5.489783589205284 -10.047415492326945 1.0
10.074618407664829 2.486481765297721 0.0
14.754462231217262 0.5147258024197046 0.0
-10.584376145175137 -4.887405405212755 1.0
14.291412323126583 1.8890289508047569 1.0
7.786716227556051 7.450269555669172 0.0
17.826349067527318 2.51337323202525 0.0
-4.365012675436778 12.393269594267856 1.0
3.3755302298561842 11.792475132927756 0.0
14.242772452859697 7.013050895417456 0.0
13.001987403877848 9.915947391296204 0.0
-6.34745547598594 -7.346837290515904 1.0
-5.68334586135274 -10.053704041716305 1.0
9.201944984157153 6.4648057823327765 0.0
-12.769420087924093 -7.183574818367452 1.0
3.7660030685385766 -28.576775788996056 1.0
2.298728678990347 11.763032277729014 0.0
11.846327176887634 2.95773325958949 0.0
11.57789423372771 10.394117581491045 0.0
9.232386674780235 3.6573960178343023 0.0
-11.549432229156126 -9.696896800414393 1.0
16.075097567386194 9.994315553233456 0.0
24.034692080398678 21.233485746108908 0.0
-16.014582501076873 -19.57849312605996 1.0
19.13128111486333 -2.8469675498706675 0.0
-0.8272928238544197 13.864589795945163 0.0
37.894938746492166 9.647608571307952 0.0
-6.926619105827427 -4.006842846217537 1.0
3.647657535272994 -8.130930447662102 0.0
-16.011468316916165 -2.996076867992712 1.0
0.9677073062221303 9.822854557914681 0.0
3.3689990566632835 -7.959610673458805 0.0
0.8374456914239431 14.293844410930724 0.0
-5.5243608536953275 -9.506127217852583 1.0
7.372141166710629 1.2851182764553337 0.0
-11.347727361453428 3.8179395586887734 0.0
16.227507627432825 -1.2196886875620263 0.0
12.41186550838666 3.0194121937176917 0.0
7.72413142711808 0.9095660246978138 0.0
12.663824202482305 2.9085082133413573 0.0
-5.097749545655821 -12.730662818864788 1.0
-4.059026995846238 -7.390015381860426 1.0
1.5296905201916444 11.970010048063624 0.0
15.014609164810883 0.704494425127741 0.0
9.092746207555233 6.596749081479555 0.0
-1.3219300336258366 7.801188340026498 0.0
15.404919948594152 10.014365511942342 0.0
11.255311929998248 18.426349708919428 0.0
-1.4100332786137615 -16.362980605087344 1.0
12.374339573668154 4.0048437086243505 0.0
-10.84158437174338 -1.0857581834112706 1.0
7.786280823053501 -3.228203513610017 0.0
-8.610587183429633 -20.651180532647007 1.0
3.0519387903668096 -17.61394143465074 1.0
10.882055449875107 4.02156446002583 0.0
6.839399535715608 3.742580656890648 0.0
-5.424081649739605 -9.709452474918882 1.0
26.308099601643374 -0.6069388310355552 0.0
-3.7847464917433693 -7.918407602228268 1.0
7.924015381428292 -5.294541761516615 0.0
-3.6119261167902796 10.324132967278366 0.0
20.127526829927326 12.389024508617132 0.0
9.73436140536776 9.233396463083459 0.0
-6.985691619010311 -12.248552110241095 1.0
14.739235949414532 11.025308096621597 0.0
0.8776087423611182 -6.181896586104906 1.0
