4.804229397961179 -4.343198675180568 1.0
8.69325406092562 -0.29395132783508493 0.0
26.167306846857645 7.2890939233919525 0.0
-9.066229528440108 -3.0565871461113288 1.0
2.307749655059223 -3.0500818619557295 1.0
-4.6571589047790996 -1.3293118886232795 1.0
24.825250619186647 13.863781433416714 0.0
9.693207898096148 4.104810276750813 0.0
-1.7659727244981247 -9.916867160021082 1.0
12.78786072768158 7.896975683769003 0.0
30.179561175593193 4.030819383434238 0.0
-2.001961343698834 -8.838426016156212 1.0
11.800898215285132 -4.723508071882883 1.0
-1.327222178183607 -5.794121092845373 1.0
-13.224573183372032 -2.278415378508139 1.0
3.786470256716155 2.815798360908211 1.0
13.79165158681191 -5.271398507928674 0.0
7.263199270967097 -17.78292523778538 1.0
11.016656040884437 3.9731735826537014 0.0
2.290029323444367 7.795048541486281 0.0
-3.9529165549844554 -12.072429258380136 1.0
13.25395919160361 0.5159181094575015 0.0
5.209906574385513 -1.726929797922843 1.0
19.466343973491796 8.048733278707424 0.0
20.239086633873185 1.5375152576933206 0.0
10.665916677275503 3.794361167004883 0.0
-6.052898972951485 -20.53586785392736 1.0
-5.187503819010538 -9.340482760633968 1.0
-12.441487839768326 -25.522807954948924 1.0
15.336977174322236 7.124277613745162 0.0
7.781505408317338 8.503222600098939 0.0
8.320610656445545 -1.0731387670205312 0.0
0.1577376137577474 -5.244282707092765 0.0
10.525237084569218 2.7742032450601934 0.0
-9.59554531820485 -0.914420089424246 1.0
11.332871288072685 4.317950122584572 0.0
-8.384533203698027 -8.47167550585775 1.0
-2.341597100776193 -9.33666044210724 1.0
-10.327013432645169 -8.50846649214214 1.0
-26.63208454455391 -7.751108003758872 1.0
-5.613119182261341 -20.067173452908495 1.0
10.732870152920686 -1.8439566535443137 0.0
19.708925365906687 2.8625808721448776 0.0
14.315441624418026 2.074620923881719 0.0
-0.7260277990323277 -6.9150503265393475 0.0
2.61884314465346 -12.770867012322986 0.0
8.460328054882483 -19.332293177569134 1.0
-1.337269951307663 -11.528898851321973 1.0
10.582206762967282 -5.869217221377641 1.0
10.027314152447806 -2.6574243436375373 0.0
-5.159386383769273 -11.372006844366105 1.0
-6.5460362565556895 -3.040091600966149 1.0
-7.805475709066289 -11.304522976277205 1.0
16.851087378247623 0.8122986722419647 0.0
13.635203017048992 0.8223726809113387 0.0
-13.21431139981067 -11.62610051661414 1.0
9.132739390508213 8.061351999919964 0.0
17.75983432770715 6.052193895425447 0.0
16.105086094164605 2.2614025221031224 0.0
13.998106000091507 8.169233053426678 0.0
12.788467726451053 20.944596231776455 0.0
11.182061281102019 12.342360488623841 0.0
8.891649814954272 8.504129001251371 0.0
2.9253120195021163 0.2463724424526706 0.0
11.832094104941083 3.35781283119909 0.0
22.12765879294914 0.39279341644708676 0.0
-0.614447999922684 -13.082750772996523 1.0
-8.404674078068796 3.8384212926667476 1.0
11.308490183725045 -0.9586735061818954 0.0
6.883358670818474 -1.4811075742757223 0.0
-5.332808349510351 -10.375723866857744 1.0
20.38749403046615 0.24932357522450418 0.0
-1.8027562240815818 -0.336684819881328 0.0
9.70030984859307 6.192787300214822 0.0
-4.313934338160049 -11.567187146161249 1.0
4.940906603694607 0.05570822397882813 0.0
0.8410580256551214 -10.785572334122202 1.0
14.616116562960594 -3.2374987270113857 0.0
12.168268465738231 -6.571364104823084 0.0
-5.748398026074703 -11.582964541648465 1.0
15.659693094756115 -0.4001604856557756 0.0
25.526888458744033 13.845740247226567 0.0
7.989339663074102 0.9104808955932555 0.0
3.9816381617444745 -0.3812002847138368 1.0
10.748820686141052 3.7201672740653278 0.0
-12.517333379488699 10.44879582303787 1.0
0.8535193725610879 6.949105934868311 0.0
-1.3943949695757536 7.500232814588206 0.0
5.142918702734826 2.150845424770661 0.0
3.414431819761169 -3.372637209178477 1.0
-13.538741210863323 -9.41782298096484 1.0
19.066092054838908 10.294930210760544 0.0
-12.127878280592597 -10.810967519144494 1.0
13.639654023024613 0.9236465812788964 0.0
-5.313193079127146 -9.742646146122796 1.0
0.33251409279926425 11.000358415511913 0.0
20.444941025458974 26.651947532810468 0.0
-8.732101024324756 -5.265003771812935 0.0
3.0945892949504112 13.072028466703587 0.0
-5.360154448293589 6.115161832740218 0.0
