3.311742593828557 10.534135062411494 0.0
9.960926000243898 2.360777124011437 0.0
7.987176498787733 2.675293195933605 0.0
-16.76481424922723 -5.602450654561537 1.0
6.917911824483519 -8.86210563907788 0.0
28.112759720979334 10.698734538241853 0.0
-24.422512140160347 -18.199141996030413 1.0
-10.769905619569558 -12.61372471727193 1.0
-0.04505279060197987 0.1995341994657786 0.0
19.863692362909635 5.735270633150507 0.0
4.2614999624780685 -3.0643558526177053 1.0
11.962699958547882 3.173966970012367 0.0
-11.99139142134898 -4.27528104642262 1.0
15.816879873429885 0.594713750441298 0.0
17.083483423033748 6.742954075820085 0.0
17.955616302757665 20.261496178319057 0.0
6.433859077812291 17.50587926655633 0.0
7.473119377297801 8.198270043065925 0.0
-10.946025206682625 -0.1649696970101577 1.0
10.79401823769319 -0.8558177702122011 0.0
-3.5860162333416343 -8.464657435853667 1.0
6.401503310457597 -0.31324067742588274 0.0
2.043857393855727 -22.787488822920366 1.0
0.05550419057450795 -8.635568659401088 1.0
4.468914985922772 2.7601676214194835 0.0
10.913735218063882 4.170285569418104 0.0
-5.39662537571487 -9.938779860372676 1.0
14.229509659354827 1.9457934907652825 0.0
-5.589665129226814 -12.36594603433034 1.0
-12.282911541392824 -0.9968745421199504 1.0
-4.186969511107125 -10.72797511579551 1.0
-0.7804763910803615 -15.688062988547616 1.0
7.113692907985977 9.299008505097026 0.0
17.544224432797325 6.669241616978611 0.0
-3.160072380316702 -20.864177102895276 1.0
8.304265199602836 12.698876835735183 0.0
-1.941092320541864 -31.712952704496423 1.0
15.09004724604796 4.755589295764625 0.0
0.960915977084543 -13.509747852658407 1.0
-2.051999985335826 -12.597149213423418 1.0
15.679367207720123 -13.45792064302576 0.0
11.086786436952776 3.8407259568735044 0.0
13.767421994492675 8.141503174259375 0.0
-4.752211421134893 8.392719707320643 1.0
19.80101960694227 11.19101330886394 0.0
6.987645700590601 4.082714885564466 0.0
-4.19087370772988 -9.28676683892945 1.0
-2.084977132366196 -4.435138827177349 1.0
4.268764693081308 20.518320152233038 0.0
-0.4347253884833274 -5.111018379426159 0.0
9.438907026608037 1.897956487697218 0.0
11.491026396503612 0.29380643471224593 0.0
8.091358595984914 3.0760592977765127 0.0
12.706731698263756 -5.355692065753406 0.0
-7.2609841654132365 -14.889037659550834 1.0
-5.812976101423869 -11.73374692179503 1.0
-7.9215752310622465 3.7608944094415584 1.0
11.376818845138184 1.177953065660327 0.0
-3.6728427175534866 -18.24659975489144 1.0
19.59661078458592 16.285214260415913 0.0
8.407222026761538 0.7957465993003537 0.0
23.13961013204619 -4.412404762980946 0.0
14.834429714322413 -9.685647200403483 0.0
18.66859689347134 12.490809011654253 0.0
-17.366198769535313 -11.670912455333976 1.0
12.17635068368452 3.1631473900468423 0.0
7.670853157295036 5.167737073127156 0.0
-8.126646320383426 -14.0959350617259 1.0
-1.1172208570691766 15.07318466473815 0.0
-5.632645665337471 -3.6497376196236617 1.0
2.3789386865591897 22.339108010011238 0.0
34.216174582307836 8.123879509652395 0.0
-12.482155087613286 -17.123814126743742 1.0
22.665058686196748 19.790604517123768 0.0
16.637974970907006 -5.99739686833885 0.0
-17.020613818787975 -6.714701405242953 1.0
-22.37963076053469 -12.90902296820922 1.0
2.6127540197800556 13.628167282720518 0.0
-4.645912068814485 -5.515888495211426 1.0
11.500359724359798 4.450514171752854 0.0
-15.718861581849852 -13.65574138813314 1.0
3.964250953901728 -13.219607520141235 0.0
10.056660590341508 4.244097404577273 0.0
10.910141820918868 7.985086053469823 0.0
3.270724635243658 1.111182672991005 0.0
5.729957444225727 17.86066837211755 0.0
1.7570049555013838 -21.60081716537999 1.0
10.061437323335737 4.948109376858143 0.0
26.57024429074144 5.202327082231857 0.0
-6.435800638652184 -11.14783988456996 1.0
25.442921822838084 2.2029239134701712 0.0
7.446385025712281 -2.19018210291965 0.0
11.312226446758459 4.1336070669993 0.0
-4.403469780869972 -20.62066977200758 1.0
-3.789973962170209 -2.491448672066118 1.0
15.331404438933786 6.751317235818924 0.0
10.829786664306159 3.984521932260687 0.0
14.119966629378863 0.9055234465145027 0.0
-9.970915313312956 -6.786780201880998 1.0
-3.4848399342894747 -10.585146790569004 1.0
