-10.785371402723836 -6.67874390221652 1.0
-11.851788814014249 -12.586476242742322 1.0
2.750981049161135 1.5248000477621255 0.0
-7.550537062443274 -7.993587466126279 1.0
17.82912281838404 -18.1387532906933 0.0
-5.282545500612187 -9.723737784572574 1.0
9.486881033722288 0.5056351615523692 0.0
4.688059286340172 2.3222420309825815 0.0
8.208539929664013 -8.570964572132468 1.0
-10.869058952725975 -12.047673484375133 1.0
-15.529833606298384 6.18090590841948 0.0
11.125865810989264 2.7310575333558886 0.0
6.897695709064581 -3.7940190890854844 0.0
12.774977740958118 -7.447706033303662 0.0
-6.148294648365825 -9.000195905068944 1.0
-11.353334953016432 -15.426594709701138 1.0
7.795714262676249 0.6802717403524958 0.0
10.067036075839052 5.931489023203264 0.0
-6.39647147858588 -13.590308240839253 1.0
-21.203654921234268 -4.970841797570804 1.0
-4.215366354145428 -4.0070797706584536 1.0
-8.828496144513649 -5.163146231511976 1.0
-5.339773889148491 -7.914652599247453 1.0
-17.75868198333746 -6.236880069075451 1.0
10.240291627609954 8.736829295911424 0.0
19.603430419504 -8.29278746565022 0.0
18.718682624347185 5.195468744047508 0.0
28.847537727352222 -6.074503537275359 0.0
12.906757176853942 3.211705367367196 0.0
-9.275521756209688 -30.21313352852321 1.0
22.601639726269994 -6.043832540400746 0.0
20.061978258192507 14.825602821493693 0.0
15.500635161056355 7.779392746054095 0.0
13.751803175162713 7.446661372157763 0.0
12.068872082104106 -1.8130405336302675 0.0
-0.8299408965190866 -13.51351863891945 1.0
2.601271608081121 -2.96114494145728 1.0
-16.69033833640755 -22.424332356871925 1.0
-14.997544000092322 -17.42581655817933 1.0
10.981770117745478 3.663995188093235 0.0
-13.521276364953192 -13.93086372623258 1.0
-3.659151278876785 -8.802881449345819 1.0
10.485089662929422 6.028648082987724 0.0
7.150143987541555 21.29373483270576 0.0
-17.471349871474356 3.2686333216025676 1.0
-2.8792602236671025 -6.698185630245834 1.0
7.757492414399026 1.4040483367594705 0.0
-5.460296663239919 -11.54742514662789 1.0
16.221992467997126 0.9850086233853215 0.0
17.108067710016126 -0.03173970673849835 0.0
-3.2121617428768694 -3.3159418541853793 0.0
11.67336103646104 12.558615643817854 0.0
13.448194072419044 1.701385665024025 0.0
-12.25079532189299 -20.987756698333506 1.0
-26.330868150688275 -17.603903525242874 1.0
16.685234182255122 12.052399887453582 0.0
13.773162810462425 4.871523946980602 0.0
10.914356631590785 3.143736696667601 0.0
-0.4890099262854439 -14.377385051609927 1.0
10.959466075140316 4.228540067710519 0.0
0.773413548528106 -4.46030372406857 1.0
2.2337766821901743 -14.144271516120217 1.0
-5.543335923715472 -8.718160277964406 1.0
-11.579163901645353 1.2071556471462235 1.0
12.457358659192453 3.8435052806745515 0.0
24.443752277414486 5.775201719536945 0.0
29.6898533289084 -11.949220012976726 0.0
-7.0953220107395625 -5.38598679207551 1.0
18.338032039994314 8.596241334205144 0.0
21.2820981577268 -6.783765502311898 0.0
-3.23360875636531 -4.286011213315872 1.0
-4.142693086430743 -0.9826499532564879 0.0
17.003327339458696 -9.801068074336113 0.0
5.383005893213287 -2.171030819954782 0.0
-1.7126569019749005 1.1737059178835423 0.0
20.455671764760204 17.95224792844286 0.0
5.691406670349126 9.743589242671854 0.0
13.378489350633917 15.879743865734659 0.0
-10.364676988648524 -7.965478143628168 1.0
12.468731489014681 5.077119440994456 0.0
10.769082303848071 2.9319199169534826 0.0
-5.497936477152279 -12.962465412052307 1.0
10.727665799726015 3.4751252750442623 0.0
0.5533044855569278 -21.97586245220205 1.0
-18.71251258464049 -9.200787332644884 1.0
5.718224314337508 0.7972863436293642 0.0
7.589068849331564 7.385614766308094 0.0
18.465954928759416 12.435870004125416 0.0
9.026579448196296 1.8518065585204575 0.0
3.122737638602577 4.886573278372383 1.0
10.548546080550356 1.7382079009038338 0.0
7.547575127854955 4.476159435242222 0.0
-6.553246587877808 -13.637412968166302 1.0
1.5405204180949132 -11.562783604019161 1.0
0.44986201821576366 -5.376165161897823 0.0
14.468523163888143 10.549614075680227 0.0
-5.199588951332479 -12.435234898875597 1.0
7.715481835180117 -6.3357466413327055 0.0
6.453520532968308 -0.40628171788213263 0.0
-4.399864483369822 -10.343986969376493 1.0
