13.963914766624459 8.629576946617583 0.0
-0.42786381781681426 -10.426586894254644 1.0
-5.417089680122724 -9.703980115779734 1.0
15.537192030000682 3.8617536000624835 0.0
9.143500329816552 1.7628073053995346 0.0
-17.56518138601942 -20.152224041091937 1.0
10.893517474801124 12.76940025353645 0.0
15.366179353438493 -5.971278881936841 0.0
3.6135420011740536 -24.430477108035063 1.0
-14.555823026186083 -0.608576338188282 1.0
-5.104944753271535 -9.55582860880773 1.0
12.046547281352895 3.9707495393255705 0.0
-9.096113252222993 -6.711474774489096 1.0
-8.852711352631271 -0.994191700585696 1.0
11.975419577128418 0.1961829039786961 1.0
6.6242729416419674 12.418588619505517 0.0
-5.900083143418168 -13.311948164367967 1.0
3.668377700096842 11.921503408371285 0.0
-1.3910553927539089 8.469799820194726 0.0
21.614373394428828 7.501722439492059 0.0
9.65226255033064 2.7947043881426223 0.0
10.935512814077315 5.037306536011591 0.0
9.386948425757838 3.1945638076189438 0.0
-6.676830159587544 -8.788223862646003 1.0
25.907522392098144 11.791649216893159 0.0
14.51024108798034 5.832568847501116 0.0
-0.8534452563712008 1.6805965118853567 1.0
-7.299897597284849 -7.908226442593564 1.0
15.376692882599826 -0.07247680591753236 0.0
-6.794131810120539 -3.173916833153966 1.0
-11.887336386654479 -0.8708998494730592 1.0
19.91857195148485 2.4841618819096576 0.0
-9.052983319850773 -10.96696928530899 1.0
-2.283783627462523 -14.003501475331811 1.0
9.476456085038784 2.117209119170894 0.0
-1.9474429440110903 -21.745774861039653 1.0
20.013683808877985 -3.325463834978412 1.0
4.784721896176404 11.856506492761138 0.0
11.154392359503944 3.469557806370308 0.0
19.044293868718864 11.381352250209833 0.0
-5.4243424435767915 -9.832014423104363 1.0
10.477773143057563 4.124304670462816 0.0
-1.2111769904995517 5.9745271743100785 1.0
5.177863106939194 -14.76187306983862 1.0
9.845507340371183 20.600686753113614 0.0
12.451941065270027 17.2614551653104 0.0
18.815442199755367 6.999204692628543 1.0
15.402739168762153 5.203125782239259 0.0
-5.982621357992092 -13.773991303299967 1.0
10.887564140860166 3.8421467523667427 0.0
25.48736813903682 21.6683082420131 0.0
18.107526337343252 -5.7912241641587165 0.0
3.032052827570166 2.6714792274488848 1.0
-6.34419445521801 -6.126460352732069 1.0
11.350159388463563 5.996068171331707 0.0
-11.592865435100535 -5.592915720394127 1.0
13.084323829151266 9.847838336134709 0.0
16.300872733225948 -1.2634757105021743 0.0
-17.74725278237285 -11.987307097530838 1.0
12.400351302971453 3.5871050208930906 0.0
14.13099370320405 2.644328917540231 0.0
3.3304572522506994 -8.13865809581146 0.0
4.002578580959299 13.628856722026347 0.0
16.89626504158109 9.907344002269774 0.0
-5.459773707963138 -8.794383445414619 1.0
-9.004167475809513 -9.376138229282118 1.0
-8.307512618393481 -13.89553673151021 1.0
12.630048792869975 1.9512082286853447 0.0
16.845089908469156 5.591613860402992 0.0
-4.638154340372578 -10.022704278298242 1.0
-5.222282505638793 -9.611841600501878 1.0
5.669915798468889 4.635987197526829 0.0
11.767487433116202 5.99894824799147 0.0
10.780303288509902 2.997415410908381 0.0
-19.43651261181609 -29.889310142746574 1.0
21.26556747442438 -4.449231927912505 0.0
13.461335132890921 -1.9331485222261304 0.0
14.302014873610778 6.824546455333939 0.0
15.505040431796335 -2.2577430944148533 0.0
2.4054871374799442 -17.779860150512114 1.0
-18.638903483053376 -11.33868612267877 1.0
5.454304800336624 -39.07646036421904 1.0
15.15544506811469 -0.8295821665780201 0.0
-3.3971211406353707 -10.106961409231019 1.0
15.679516983196347 -7.333211412600678 0.0
8.628867517893262 2.8526767223906675 0.0
2.8611945934707967 -6.910090985979662 1.0
4.659237555028267 2.070054857013271 0.0
1.5562216900688186 -6.811624735650703 1.0
10.885365437871647 1.1807051087587457 0.0
5.155412380534139 -18.590158186724597 1.0
-2.7621778993944375 -6.993674460559156 1.0
2.9063910245167457 -21.54517971712593 1.0
-9.428866902253295 -12.80650541632202 1.0
-6.161489523712539 -29.212978622077454 1.0
-8.882443541173084 -9.141174740611893 1.0
-0.1578014957958418 -6.963519296328906 1.0
12.726218157392694 2.040606549179387 0.0
-6.64039261659884 6.598489701843678 0.0
-12.577339963011418 -12.968777880181879 1.0
