15.992966948996926 -1.666945316343581 0.0
8.95143909594256 11.41121293582548 0.0
22.042551325255193 21.68712500395881 0.0
-8.41413408877123 -1.6532553179707135 1.0
12.966614425295136 1.2378890083395535 0.0
-1.372291599790031 -20.63947394123296 1.0
-4.979700445261529 -9.488025021193053 1.0
4.031150232395812 12.885449597807108 0.0
23.00053936061468 21.013534618068007 0.0
11.007335830459436 -0.20335374740370812 0.0
-6.140361423782184 -9.183513002683787 1.0
7.25996933216697 3.8709615875037886 0.0
-11.095603556134188 -11.797651091357391 1.0
8.734695796903384 2.250860828148622 0.0
25.305050774313067 13.232595974571947 0.0
8.549441056305774 6.087447797876604 0.0
8.632980639311178 4.085406415592782 0.0
6.394929029145239 6.673281464980725 0.0
-3.6560112198909636 -0.48325375561082073 1.0
-4.174320505958327 -9.366951324784447 1.0
9.688468733401157 2.9738618637170577 0.0
-0.6578537949213652 4.4494721079592745 0.0
29.771055706430722 -4.776811668990877 0.0
10.431477674695692 3.095585013601318 0.0
9.573913086972967 3.176447210725948 0.0
25.29505269477269 3.8193202918209797 0.0
17.285868233088195 25.64221928732914 0.0
2.6250625809315142 -8.331114317835572 1.0
8.95035217028142 1.8632432396011418 0.0
4.364223716451772 10.693649813400361 0.0
-0.45525542433183186 -0.1349626452560529 0.0
-5.4984083183979 -9.903208121571911 1.0
-19.00507446580191 -15.669897534712701 1.0
10.869507533073932 3.915176827833808 0.0
3.049031352264024 0.11786058045238815 0.0
10.059997103636848 5.494963145554334 0.0
12.185701038262302 3.080496655159087 0.0
10.73197411652898 4.201813422143301 0.0
12.964918339855384 15.912212319114829 0.0
26.01437155231421 14.345839024991477 0.0
-1.871462144006967 -18.225212772955388 1.0
1.831162343546043 4.113335357688033 0.0
21.35360133647315 11.850519160774276 0.0
19.01085477707889 15.147688833602867 0.0
-8.679498662295583 -6.088416871986275 1.0
-11.580981037429632 -10.530494179700067 1.0
-4.61275033378707 -8.919903719685824 1.0
10.73113041087407 4.077208502575453 0.0
6.804896766569721 0.17109328747278066 0.0
-2.619376977574903 -8.569715953717889 1.0
-2.151331903324636 -14.674312902935755 1.0
-4.475479636504315 0.3158916858794558 1.0
-9.97223390926204 -21.22181384386785 1.0
-2.144787389846628 -8.27196482605044 1.0
10.497369808733902 4.815431350437105 0.0
-6.318173347587049 -10.958781976981987 1.0
16.08194129642423 4.880202824166855 0.0
-3.5294036071034895 -7.508190486157392 1.0
-8.897470713365198 -6.188976060421716 1.0
9.38466415402732 0.8799922863042292 0.0
5.385361433167294 7.958842812940348 0.0
15.870276665821573 -4.50514096315074 0.0
-11.182587593790583 0.836035171624947 1.0
-4.656518966293842 -12.807654032212353 1.0
13.995888554726841 -5.122753872981994 0.0
9.441078154293423 2.3222559181001814 0.0
-2.8567105672020734 -13.459119948461934 1.0
-3.2964231662095482 2.6457056460697568 0.0
-0.9574141262081237 -9.128986755458053 0.0
13.172007031624151 -4.226373421250397 0.0
-6.279276706681272 19.930876350596872 0.0
11.258053124057378 3.708388184911173 0.0
3.299098613523013 -0.8223343701573549 1.0
-3.3870595493562794 -9.771475370747535 1.0
-15.303239729639262 -13.519371749657676 1.0
4.988206308730043 -8.409612626545709 1.0
-23.476330213513496 -16.136748890281623 1.0
-13.686449337734894 -14.549864827689529 1.0
2.6597652936394667 2.7394459403702385 0.0
18.37326430262533 13.912739857016277 0.0
-6.634263923266609 -8.182605903955402 1.0
6.859054599549083 9.960495231251313 0.0
31.291014843604042 13.577674300202657 0.0
22.431112976575807 -13.396261328754179 0.0
-3.1808405246100007 2.113335654286205 0.0
13.103357603930947 8.110405313082556 0.0
23.02924912123604 -0.2960044410427101 0.0
-8.742552153413186 5.879148238659874 1.0
2.655556305343807 -5.877711862983801 1.0
11.72694963316132 3.775623071293354 0.0
-1.4586839403878389 0.10224840653022428 0.0
-21.904571273989554 1.779497761636804 1.0
-4.000121089573089 -6.4965294725553155 1.0
-6.004328699064393 -8.237371183080164 1.0
9.448357702176851 5.239283081380446 0.0
9.312217409931995 0.10478578155015711 0.0
9.68822188959305 5.655091753485117 0.0
11.69425911678314 3.193156022381944 0.0
-8.437801199465603 -7.915660904905181 1.0
-10.838455810457203 -2.8594180759698826 1.0
