-5.098596142869524 -7.567892880065147 1.0
5.626525293507327 -25.196072571724507 1.0
9.819732795659665 5.897965743542136 0.0
14.487823787735808 6.349390197471186 0.0
0.017771275572728288 28.767098758163144 0.0
-5.532499472282896 -7.382990136792068 1.0
15.445387290209393 2.248263868389185 0.0
11.792691660539901 -1.087467490323397 0.0
-9.828074779516372 0.12974261909516172 1.0
11.271089295735663 4.029833450490842 0.0
-4.606105097345751 2.878665264723422 1.0
6.067633927768833 10.12214133451285 0.0
4.975489480769638 -31.818231569622537 1.0
-9.317330959029077 -18.455199689117276 1.0
0.17272314327934857 8.769378854540955 0.0
-9.675338915339722 -16.860473630825897 1.0
-12.12323866091201 -11.321705484021427 1.0
14.689827644650716 8.980340084032449 0.0
8.80909289431295 3.8985338032649857 0.0
6.80562139104621 5.899107077225889 0.0
4.2874616525584 -11.528559808780969 0.0
8.718846127385726 6.771165727591225 0.0
5.186037687893668 -0.19793737583959664 0.0
14.471362609221707 -26.565620177106254 1.0
7.042977103996385 -2.770404696973284 0.0
-5.970119148695745 -10.1785246909556 1.0
3.2133360275427054 -11.631446616821886 1.0
2.556503522611401 -14.918962758451501 1.0
22.197216944203973 2.8719257085182752 0.0
0.5408587540312743 11.913596331957402 0.0
8.511475826859737 -3.8546253366825995 0.0
16.31376288479073 8.579178612076953 0.0
-5.877283256989931 -9.914332617938847 1.0
4.138438236373998 10.734521342534398 0.0
0.7290223808098351 20.589220392721643 0.0
12.568793751546322 8.955198677767507 0.0
34.33736681096333 -2.0191612380798443 0.0
12.964502720920084 -0.17326089766926622 0.0
17.464134880666123 -2.6548815057025483 0.0
-7.335873086784262 -20.672056540834642 1.0
-5.330977603971878 -9.754174578514107 1.0
-3.3977258954014284 -11.275062525501793 1.0
-10.568648551002461 -4.315246619082178 1.0
-13.182230168367829 -15.687665341036304 1.0
-8.623708503250512 -10.9826682246463 1.0
10.596727712799678 3.645099504306922 0.0
16.972760218411423 -13.513043199699649 1.0
13.252395502454506 10.14177713507684 0.0
14.078314769806177 6.343651948558525 0.0
-15.976736088821795 -20.168018913261843 1.0
-7.705496851323249 -20.262932113238012 1.0
5.523738365777737 9.384071317153177 0.0
10.518891418686097 0.5764390755076528 0.0
-15.768076919212795 1.535109376668613 1.0
-1.2655362021296754 -14.713737792604542 1.0
14.540404701814753 8.459910281165344 0.0
15.21168144750975 9.455991878118148 0.0
9.404574794843999 1.5188104645301166 0.0
6.248738799449363 -8.805825461889397 0.0
-3.4725317697252316 -2.7591316576020772 1.0
14.72256873609673 6.721517989065825 0.0
4.185523257217531 -1.745195522233559 0.0
6.973022504928351 1.3374060230230203 0.0
18.699659212841254 -9.172686644485754 0.0
2.51183237444645 7.42218622100787 0.0
-12.11474465540336 -12.52235004453691 1.0
-14.41531732871163 -10.77658762038079 1.0
10.996368804361412 13.230898453057028 0.0
-8.266025404664132 -11.412839778774234 1.0
12.296623597038197 12.96468881258705 0.0
12.30470638660548 4.48139705812287 0.0
24.820941020494637 7.143515356725993 0.0
10.738401719113806 0.831878770874842 0.0
16.43330562085394 14.303214945824028 0.0
0.7292914376227135 -13.039746181469198 1.0
-7.284967557216509 -7.6187649148986045 1.0
13.643346143087442 3.191647490236097 0.0
10.95412348756157 4.741605616946158 0.0
4.664441476344141 13.872437924911686 0.0
22.646049231382907 9.472519790894921 0.0
-4.773274805157852 -8.306923338579413 1.0
17.206111371803917 8.041696161282317 0.0
1.9771429758032688 -8.770660258013818 0.0
11.474903498484737 3.3079072730632775 0.0
-3.8262294326100754 -10.378158196238594 1.0
4.403370386152902 10.271844622955479 0.0
7.001563078855119 0.03776687557591585 0.0
5.9949537008079385 -9.352291122471001 1.0
3.899416650532343 6.219762380430213 0.0
10.48355881531143 5.142903058862675 0.0
30.87962102252624 3.490019300959452 0.0
-18.72715914924893 -25.269002022296462 1.0
10.459060810093963 3.6936054466205235 0.0
2.0444410037524627 -5.892124870628014 0.0
22.025564099260105 12.859160182839886 0.0
-7.696111713244144 -17.934693145998057 1.0
-5.24244907293048 -8.077772321221094 1.0
-13.748472652775028 3.044523609802594 1.0
-15.085455057111893 -2.0571554995381143 1.0
-15.094028945608287 0.24478744680876852 1.0
