9.18250301483604 -3.063869182566526 0.0
-18.181531273092887 -11.484241509161016 1.0
9.023989626349646 -2.554104929141067 0.0
18.983120794608325 -2.713110889303045 0.0
2.0339717862981828 -2.1943851147206566 1.0
-1.6855374533132867 -6.203587389080068 0.0
-8.718127646308572 -12.788203824929097 1.0
16.577156591023016 7.82153534441443 0.0
1.5932906966609766 -10.349972207756114 1.0
20.211936248622326 3.3736518419797754 0.0
-8.438742916066166 -11.405631010063148 1.0
18.10814598292099 5.050247912821312 0.0
-5.932975230990278 -18.28764159301058 1.0
21.678933907199923 2.659307541397297 0.0
11.022687023061915 3.824641541792179 0.0
17.127725295521415 1.9406239100607257 0.0
18.435619108833777 -2.4172965225304726 0.0
6.547175111962928 -17.097817513833427 1.0
-7.358409954472284 -14.907075420950333 1.0
-1.2681588215268618 -18.398179475416807 1.0
-10.913726828056816 -3.250695852279514 1.0
-8.74287996647435 -4.770660068961877 1.0
13.368242185688379 -5.193271471778786 0.0
-2.98788098583666 -11.172541762991964 1.0
23.16660110195412 7.557442219737612 0.0
10.748532434147279 3.7106874868360133 0.0
-9.82359132337014 -12.000668625519761 1.0
8.89421838944593 2.080000852841395 0.0
-12.547538892758087 -2.865497136218081 1.0
-8.255176067665282 23.42526091924315 0.0
7.850391184562794 7.193252198842403 0.0
10.421503922565721 3.993432271443341 0.0
12.22322758893602 8.621623988706649 0.0
6.075776651724327 -5.202910160713948 0.0
-6.199412984077472 -6.828217212436571 1.0
-12.76271117176029 -16.86945974653545 1.0
-1.0098848430450418 10.568220190223043 0.0
12.628607002084552 7.283396285218927 0.0
-6.421172072084848 -9.121002512071147 1.0
-11.563315500834607 -7.829512295550565 1.0
15.384716026090606 -9.571139452576174 1.0
1.9832826617157118 4.168600459081597 1.0
14.52862702677552 6.876001771421912 0.0
-5.066765248971774 -9.855285613403113 1.0
9.52644868852201 7.7880609314120495 0.0
14.242828333839872 10.988940406601278 0.0
-14.120930191500777 -22.15861248155957 1.0
5.201614981532023 3.25279991323285 0.0
-7.767059392530043 -13.965993358515828 1.0
1.4874351968199688 -1.066388212754434 0.0
9.355454845264422 3.8771737820511047 0.0
4.53993320209029 11.370209880337931 0.0
-25.592980749887854 -1.6167799349655883 1.0
2.550594294061721 0.6124004550761286 1.0
19.13288800834472 11.537160067936682 0.0
-4.586550654579236 -18.506028796210924 1.0
2.0136519566359756 -17.447715851751568 1.0
10.04760507856881 11.945983529649585 0.0
9.668533811181367 5.560068400923932 0.0
-6.1861736054854335 -7.707507347824233 1.0
-4.160199073395329 -12.082815592814262 1.0
14.413225480549405 -1.173096437360353 0.0
7.008573494470309 -0.07461697228601905 0.0
4.901960344359564 6.32497011170414 0.0
7.512060133998724 13.289054312866234 0.0
-5.922207537432661 -7.162294509467363 1.0
-9.70752648430811 -16.13218652386039 1.0
10.456266538055251 2.26433565618506 1.0
31.030961516005902 -8.89089432505085 0.0
-8.155668325133975 -12.667003445117581 1.0
-4.150180937005155 -18.866799366271522 1.0
10.506637476125675 5.892599578712051 0.0
18.376669505370987 12.759501084635742 0.0
6.787317919484015 6.164655705082892 0.0
16.549869236669725 10.919865080938054 0.0
-20.999026446258927 -1.2151138687707634 1.0
-21.157496824426875 -16.548810564090804 1.0
6.804867169032492 4.932135060209149 0.0
0.16952449042063777 8.028263230091923 0.0
12.331011354245417 4.298314253484289 0.0
13.149066015886245 0.09496627319126205 0.0
-17.224271440945827 4.673947600646128 1.0
6.3842160867824225 -1.3843716698373894 0.0
-9.605908866041744 -14.87685777600314 1.0
7.618500499848969 8.562065444714833 0.0
-21.484500049633475 -12.774929431720672 1.0
4.951362703113989 8.133674497122858 0.0
-15.62034992402005 -17.00236244685131 1.0
-21.102635900934075 0.3070986545192371 0.0
11.955125056840673 4.644285585605717 0.0
-5.6468649156692425 -11.883077503744769 1.0
5.984067940883294 -4.525161874947819 0.0
5.487006511924852 6.80447682160978 0.0
20.713133178364167 3.250001846801963 0.0
10.30258138833855 4.370589542486302 0.0
6.830005525554415 14.556222428203071 0.0
42.222368811604554 -16.7714816200168 0.0
8.408911066351415 0.9739845862998445 0.0
6.32246402867838 -4.651372608116995 0.0
-7.0101855292041515 -10.19323358979279 0.0
