5.819918959518604 6.903975794364403 0.0
-16.399811152287743 -8.515488747949075 1.0
2.053359113298143 -6.12477981224077 1.0
9.034959075032948 5.2177155158190756 0.0
29.925842214726206 14.298141037828652 0.0
11.417672402358342 3.9004065653413518 0.0
-15.607017734286012 -0.8069830558316576 1.0
-21.034827977627067 -3.4506984564271943 1.0
8.121137159352896 -6.360648471311667 0.0
-4.93526690961684 -5.953747432710844 1.0
8.16589739509383 7.376461713150236 0.0
15.57054595400216 -5.872330106184837 0.0
2.469439263787886 6.591343446921836 0.0
1.158258621237094 -0.4230100140059029 1.0
0.5358916710942043 -5.427306477120666 1.0
-13.671840412812294 -8.250809764744803 1.0
9.482640579743254 6.098173286937681 0.0
11.621302624964523 3.52710945141536 0.0
10.839136339226963 0.2745537817777243 0.0
10.860230976020151 5.962795124954134 0.0
10.655798938453074 3.3512975899789113 0.0
-17.58292943387241 -17.679883835911806 1.0
11.016681132001601 3.6196232371332435 0.0
-3.268723435503604 9.63880180557201 0.0
12.255317884388758 2.904599338506863 0.0
17.45691914148842 2.368216583716817 0.0
14.291248513707279 -10.945339358982423 0.0
10.837324210577638 4.07393607658539 0.0
-11.753253918398059 -5.456172472680829 1.0
-2.072146568908122 14.551240450452294 0.0
6.523948097632902 8.38362810809108 0.0
-2.6000388169532656 -7.850859627128171 1.0
8.897422106820143 6.203699969897272 0.0
-1.0361752940658735 0.7461466918739473 1.0
-12.616867389076447 -10.771730757974245 1.0
12.461954984144018 -0.19341258796840566 0.0
-1.3232227808348358 8.635089163453141 0.0
8.341289712816703 -1.2586790287545184 0.0
14.126523077070347 8.867466828639472 0.0
-2.275879773083923 -3.1921578094928633 0.0
-6.7312144014236965 -7.71065524133977 1.0
-13.874198042286025 -7.672374435684313 1.0
18.788992238979773 1.0491253410440562 0.0
13.72008218482056 -13.859048135751614 0.0
1.2171269744077098 -13.905886268893452 1.0
6.673764445876453 8.42747256519797 0.0
-5.9020406981216675 -11.704188671769252 1.0
5.746193963461174 -13.846461226133142 1.0
-5.7765411027357745 0.557685020671892 1.0
8.5772636535107 1.5141035423334466 0.0
12.823842266754875 -10.10736338864965 1.0
-5.331590601000087 -9.834918824883815 1.0
-3.9064564197452354 -8.178093792347683 1.0
16.051818275707337 5.48410006546913 0.0
-9.307905140160903 -1.3571935696112853 1.0
-8.373111145799019 -6.8538336381929925 1.0
-8.524657561755713 -10.990076866463896 1.0
-2.7291425581952047 -12.59438089788281 1.0
11.053524928724048 3.69461428527851 0.0
-3.639372365629076 -8.758805905630654 1.0
3.4742270052932653 -2.2474958140446915 1.0
9.352380341986402 2.7645740689292424 0.0
-11.580394123055859 -4.091491181641728 1.0
9.128433838491187 7.013807331734878 0.0
12.752040031848539 0.8060263253703048 0.0
11.525163226361592 4.560585757947179 0.0
-13.632591501033673 -12.703287420202486 1.0
9.491350831621354 -2.6709244578466342 0.0
13.032957978390028 -1.8206504838359183 1.0
18.016548120678966 0.2321574307888646 0.0
9.790131271993294 5.718985339604524 0.0
6.93796491730289 -2.824399273852778 0.0
9.080652863054603 0.9826108102533648 0.0
22.204865589293618 5.077008423719137 0.0
1.2332065115012951 -5.9489130160949895 0.0
6.604299244088721 5.260559469121929 0.0
-1.82992595879535 -14.853031949234616 1.0
9.405979285991593 12.950037850714281 0.0
16.392697612148147 -6.457242198122862 0.0
6.86264669434211 -22.82222025095851 1.0
10.763956977393656 1.3876019802458501 0.0
9.279563384996226 6.43113970116092 0.0
25.77627757224818 6.337851775954605 0.0
5.308377806957709 -9.064370948446763 1.0
-13.152639312596401 -11.904037356023283 1.0
12.422214485374596 -7.850929259792465 0.0
4.009697863392402 1.2136509514051241 0.0
8.296895254756826 13.916734954655487 0.0
6.246060748056375 -2.277026013088324 0.0
-6.344606864173056 0.9446268591250482 0.0
-0.3462851657837293 -3.195047263577596 1.0
15.276599921058141 3.035119623478162 0.0
-4.249167538173018 -6.29398763631534 1.0
11.132661180650828 4.715312183067708 0.0
13.58966099033559 5.3952626741031935 0.0
15.701621827362294 1.5594694712866164 0.0
33.68945362695044 -2.2845716829162233 0.0
11.178157753156475 0.581929845646541 0.0
5.281295625899668 13.504896421334756 0.0
9.94160167711811 2.881738079637374 0.0
