-0.9640554378456961 -5.5403499954367375 1.0
10.795731911551428 0.6907120941856877 0.0
21.857118410823883 1.5515155563693355 0.0
9.946546740748216 2.14936326487813 0.0
0.7655975593115691 -8.815096599952472 1.0
-7.902336072858538 -15.487672999448973 1.0
-2.038816010759349 -6.841377521170461 1.0
14.118910465285792 -7.069399859235762 0.0
10.367213653289408 2.794635807165397 0.0
11.87237326679557 5.081269605328381 0.0
-6.3025160504220255 4.82063082295806 0.0
17.548699565163478 -7.526348353757934 0.0
12.354512819370328 4.225693358776465 0.0
-6.279502308696902 -9.007302432730123 1.0
14.427944116220514 2.237077167097651 0.0
13.619420530856583 15.08131623625416 0.0
6.559270844352762 12.974201691102976 0.0
0.9340024387656448 9.008513120076103 0.0
4.215891985079031 -8.428090595870605 1.0
-0.19369469748978324 9.453849936888007 1.0
7.749603213927799 7.4198838957930855 0.0
14.062732010927343 2.477440726545927 0.0
16.36363661777284 9.835319850491448 0.0
-1.8552457782967473 -8.461536588249489 1.0
-9.15707187106318 -11.810676469776936 1.0
11.83756238145591 21.438378472774737 0.0
-5.741433311321669 -10.101863941563941 1.0
15.116597004428764 3.5992909558162456 0.0
-33.775881706249194 -13.622539288073629 1.0
19.74224675482009 17.678097876411147 0.0
-4.0811540513028675 -7.6855525714720105 1.0
10.010109342738124 4.271901802115241 1.0
3.290005878533429 11.560040877329914 0.0
9.437536623193198 3.837698851051906 0.0
-3.513337834132668 -8.385214807452371 1.0
8.29082163055654 4.384927128990429 0.0
6.329068042575198 6.095828890173105 0.0
20.25519678952355 5.745664962816509 0.0
-12.434916969182867 -0.32953325281467055 1.0
9.310339480548107 1.534018419017068 0.0
-4.394829163627977 -8.877616555215072 1.0
5.550329975066202 13.960135056957467 0.0
-5.514283145918076 -12.138475167676175 1.0
-6.4609119680042 4.702827671648317 1.0
-6.299391039773791 5.184652276921221 1.0
-5.35053602904666 -9.788801349187656 1.0
9.91297419241717 -2.668193534136355 0.0
18.191189323886146 24.60330405274525 0.0
2.8307941803264587 8.62271818608358 0.0
10.562453506264838 2.828539284993091 0.0
8.450047746392508 15.823835608815553 0.0
10.535731134048607 2.4647105846665256 0.0
23.204010650625936 4.3215682699940015 0.0
23.00802580422688 -4.914274457751699 0.0
-3.7356335503808236 1.9099817442402631 0.0
-12.700676685101449 -8.145755379881425 1.0
10.705229027398179 4.214031292628422 0.0
3.047035428848349 0.6450259010019022 1.0
-26.483652886248912 -26.50958127404372 1.0
15.15211658647324 -0.2840513900538777 0.0
3.320615382546406 4.44608168386573 1.0
6.33407408966454 -8.503206608895619 0.0
14.718834144273053 7.402568453841224 0.0
12.223000493685912 2.777184352973812 0.0
0.133613519271589 -3.736793039745609 1.0
-6.079543801696574 -9.867809198844453 1.0
-10.5033917040671 -5.252875264510425 1.0
-13.100354313906164 -7.11076101059564 1.0
9.450086009277102 -11.816632077497152 1.0
8.644568233344494 4.047870013071597 0.0
-0.9424067355208756 -2.6117568421428325 1.0
-1.8043106539345635 -7.436973378920712 1.0
9.136082512438083 9.97577629857133 0.0
29.387101712231352 7.765443099867808 0.0
-5.42330643473655 -9.838755192751973 1.0
13.339846579654616 4.116631461921268 0.0
8.561948732037411 3.4441417926548556 0.0
15.412502462915889 24.359755847408245 0.0
5.1605680044153015 -1.5767876254134419 0.0
-1.8586026006478211 7.491200757679559 0.0
-4.763804316756588 -8.813492133436378 1.0
-4.539759497725703 -11.09789688167217 1.0
-6.6112195258796795 -2.7262170650355824 1.0
-2.3276315482384415 -6.483654827070613 1.0
2.7902250597794738 -8.75159018168832 0.0
-5.287145484297786 -9.20196850103068 1.0
-5.950682804050214 -3.1953046786562656 1.0
12.020275486447758 3.5901468221069597 0.0
-12.659421832871434 -21.367180547958565 1.0
-7.693443581382015 1.1882646878888858 1.0
20.58020895012808 15.963864170653682 0.0
4.029570700232866 13.164468578093867 0.0
7.492545680584085 22.293769930352145 0.0
-9.387331935471911 8.495304471813764 1.0
-16.018340470627102 -11.42365941487147 1.0
8.532980464643726 -9.654533533125207 1.0
-1.2973626133708347 -9.916227055713167 1.0
21.124559391050543 1.5568049789822607 0.0
7.37733107449235 4.399447010684236 0.0
-3.2212329026339983 -14.954751475504189 1.0
