7.090946486817175 6.089291703823155 0.0
6.1056064606939575 -4.929001551801661 0.0
11.407222478216234 12.782626190008349 0.0
-9.723966488229333 -15.138929139504313 1.0
10.753443658419123 7.502482993794826 0.0
-2.3845465491090128 -18.30149169517838 1.0
11.222939294415411 3.5887870404806335 0.0
8.941980539516575 -10.394455884847389 1.0
-4.966823002632927 -10.875460744702073 1.0
11.408102298542191 1.4974193682304124 0.0
8.982939478894053 8.012678896902525 0.0
-6.743950037008048 -7.514352035918521 1.0
17.403423924675305 5.194776894179409 0.0
-6.429505000263036 -9.79850960258665 1.0
4.97131620714983 -4.89073940736332 1.0
9.815139053410288 3.8369411285653032 0.0
-10.877712106700383 17.310090261383834 0.0
-5.028471076342374 -10.483535179299137 1.0
11.575170162362515 5.399355651614658 0.0
-24.7969133196049 5.081008415795589 1.0
-5.3568460736960155 -9.78514202005398 1.0
14.993268534585175 7.011918779643591 0.0
-5.275834292868678 -14.712052674326202 1.0
7.0126431260216755 1.7521034380626022 0.0
-1.1301095675272599 -11.805008312580508 1.0
-17.731458346303583 5.018401459828592 1.0
-6.4983342931193215 -17.14179399566317 0.0
-15.670370468452171 -1.135941039774811 1.0
11.006460778911736 3.920330336518236 0.0
-10.864671965825929 -18.26901563288085 1.0
-6.45170427110302 -6.931017583169164 1.0
16.25976415216188 4.904405628186843 0.0
11.606854947551847 1.0266667648305912 0.0
3.0510692346502433 -6.739165927961008 1.0
7.226618935376284 24.44784684486993 0.0
-0.6177296209267015 -12.070145853931809 1.0
10.909760148913513 3.627833042367207 0.0
10.66229768349489 3.9722502354474796 0.0
-11.321882408752428 -9.183836428263108 1.0
12.246956926410041 4.218742022364941 0.0
8.813289652905272 7.169830728416637 0.0
12.420364880204575 4.7300202060121945 0.0
14.774070679551576 5.287713148724724 0.0
18.66536007125812 9.155618258777405 0.0
1.5652572237783011 -14.33826213209403 1.0
14.629864087592994 0.13191007591181803 0.0
-5.777214623937133 -10.099787617628253 1.0
-4.639740310269225 -12.448619987842555 1.0
15.816945232880563 -8.045097772803532 0.0
10.805288547320298 3.751700938699731 0.0
-5.353152019222505 -9.786960017297567 1.0
12.71702154514955 16.066236401777353 0.0
10.827443325717795 10.100306251682493 0.0
14.25662768701939 10.636469669423429 0.0
24.02718458370722 -2.286757711612241 0.0
15.951987048384868 16.380956431101605 0.0
18.723807702689374 4.441884529428661 0.0
12.340644878693439 4.3213287189921825 0.0
-0.01998985209392734 8.491256901412548 0.0
-10.132602755532247 -7.014488076052506 1.0
-10.29371378027274 -7.835714594108724 1.0
10.602419882316344 3.492900194687868 0.0
2.078807411701407 -1.6067542080033725 0.0
-13.266746886121437 -14.159226200338722 1.0
4.412779864221473 7.776561668635994 0.0
-14.756955253065396 -14.49434611834423 1.0
11.468765375679903 15.796736930581304 0.0
10.474805560472443 3.2161010830272025 0.0
-5.445415178894188 -7.01671694690705 1.0
-14.451204629948029 -8.182336045302062 1.0
14.202974629218769 -3.801839477738654 0.0
7.968956657240971 1.2069833221419437 0.0
10.202423829470362 8.518782175686331 0.0
22.84389955653041 10.068827506756163 0.0
5.417259714603058 -4.846943075237283 1.0
-4.479854817290684 3.789444865654175 0.0
0.9599498358000386 -8.519631970070645 1.0
-6.613988600303014 -8.249635068120831 1.0
-5.626943304040472 -10.825524144164408 1.0
-26.471625538399216 10.58252275515773 1.0
12.48866745656169 5.683642779092282 0.0
0.3024457732346045 -21.568452186394918 1.0
11.827421157500176 4.99264828403918 0.0
10.966473366517741 -21.49127618258574 1.0
-8.822670507023327 3.668668914034884 0.0
17.42885502998191 -3.094647907033942 0.0
4.501152812979909 8.478476211076787 0.0
-11.719931465644798 5.13812023644358 0.0
3.9594811484904486 3.490069275084465 0.0
-5.988556118856499 -13.919789904576234 1.0
11.77402775909727 6.830739811702325 0.0
2.1284219145496763 8.610563221585421 0.0
9.493545575478334 -1.3733316931632569 0.0
13.856008158232584 4.4497900716609 0.0
29.424378126397432 -13.20790803944544 0.0
1.2772128144533033 -4.436083965999552 1.0
8.823762157467367 -2.181936493671074 1.0
-5.360458525213637 -9.695086884897435 1.0
0.9494899217834357 7.149071557297351 0.0
10.41091506035817 -19.11548868581065 0.0
