3.491356622706036 -2.684720691129295 1.0
7.57649107402027 6.962081184702212 0.0
11.636875859796438 3.686961867733359 0.0
12.797708380619794 1.8515759466915667 0.0
-3.517439701437111 -10.112462113998543 1.0
9.52138792101115 4.1003964289578 0.0
-0.17831571856060296 -13.73634135864985 1.0
11.583596703170272 3.189406543689745 0.0
10.177103671375543 3.33364605822077 0.0
-5.432894077149414 -9.988973687527999 1.0
14.032064436028579 13.886465525834645 0.0
12.485665256911616 2.832724433966724 0.0
12.080056474089991 5.922454405328081 0.0
24.542715982337576 -2.533421764119387 0.0
-12.497313378000635 -6.904947109961221 1.0
-5.574488454704468 -16.032062531142657 1.0
-8.987904273029208 -23.925688655267876 1.0
-2.7560701521150026 -12.220689392296372 1.0
16.078212989731536 3.516263744824957 0.0
21.086208938154808 -19.917768790195254 0.0
8.947262758128396 6.3839917316425066 0.0
15.984870787742487 3.282822545398414 0.0
13.222281172470602 -6.700245930092185 0.0
4.794812424285481 11.032262270244892 0.0
11.576280934207503 2.0892711851156807 0.0
6.901268479183645 6.867275427362601 0.0
-9.035060696685722 -14.78963654829682 1.0
-11.725813943802258 -2.240460998297914 1.0
12.708125175390233 8.018862120391729 0.0
9.868343429271 4.696226991558009 0.0
26.15020251314291 -8.885279229580064 0.0
7.813110074842633 8.51035183499546 0.0
-1.6432011919729939 -9.967744127121247 1.0
4.50996240865504 3.078126905415163 0.0
-12.983504516354541 -20.441811013142626 1.0
5.729508835836718 -1.6404330895679917 0.0
-6.208824699585726 -30.771625787428697 1.0
0.7417426144787836 10.432561545274835 0.0
-6.053585996126774 14.659019440913564 0.0
-3.09888808426022 -26.591687785875596 1.0
9.85682697666341 -2.9698305654413066 0.0
-7.166762103295671 -12.658865781191505 1.0
19.695695137031226 -33.44013464974915 1.0
-14.591974567903634 -1.972130889006878 0.0
1.3155894089428535 -6.565086353424906 1.0
0.4722413150895888 7.750169865419233 0.0
7.927142230268732 0.9197649648798176 0.0
6.366313615711553 -0.8168899183960618 0.0
21.72545964737484 10.378902913075555 0.0
-13.738310723188466 -19.300543375763972 1.0
12.072393193294847 2.827045823529845 0.0
-7.804688004241103 -12.02960297154918 1.0
-7.360946514341027 -11.757575877355624 1.0
11.922714814676581 3.06922822823981 0.0
7.0573650894379565 8.151139271489559 0.0
-0.6654379369050749 -4.610713193819572 0.0
-1.858057542395567 9.691848407974216 0.0
-9.097195148185675 -13.400746926289282 1.0
6.696434980630197 6.225403862581344 0.0
18.507084676301197 13.448291388916958 0.0
-1.407723883075466 -4.205825613583103 1.0
22.080752577673163 3.5710463172169065 0.0
18.924449441353246 16.21797578757989 0.0
0.7456905930830304 17.9560127349515 0.0
-8.179745574223517 -11.92650402807415 1.0
2.158890938081842 6.557031072408544 0.0
-12.17457171876536 -5.206490918317776 1.0
13.812673921715598 8.822873066814866 0.0
8.865832558000248 -6.425380444495211 1.0
10.109458293088654 0.21245637360579187 0.0
8.46381834056049 1.20650407108122 0.0
4.430424257822463 7.9025136814158445 0.0
19.247945665867338 -0.9924118380694846 0.0
11.308807352405026 1.023087869432807 0.0
12.663652521935576 1.8475901984563858 0.0
-5.676084509100181 -11.985607752151008 1.0
-4.500204851425711 -5.266839000385678 1.0
-2.0661575897183195 -15.240967081369183 1.0
3.184228709489508 -2.653154621253452 1.0
10.33505951328553 2.5732632693811626 0.0
-19.72407691159063 6.6710991814619 1.0
14.936705328959754 4.5590149157383095 0.0
-15.394896044237392 -10.651815323142287 1.0
9.694912493945049 0.47124484584379667 0.0
9.427562776183551 19.688108675935826 0.0
14.324547597114941 6.080110830909863 0.0
-5.279134649580197 -9.731733962147157 1.0
21.779376831283454 -3.378382333842661 0.0
-1.7395071800375712 1.4942502411250393 0.0
9.568257330764428 3.957909134862821 0.0
-14.159429142516439 -13.334557372063049 1.0
13.348677961018007 6.287838177114821 0.0
-10.365801914056382 -5.0242056424231265 1.0
-6.652403110173224 -9.08300956805828 1.0
3.4394770884216834 -12.712735841506145 1.0
-7.400667198140302 1.8431812754804662 1.0
19.71025960402614 3.790222529820684 0.0
12.65142850663999 5.396287464879775 0.0
-4.162532194284269 -5.078402333945417 1.0
9.403733122594957 5.52391545459597 0.0
