-4.8269839986475365 -7.307097081958644 1.0
8.847010573795481 1.685958378699764 0.0
-8.07902636452408 -5.70531657422307 1.0
3.4833840287571203 -0.9805691541175277 0.0
-1.8917428521664605 0.8476402159366082 1.0
11.07503533048347 3.774558391220471 0.0
0.5374897297695171 -10.424732119519145 1.0
-6.595426732376555 -14.137201258039381 1.0
-5.759779287758881 -10.31914985486131 1.0
3.995081653628988 -14.035251209752344 1.0
-12.91708046279978 -7.60668860629461 1.0
13.776976203968875 -1.6971439630106688 0.0
16.56669486295295 11.693353914679983 0.0
17.005468378896406 7.054405343800347 0.0
9.259155049001908 -15.880214301003715 1.0
1.821096181322116 -9.860183595491979 0.0
-15.297581350086691 -22.629912791077984 1.0
8.513389347781546 -4.152698635560959 0.0
-7.676910193102192 -15.23383105247288 1.0
9.117059473959477 9.945763031393641 0.0
-11.161564574900227 -2.568642636949037 1.0
9.43990967937435 2.6453363230894107 0.0
1.8407187877893811 7.792838730135588 0.0
-0.8312310486924268 14.822307748909854 0.0
2.0029295316865716 2.748321314645439 0.0
-15.17575455447303 1.0521424526471872 1.0
13.535490456009432 5.264894480973635 0.0
16.345455527940892 -7.34078552305424 0.0
-5.335592400140745 -9.794719176503419 1.0
21.18623619040587 10.943747079398838 0.0
-21.047155876542565 -24.246395622239387 1.0
17.023884621300994 12.605113210204696 0.0
7.250557983959289 -5.988893384834154 0.0
4.889341019494011 -4.10477996160976 0.0
-7.342942853675097 5.652193346329291 0.0
-6.754302735311259 -5.515784258075726 1.0
15.646123554672158 -8.781511863678327 0.0
-8.36837497184764 -11.074983808184713 1.0
15.432046631884424 -2.5260402527079053 0.0
9.681589955414564 -1.576026423446974 0.0
17.35800091695487 -3.407650351395954 0.0
9.272551660746364 8.818801642650312 0.0
7.121077911075957 -1.8467322797253254 0.0
21.76125465030033 14.546124007572306 0.0
-6.875586804994647 -8.504169390457973 1.0
16.447435464961245 10.331796599947314 0.0
-11.847833706193809 0.8559009263599455 1.0
12.302304368560147 1.696019021849739 0.0
-8.951381697931403 -20.580885677056813 1.0
-21.856824085409016 -12.989355399872125 1.0
9.313850111967316 1.4851716446023626 0.0
-1.474224783214268 -10.728412622677123 1.0
-1.4523803030460145 -8.23867483921227 1.0
-13.965916758242388 -3.213412141671678 1.0
-9.016046923722852 -10.227036600790194 1.0
10.706584131777737 3.474791050759096 0.0
5.583327491059096 -2.4071562817849146 0.0
-2.708943541441866 -11.372885707411173 1.0
11.140184145579564 3.669185972500438 0.0
-0.8629763055271761 -7.005963982247367 0.0
21.2514151813609 18.248363835543124 0.0
-0.060220856113056276 -12.353515950775835 1.0
-12.26659643077944 -21.8943526557685 1.0
10.403135353692123 3.495929618590926 0.0
-10.945099442256513 -12.592965847089895 1.0
7.817295105642997 1.712821272885492 0.0
-31.140283299166814 -5.291787656543866 1.0
1.9172745747193032 -1.1603689707681841 1.0
-5.02881824402874 -24.303881993534862 1.0
10.98151303674086 4.9480187201459165 0.0
-5.857276598236547 -7.315104794761685 1.0
-11.99561671578259 -10.481397219093004 1.0
18.632890837139843 0.5561112130075906 0.0
-2.598683264862993 -10.41949012864166 1.0
6.701379675422064 18.774545533731406 0.0
6.007466957456612 0.13540772169019374 0.0
28.10300455051679 5.390736837996825 0.0
1.8987498284187483 8.492083709407197 0.0
19.1948661694415 -1.218396990830886 0.0
-11.397621136942227 -21.755904745924855 1.0
11.025802371620282 4.128493030582126 0.0
20.001260784275445 9.939879782434693 0.0
7.686581656356897 7.3266444500805825 0.0
-5.142791068526828 -9.413772272194407 1.0
-18.37456947173924 -7.050412009075614 1.0
7.983926318938458 -10.73367552043745 0.0
11.588659370987319 2.7542536974033105 0.0
4.560717678394849 6.823701133615649 0.0
-4.520778368115663 -11.109511125931286 1.0
3.3101093967083854 -6.498998240800707 1.0
-6.169262226814821 -10.754323922666398 1.0
-8.035043194298591 0.5923652397176182 0.0
11.776045242186614 6.835082444926017 0.0
10.770968135517123 4.3765424851015275 0.0
1.509236573148388 7.417504365832587 0.0
-5.546701570909731 -9.747757373076478 1.0
7.630197837606916 9.664918457390936 0.0
6.622090553994894 -10.493806088849215 0.0
12.222287130835994 2.5372411457953223 0.0
11.492115688103924 3.3871596588402073 0.0
