10.538934112237873 4.441485553786626 0.0
18.0309002029187 14.259955172856234 0.0
-7.634125274474826 -13.46271966106542 1.0
-20.132967072738715 -3.4878914243920422 1.0
9.04275692806049 -6.153053310548403 0.0
8.083695101422327 -2.3618829297522104 0.0
16.27268696145873 4.685911533729804 0.0
-1.8850387549328227 -10.48329285794464 1.0
19.734015682067692 -5.482844686368516 0.0
10.456730030325813 -3.089570979916633 0.0
1.7463400612390823 7.961128198475846 0.0
-9.742963431579902 -23.407661749818224 1.0
1.0307933085126326 -9.531288686878169 1.0
8.116654218747929 -15.063341529586864 1.0
15.900421745871977 9.201436079083262 0.0
6.404399861419236 -0.23258028786917737 1.0
-13.820860124822332 0.4900242506375345 0.0
-1.7087854690938686 -22.58749696589947 0.0
8.324099282043464 -9.737641227501587 0.0
-16.511040868649463 -18.149224590769986 1.0
-3.1128805911964643 -12.475957412006988 1.0
7.695875488983613 2.523945224293429 0.0
5.09854256485109 -22.930706736998943 1.0
-2.5220141297289156 15.263925483460788 0.0
10.13756088163806 4.132748410410107 0.0
-2.82823852138821 -7.717473633381008 1.0
-3.805989751880872 -8.277899326419602 1.0
-7.136049276559436 -11.501215072027334 1.0
11.016027853981992 3.9362032452055686 0.0
-3.559303627264654 -9.266056276608738 1.0
1.47924896799139 -2.559731907771785 0.0
-6.712579855826177 -12.813615180625574 0.0
9.659866029363513 5.669790357767871 0.0
10.917198006704233 -1.4137720347212113 0.0
16.302070172962917 4.840506097824031 0.0
5.9446359694452005 -10.219055989128558 0.0
18.838475037864335 5.084184978315334 0.0
19.555742210266928 3.6884427522555905 0.0
-13.474330779973375 -20.11140220504785 1.0
0.13162794126890143 9.374286050964754 0.0
11.220757987503005 3.4694202182295695 0.0
9.52705729100392 -16.81693655243398 0.0
0.802765556722266 -24.930794538306646 1.0
15.25204647921569 1.25260381817227 0.0
-6.124214069251369 -4.2324340314804605 1.0
2.1446522564157924 5.087873142351713 0.0
10.814015757084228 6.039455583651938 0.0
-2.7822533915967864 8.46102704195555 1.0
5.802106436866923 0.2408563978928971 0.0
9.700819531911982 2.0448484715802087 0.0
-9.195965239824123 -7.792041470984015 1.0
7.220630425514217 5.692701901040124 0.0
3.5093643653413755 -6.711096239138774 1.0
-9.84714851798506 -14.490769869174567 1.0
0.6335342440095798 -16.400297535443972 1.0
-3.8291744952350557 -1.6869956043149599 1.0
12.650244658652033 -11.722613756599621 1.0
12.99127233455508 1.1746208982486481 0.0
17.932534533809047 9.243626139541481 0.0
1.9544026427865453 -3.4986463778006724 0.0
8.050519349302355 -5.782560419409107 0.0
-4.430923475901569 -1.012173432909394 1.0
10.311877791140537 -1.6413387145382554 0.0
-15.656548818275793 9.63375426263578 1.0
18.736229852247874 3.385143425691475 0.0
21.612018302412253 -6.046963880166112 0.0
9.409785161434812 4.487316411145809 0.0
-11.769372074311654 -16.64891068935968 1.0
20.398759421102547 -5.881489623210867 0.0
-5.282158486873834 -9.753669792713099 1.0
-6.529308961794419 -8.944231121516014 1.0
6.823206836555356 10.642895623072569 0.0
16.779935719915784 -2.7865137749890847 0.0
-5.031322826082088 -9.39227096288352 1.0
-25.026175752864393 -5.787552273601466 1.0
20.929810527752597 14.528068479549678 0.0
-11.045543769791584 -8.227060974513776 1.0
-7.416320998669704 -11.170667120099125 1.0
10.185288138420791 10.39966051203116 0.0
13.328571830058742 4.686125496307051 0.0
-5.7048977705776815 -9.426254791780256 1.0
0.019514883947538975 -19.19492780197485 1.0
-6.409380921603516 -12.737729509302657 1.0
-10.62675524612379 19.571577288231687 1.0
-15.128873662146457 -8.746440120457839 1.0
-6.618509796471359 -14.99402796493905 1.0
16.461707446601757 -4.9499904484718575 0.0
5.296728777350786 3.1656353458942483 0.0
25.47688945582897 2.255330675531672 0.0
-4.558606562227516 -12.065149289699407 1.0
14.32564145308942 24.127944952478693 0.0
3.400757220226752 -1.1996188616028296 0.0
10.973076505804762 -0.12904681842529242 0.0
11.233947820340928 4.579961276720422 0.0
13.603140670080588 2.678725345697514 0.0
-6.271267068807962 -14.184684207744349 1.0
15.292859688236417 9.19838623982556 0.0
12.709259882110791 7.346487059649449 0.0
17.40833603154053 -1.5852925152265147 0.0
11.122560587634581 5.176719995300541 0.0
