0.0 290.0 7734.0 0.0 0.0 0.0 0.0 0.0 0.0 0.0 0.0 0.0 0.0 0.0 0.0 5.0 5.0 0.0 0.0 0.0 0.0 1.0 0.0 0.0 5.0 255.0 1.0 0.0 0.2 0.08 0.0 0.0 0.0 0.0
0.0 291.0 7740.0 0.0 0.0 0.0 0.0 0.0 0.0 0.0 0.0 0.0 0.0 0.0 0.0 4.0 4.0 0.0 0.0 0.0 0.0 1.0 0.0 0.0 15.0 255.0 1.0 0.0 0.07 0.08 0.0 0.0 0.0 0.0
0.0 324.0 1639.0 0.0 0.0 0.0 0.0 0.0 0.0 0.0 0.0 0.0 0.0 0.0 0.0 2.0 2.0 0.0 0.0 0.0 0.0 1.0 0.0 0.0 25.0 255.0 1.0 0.0 0.04 0.07 0.0 0.0 0.0 0.0
0.0 224.0 774.0 0.0 0.0 0.0 0.0 0.0 0.0 0.0 0.0 0.0 0.0 0.0 0.0 8.0 47.0 0.0 0.0 0.0 0.0 1.0 0.0 0.11 8.0 255.0 1.0 0.0 0.12 0.07 0.0 0.0 0.0 0.0
0.0 216.0 253.0 0.0 0.0 0.0 0.0 0.0 0.0 0.0 0.0 0.0 0.0 0.0 0.0 18.0 57.0 0.0 0.0 0.0 0.0 1.0 0.0 0.09 18.0 255.0 1.0 0.0 0.06 0.06 0.0 0.0 0.0 0.0
0.0 233.0 774.0 0.0 0.0 0.0 0.0 0.0 0.0 0.0 0.0 0.0 0.0 0.0 0.0 7.0 7.0 0.0 0.0 0.0 0.0 1.0 0.0 0.0 28.0 255.0 1.0 0.0 0.04 0.06 0.0 0.0 0.0 0.0
0.0 215.0 3094.0 0.0 0.0 0.0 0.0 0.0 0.0 0.0 0.0 0.0 0.0 0.0 0.0 6.0 6.0 0.0 0.0 0.0 0.0 1.0 0.0 0.0 6.0 255.0 1.0 0.0 0.17 0.06 0.0 0.0 0.0 0.0
0.0 286.0 6592.0 0.0 0.0 0.0 0.0 0.0 0.0 0.0 0.0 0.0 0.0 0.0 0.0 6.0 6.0 0.0 0.0 0.0 0.0 1.0 0.0 0.0 6.0 255.0 1.0 0.0 0.17 0.07 0.0 0.0 0.0 0.0
0.0 274.0 1260.0 0.0 0.0 0.0 0.0 0.0 0.0 0.0 0.0 0.0 0.0 0.0 0.0 16.0 16.0 0.0 0.0 0.0 0.0 1.0 0.0 0.0 16.0 255.0 1.0 0.0 0.06 0.07 0.0 0.0 0.0 0.0
0.0 279.0 3232.0 0.0 0.0 0.0 0.0 0.0 0.0 0.0 0.0 0.0 0.0 0.0 0.0 6.0 6.0 0.0 0.0 0.0 0.0 1.0 0.0 0.0 26.0 255.0 1.0 0.0 0.04 0.07 0.0 0.0 0.0 0.0
0.0 272.0 23907.0 0.0 0.0 0.0 0.0 0.0 0.0 0.0 0.0 0.0 0.0 0.0 0.0 16.0 16.0 0.0 0.0 0.0 0.0 1.0 0.0 0.0 36.0 255.0 1.0 0.0 0.03 0.07 0.0 0.0 0.0 0.0
0.0 233.0 1966.0 0.0 0.0 0.0 0.0 0.0 0.0 0.0 0.0 0.0 0.0 0.0 0.0 2.0 2.0 0.0 0.0 0.0 0.0 1.0 0.0 0.0 2.0 255.0 1.0 0.0 0.5 0.08 0.0 0.0 0.0 0.0
0.0 212.0 237.0 0.0 0.0 0.0 0.0 0.0 0.0 0.0 0.0 0.0 0.0 0.0 0.0 2.0 2.0 0.0 0.0 0.0 0.0 1.0 0.0 0.0 2.0 255.0 1.0 0.0 0.5 0.08 0.0 0.0 0.0 0.0
0.0 229.0 3468.0 0.0 0.0 0.0 0.0 0.0 0.0 0.0 0.0 0.0 0.0 0.0 0.0 3.0 5.0 0.0 0.0 0.0 0.0 1.0 0.0 0.4 12.0 255.0 1.0 0.0 0.08 0.08 0.0 0.0 0.0 0.0
0.0 211.0 3468.0 0.0 0.0 0.0 0.0 0.0 0.0 0.0 0.0 0.0 0.0 0.0 0.0 2.0 2.0 0.0 0.0 0.0 0.0 1.0 0.0 0.0 22.0 255.0 1.0 0.0 0.05 0.08 0.0 0.0 0.0 0.0
0.0 233.0 13110.0 0.0 0.0 0.0 0.0 0.0 0.0 0.0 0.0 0.0 0.0 0.0 0.0 1.0 2.0 0.0 0.0 0.0 0.0 1.0 0.0 1.0 3.0 255.0 1.0 0.0 0.33 0.08 0.0 0.0 0.0 0.0
0.0 255.0 15758.0 0.0 0.0 0.0 0.0 0.0 0.0 0.0 0.0 0.0 0.0 0.0 0.0 1.0 2.0 0.0 0.0 0.0 0.0 1.0 0.0 1.0 1.0 255.0 1.0 0.0 1.0 0.08 0.0 0.0 0.0 0.0
0.0 202.0 3467.0 0.0 0.0 0.0 0.0 0.0 0.0 0.0 0.0 0.0 0.0 0.0 0.0 8.0 13.0 0.0 0.0 0.0 0.0 1.0 0.0 0.15 8.0 255.0 1.0 0.0 0.12 0.09 0.0 0.0 0.0 0.0
0.0 196.0 2288.0 0.0 0.0 0.0 0.0 0.0 0.0 0.0 0.0 0.0 0.0 0.0 0.0 6.0 6.0 0.0 0.0 0.0 0.0 1.0 0.0 0.0 18.0 255.0 1.0 0.0 0.06 0.09 0.0 0.0 0.0 0.0
0.0 221.0 3467.0 0.0 0.0 0.0 0.0 0.0 0.0 0.0 0.0 0.0 0.0 0.0 0.0 6.0 6.0 0.0 0.0 0.0 0.0 1.0 0.0 0.0 28.0 255.0 1.0 0.0 0.04 0.09 0.0 0.0 0.0 0.0
0.0 223.0 3467.0 0.0 0.0 0.0 0.0 0.0 0.0 0.0 0.0 0.0 0.0 0.0 0.0 6.0 6.0 0.0 0.0 0.0 0.0 1.0 0.0 0.0 38.0 255.0 1.0 0.0 0.03 0.07 0.0 0.0 0.0 0.0
0.0 223.0 10907.0 0.0 0.0 0.0 0.0 0.0 0.0 0.0 0.0 0.0 0.0 0.0 0.0 3.0 3.0 0.0 0.0 0.0 0.0 1.0 0.0 0.0 48.0 255.0 1.0 0.0 0.02 0.07 0.0 0.0 0.0 0.0
0.0 169.0 5966.0 0.0 0.0 0.0 0.0 0.0 0.0 0.0 0.0 0.0 0.0 0.0 0.0 3.0 35.0 0.0 0.0 0.0 0.0 1.0 0.0 0.11 58.0 255.0 1.0 0.0 0.02 0.07 0.0 0.0 0.0 0.0
0.0 247.0 483.0 0.0 0.0 0.0 0.0 0.0 0.0 0.0 0.0 0.0 0.0 0.0 0.0 1.0 1.0 0.0 0.0 0.0 0.0 1.0 0.0 0.0 4.0 255.0 1.0 0.0 0.25 0.07 0.0 0.0 0.0 0.0
0.0 247.0 236.0 0.0 0.0 0.0 0.0 0.0 0.0 0.0 0.0 0.0 0.0 0.0 0.0 3.0 3.0 0.0 0.0 0.0 0.0 1.0 0.0 0.0 14.0 255.0 1.0 0.0 0.07 0.07 0.0 0.0 0.0 0.0
0.0 212.0 11706.0 0.0 0.0 0.0 0.0 0.0 0.0 0.0 0.0 0.0 0.0 0.0 0.0 2.0 2.0 0.0 0.0 0.0 0.0 1.0 0.0 0.0 24.0 255.0 1.0 0.0 0.04 0.06 0.0 0.0 0.0 0.0
0.0 247.0 483.0 0.0 0.0 0.0 0.0 0.0 0.0 0.0 0.0 0.0 0.0 0.0 0.0 5.0 16.0 0.0 0.0 0.0 0.0 1.0 0.0 0.12 34.0 255.0 1.0 0.0 0.03 0.06 0.0 0.0 0.0 0.0
0.0 245.0 236.0 0.0 0.0 0.0 0.0 0.0 0.0 0.0 0.0 0.0 0.0 0.0 0.0 2.0 2.0 0.0 0.0 0.0 0.0 1.0 0.0 0.0 44.0 255.0 1.0 0.0 0.02 0.06 0.0 0.0 0.0 0.0
0.0 238.0 2288.0 0.0 0.0 0.0 0.0 0.0 0.0 0.0 0.0 0.0 0.0 0.0 0.0 4.0 4.0 0.0 0.0 0.0 0.0 1.0 0.0 0.0 54.0 255.0 1.0 0.0 0.02 0.05 0.0 0.0 0.0 0.0
0.0 211.0 5048.0 0.0 0.0 0.0 0.0 0.0 0.0 0.0 0.0 0.0 0.0 0.0 0.0 3.0 3.0 0.0 0.0 0.0 0.0 1.0 0.0 0.0 64.0 255.0 1.0 0.0 0.02 0.05 0.0 0.0 0.0 0.0
0.0 244.0 3610.0 0.0 0.0 0.0 0.0 0.0 0.0 0.0 0.0 0.0 0.0 0.0 0.0 6.0 6.0 0.0 0.0 0.0 0.0 1.0 0.0 0.0 74.0 255.0 1.0 0.0 0.01 0.05 0.0 0.0 0.0 0.0
0.0 220.0 1046.0 0.0 0.0 0.0 0.0 0.0 0.0 0.0 0.0 0.0 0.0 0.0 0.0 3.0 3.0 0.0 0.0 0.0 0.0 1.0 0.0 0.0 6.0 255.0 1.0 0.0 0.17 0.05 0.0 0.0 0.0 0.0
0.0 296.0 237.0 0.0 0.0 0.0 0.0 0.0 0.0 0.0 0.0 0.0 0.0 0.0 0.0 7.0 8.0 0.0 0.0 0.0 0.0 1.0 0.0 0.25 16.0 255.0 1.0 0.0 0.06 0.04 0.0 0.0 0.0 0.0
0.0 220.0 234.0 0.0 0.0 0.0 0.0 0.0 0.0 0.0 0.0 0.0 0.0 0.0 0.0 8.0 9.0 0.0 0.0 0.0 0.0 1.0 0.0 0.22 8.0 255.0 1.0 0.0 0.12 0.05 0.0 0.0 0.0 0.0
0.0 219.0 1096.0 0.0 0.0 0.0 0.0 0.0 0.0 0.0 0.0 0.0 0.0 0.0 0.0 2.0 2.0 0.0 0.0 0.0 0.0 1.0 0.0 0.0 18.0 255.0 1.0 0.0 0.06 0.05 0.0 0.0 0.0 0.0
0.0 254.0 234.0 0.0 0.0 0.0 0.0 0.0 0.0 0.0 0.0 0.0 0.0 0.0 0.0 6.0 7.0 0.0 0.0 0.0 0.0 1.0 0.0 0.29 28.0 255.0 1.0 0.0 0.04 0.05 0.0 0.0 0.0 0.0
0.0 250.0 234.0 0.0 0.0 0.0 0.0 0.0 0.0 0.0 0.0 0.0 0.0 0.0 0.0 4.0 5.0 0.0 0.0 0.0 0.0 1.0 0.0 0.4 38.0 255.0 1.0 0.0 0.03 0.04 0.0 0.0 0.0 0.0
0.0 289.0 1862.0 0.0 0.0 0.0 0.0 0.0 0.0 0.0 0.0 0.0 0.0 0.0 0.0 6.0 6.0 0.0 0.0 0.0 0.0 1.0 0.0 0.0 48.0 255.0 1.0 0.0 0.02 0.04 0.0 0.0 0.0 0.0
0.0 306.0 4017.0 0.0 0.0 0.0 0.0 0.0 0.0 0.0 0.0 0.0 0.0 0.0 0.0 4.0 4.0 0.0 0.0 0.0 0.0 1.0 0.0 0.0 58.0 255.0 1.0 0.0 0.02 0.03 0.0 0.0 0.0 0.0
0.0 264.0 8988.0 0.0 0.0 0.0 0.0 0.0 0.0 0.0 0.0 0.0 0.0 0.0 0.0 4.0 5.0 0.0 0.0 0.0 0.0 1.0 0.0 0.4 68.0 255.0 1.0 0.0 0.01 0.03 0.0 0.0 0.0 0.0
0.0 285.0 9419.0 0.0 0.0 0.0 0.0 0.0 0.0 0.0 0.0 0.0 0.0 0.0 0.0 2.0 2.0 0.0 0.0 0.0 0.0 1.0 0.0 0.0 2.0 9.0 1.0 0.0 0.5 0.22 0.0 0.0 0.0 0.0
0.0 292.0 10866.0 0.0 0.0 0.0 0.0 0.0 0.0 0.0 0.0 0.0 0.0 0.0 0.0 12.0 12.0 0.0 0.0 0.0 0.0 1.0 0.0 0.0 12.0 19.0 1.0 0.0 0.08 0.11 0.0 0.0 0.0 0.0
0.0 299.0 15096.0 0.0 0.0 0.0 0.0 0.0 0.0 0.0 0.0 0.0 0.0 0.0 0.0 2.0 12.0 0.0 0.0 0.0 0.0 1.0 0.0 0.17 22.0 29.0 1.0 0.0 0.05 0.07 0.0 0.0 0.0 0.0
0.0 290.0 9627.0 0.0 0.0 0.0 0.0 0.0 0.0 0.0 0.0 0.0 0.0 0.0 0.0 7.0 16.0 0.0 0.0 0.0 0.0 1.0 0.0 0.12 32.0 39.0 1.0 0.0 0.03 0.05 0.0 0.0 0.0 0.0
0.0 285.0 9419.0 0.0 0.0 0.0 0.0 0.0 0.0 0.0 0.0 0.0 0.0 0.0 0.0 17.0 26.0 0.0 0.0 0.0 0.0 1.0 0.0 0.08 42.0 49.0 1.0 0.0 0.02 0.04 0.0 0.0 0.0 0.0
0.0 219.0 3593.0 0.0 0.0 0.0 0.0 0.0 0.0 0.0 0.0 0.0 0.0 0.0 0.0 7.0 7.0 0.0 0.0 0.0 0.0 1.0 0.0 0.0 7.0 59.0 1.0 0.0 0.14 0.05 0.0 0.0 0.0 0.0
0.0 232.0 1978.0 0.0 0.0 0.0 0.0 0.0 0.0 0.0 0.0 0.0 0.0 0.0 0.0 1.0 3.0 0.0 0.0 0.0 0.0 1.0 0.0 0.67 17.0 69.0 1.0 0.0 0.06 0.04 0.0 0.0 0.0 0.0
0.0 306.0 1860.0 0.0 0.0 0.0 0.0 0.0 0.0 0.0 0.0 0.0 0.0 0.0 0.0 1.0 1.0 0.0 0.0 0.0 0.0 1.0 0.0 0.0 1.0 79.0 1.0 0.0 1.0 0.05 0.0 0.0 0.0 0.0
0.0 285.0 6540.0 0.0 0.0 0.0 0.0 0.0 0.0 0.0 0.0 0.0 0.0 0.0 0.0 1.0 6.0 0.0 0.0 0.0 0.0 1.0 0.0 0.5 1.0 89.0 1.0 0.0 1.0 0.06 0.0 0.0 0.0 0.0
0.0 303.0 3172.0 0.0 0.0 0.0 0.0 0.0 0.0 0.0 0.0 0.0 0.0 0.0 0.0 11.0 11.0 0.0 0.0 0.0 0.0 1.0 0.0 0.0 11.0 99.0 1.0 0.0 0.09 0.05 0.0 0.0 0.0 0.0
0.0 301.0 3172.0 0.0 0.0 0.0 0.0 0.0 0.0 0.0 0.0 0.0 0.0 0.0 0.0 1.0 1.0 0.0 0.0 0.0 0.0 1.0 0.0 0.0 21.0 109.0 1.0 0.0 0.05 0.05 0.0 0.0 0.0 0.0
0.0 305.0 1181.0 0.0 0.0 0.0 0.0 0.0 0.0 0.0 0.0 0.0 0.0 0.0 0.0 5.0 10.0 0.0 0.0 0.0 0.0 1.0 0.0 0.2 5.0 119.0 1.0 0.0 0.2 0.06 0.0 0.0 0.0 0.0
0.0 307.0 4298.0 0.0 0.0 0.0 0.0 0.0 0.0 0.0 0.0 0.0 0.0 0.0 0.0 2.0 2.0 0.0 0.0 0.0 0.0 1.0 0.0 0.0 15.0 129.0 1.0 0.0 0.07 0.05 0.0 0.0 0.0 0.0
0.0 306.0 1628.0 0.0 0.0 0.0 0.0 0.0 0.0 0.0 0.0 0.0 0.0 0.0 0.0 4.0 30.0 0.0 0.0 0.0 0.0 1.0 0.0 0.07 25.0 139.0 1.0 0.0 0.04 0.05 0.0 0.0 0.0 0.0
0.0 308.0 1628.0 0.0 0.0 0.0 0.0 0.0 0.0 0.0 0.0 0.0 0.0 0.0 0.0 10.0 10.0 0.0 0.0 0.0 0.0 1.0 0.0 0.0 35.0 149.0 1.0 0.0 0.03 0.05 0.0 0.0 0.0 0.0
0.0 215.0 8745.0 0.0 0.0 0.0 0.0 0.0 0.0 0.0 0.0 0.0 0.0 0.0 0.0 2.0 2.0 0.0 0.0 0.0 0.0 1.0 0.0 0.0 2.0 159.0 1.0 0.0 0.5 0.05 0.0 0.0 0.0 0.0
0.0 241.0 7175.0 0.0 0.0 0.0 0.0 0.0 0.0 0.0 0.0 0.0 0.0 0.0 0.0 2.0 2.0 0.0 0.0 0.0 0.0 1.0 0.0 0.0 12.0 169.0 1.0 0.0 0.08 0.05 0.0 0.0 0.0 0.0
0.0 182.0 5401.0 0.0 0.0 0.0 0.0 0.0 0.0 0.0 0.0 0.0 0.0 0.0 0.0 5.0 5.0 0.0 0.0 0.0 0.0 1.0 0.0 0.0 22.0 179.0 1.0 0.0 0.05 0.04 0.0 0.0 0.0 0.0
0.0 182.0 28441.0 0.0 0.0 1.0 0.0 0.0 1.0 0.0 0.0 0.0 0.0 0.0 0.0 4.0 4.0 0.0 0.0 0.0 0.0 1.0 0.0 0.0 32.0 189.0 1.0 0.0 0.03 0.04 0.0 0.0 0.0 0.0
0.0 311.0 10195.0 0.0 0.0 0.0 0.0 0.0 0.0 0.0 0.0 0.0 0.0 0.0 0.0 8.0 8.0 0.0 0.0 0.0 0.0 1.0 0.0 0.0 42.0 199.0 1.0 0.0 0.02 0.04 0.0 0.0 0.0 0.0
0.0 0.0 1074.0 0.0 0.0 0.0 0.0 0.0 0.0 0.0 0.0 0.0 0.0 0.0 0.0 1.0 1.0 0.0 0.0 0.0 0.0 1.0 0.0 0.0 52.0 209.0 1.0 0.0 0.02 0.04 0.0 0.0 0.0 0.0
0.0 334.0 385.0 0.0 0.0 0.0 0.0 0.0 0.0 0.0 0.0 0.0 0.0 0.0 0.0 6.0 6.0 0.0 0.0 0.0 0.0 1.0 0.0 0.0 62.0 219.0 1.0 0.0 0.02 0.04 0.02 0.0 0.0 0.0
0.0 316.0 8745.0 0.0 0.0 0.0 0.0 0.0 0.0 0.0 0.0 0.0 0.0 0.0 0.0 4.0 4.0 0.0 0.0 0.0 0.0 1.0 0.0 0.0 72.0 229.0 1.0 0.0 0.01 0.03 0.01 0.0 0.0 0.0
0.0 343.0 12777.0 0.0 0.0 0.0 0.0 0.0 0.0 0.0 0.0 0.0 0.0 0.0 0.0 4.0 4.0 0.0 0.0 0.0 0.0 1.0 0.0 0.0 82.0 239.0 1.0 0.0 0.01 0.03 0.01 0.0 0.0 0.0
0.0 334.0 385.0 0.0 0.0 0.0 0.0 0.0 0.0 0.0 0.0 0.0 0.0 0.0 0.0 2.0 28.0 0.0 0.0 0.0 0.0 1.0 0.0 0.07 92.0 249.0 1.0 0.0 0.01 0.03 0.01 0.0 0.0 0.0
0.0 323.0 3627.0 0.0 0.0 0.0 0.0 0.0 0.0 0.0 0.0 0.0 0.0 0.0 0.0 1.0 14.0 0.0 0.0 0.0 0.0 1.0 0.0 0.36 102.0 255.0 1.0 0.0 0.01 0.03 0.01 0.0 0.0 0.0
0.0 215.0 7144.0 0.0 0.0 0.0 0.0 0.0 0.0 0.0 0.0 0.0 0.0 0.0 0.0 10.0 10.0 0.0 0.0 0.0 0.0 1.0 0.0 0.0 10.0 255.0 1.0 0.0 0.1 0.03 0.0 0.0 0.0 0.0
0.0 308.0 120.0 0.0 0.0 0.0 0.0 0.0 0.0 0.0 0.0 0.0 0.0 0.0 0.0 8.0 8.0 0.0 0.0 0.0 0.0 1.0 0.0 0.0 20.0 255.0 1.0 0.0 0.05 0.03 0.0 0.0 0.0 0.0
0.0 316.0 2735.0 0.0 0.0 0.0 0.0 0.0 0.0 0.0 0.0 0.0 0.0 0.0 0.0 6.0 6.0 0.0 0.0 0.0 0.0 1.0 0.0 0.0 30.0 255.0 1.0 0.0 0.03 0.03 0.0 0.0 0.0 0.0
0.0 220.0 1093.0 0.0 0.0 0.0 0.0 0.0 0.0 0.0 0.0 0.0 0.0 0.0 0.0 4.0 4.0 0.0 0.0 0.0 0.0 1.0 0.0 0.0 4.0 255.0 1.0 0.0 0.25 0.04 0.0 0.0 0.0 0.0
0.0 321.0 1093.0 0.0 0.0 0.0 0.0 0.0 0.0 0.0 0.0 0.0 0.0 0.0 0.0 6.0 54.0 0.0 0.0 0.0 0.0 1.0 0.0 0.15 14.0 255.0 1.0 0.0 0.07 0.03 0.0 0.0 0.0 0.0
0.0 317.0 293.0 0.0 0.0 0.0 0.0 0.0 0.0 0.0 0.0 0.0 0.0 0.0 0.0 8.0 8.0 0.0 0.0 0.0 0.0 1.0 0.0 0.0 24.0 255.0 1.0 0.0 0.04 0.03 0.0 0.0 0.0 0.0
0.0 244.0 1686.0 0.0 0.0 0.0 0.0 0.0 0.0 0.0 0.0 0.0 0.0 0.0 0.0 1.0 1.0 0.0 0.0 0.0 0.0 1.0 0.0 0.0 10.0 255.0 1.0 0.0 0.1 0.04 0.0 0.0 0.0 0.0
0.0 320.0 1686.0 0.0 0.0 0.0 0.0 0.0 0.0 0.0 0.0 0.0 0.0 0.0 0.0 1.0 2.0 0.0 0.0 0.0 0.0 1.0 0.0 1.0 20.0 255.0 1.0 0.0 0.05 0.03 0.0 0.0 0.0 0.0
0.0 345.0 1686.0 0.0 0.0 0.0 0.0 0.0 0.0 0.0 0.0 0.0 0.0 0.0 0.0 5.0 5.0 0.0 0.0 0.0 0.0 1.0 0.0 0.0 30.0 255.0 1.0 0.0 0.03 0.03 0.0 0.0 0.0 0.0
0.0 320.0 1686.0 0.0 0.0 0.0 0.0 0.0 0.0 0.0 0.0 0.0 0.0 0.0 0.0 2.0 28.0 0.0 0.0 0.0 0.0 1.0 0.0 0.07 40.0 255.0 1.0 0.0 0.03 0.03 0.0 0.0 0.0 0.0
0.0 351.0 9919.0 0.0 0.0 0.0 0.0 0.0 0.0 0.0 0.0 0.0 0.0 0.0 0.0 6.0 7.0 0.0 0.0 0.0 0.0 1.0 0.0 0.29 50.0 255.0 1.0 0.0 0.02 0.02 0.0 0.0 0.0 0.0
0.0 237.0 1161.0 0.0 0.0 0.0 0.0 0.0 0.0 0.0 0.0 0.0 0.0 0.0 0.0 3.0 3.0 0.0 0.0 0.0 0.0 1.0 0.0 0.0 3.0 255.0 1.0 0.0 0.33 0.02 0.0 0.0 0.0 0.0
0.0 239.0 1455.0 0.0 0.0 0.0 0.0 0.0 0.0 0.0 0.0 0.0 0.0 0.0 0.0 13.0 13.0 0.0 0.0 0.0 0.0 1.0 0.0 0.0 13.0 255.0 1.0 0.0 0.08 0.02 0.0 0.0 0.0 0.0
0.0 234.0 4913.0 0.0 0.0 0.0 0.0 0.0 0.0 0.0 0.0 0.0 0.0 0.0 0.0 23.0 23.0 0.0 0.0 0.0 0.0 1.0 0.0 0.0 23.0 255.0 1.0 0.0 0.04 0.02 0.0 0.0 0.0 0.0
0.0 233.0 56541.0 0.0 0.0 0.0 0.0 0.0 0.0 0.0 0.0 0.0 0.0 0.0 0.0 33.0 33.0 0.0 0.0 0.0 0.0 1.0 0.0 0.0 33.0 255.0 1.0 0.0 0.03 0.02 0.0 0.0 0.0 0.0
0.0 238.0 5216.0 0.0 0.0 0.0 0.0 0.0 0.0 0.0 0.0 0.0 0.0 0.0 0.0 5.0 8.0 0.0 0.0 0.0 0.0 1.0 0.0 0.25 43.0 255.0 1.0 0.0 0.02 0.02 0.0 0.0 0.0 0.0
0.0 237.0 1435.0 0.0 0.0 0.0 0.0 0.0 0.0 0.0 0.0 0.0 0.0 0.0 0.0 15.0 22.0 0.0 0.0 0.0 0.0 1.0 0.0 0.09 53.0 255.0 1.0 0.0 0.02 0.02 0.0 0.0 0.0 0.0
0.0 237.0 595.0 0.0 0.0 0.0 0.0 0.0 0.0 0.0 0.0 0.0 0.0 0.0 0.0 25.0 39.0 0.0 0.0 0.0 0.0 1.0 0.0 0.05 63.0 255.0 1.0 0.0 0.02 0.02 0.0 0.0 0.0 0.0
0.0 186.0 307.0 0.0 0.0 0.0 0.0 0.0 0.0 0.0 0.0 0.0 0.0 0.0 0.0 1.0 1.0 0.0 0.0 0.0 0.0 1.0 0.0 0.0 73.0 255.0 1.0 0.0 0.01 0.02 0.0 0.0 0.0 0.0
0.0 217.0 24760.0 0.0 0.0 0.0 0.0 0.0 0.0 0.0 0.0 0.0 0.0 0.0 0.0 2.0 9.0 0.0 0.0 0.0 0.0 1.0 0.0 0.22 2.0 255.0 1.0 0.0 0.5 0.02 0.0 0.01 0.0 0.0
0.0 193.0 2944.0 0.0 0.0 0.0 0.0 0.0 0.0 0.0 0.0 0.0 0.0 0.0 0.0 4.0 12.0 0.0 0.0 0.0 0.0 1.0 0.0 0.25 4.0 255.0 1.0 0.0 0.25 0.04 0.0 0.0 0.0 0.0
0.0 307.0 2000.0 0.0 0.0 0.0 0.0 0.0 0.0 0.0 0.0 0.0 0.0 0.0 0.0 9.0 9.0 0.0 0.0 0.0 0.0 1.0 0.0 0.0 9.0 255.0 1.0 0.0 0.11 0.04 0.0 0.0 0.0 0.0
0.0 303.0 1952.0 0.0 0.0 0.0 0.0 0.0 0.0 0.0 0.0 0.0 0.0 0.0 0.0 4.0 4.0 0.0 0.0 0.0 0.0 1.0 0.0 0.0 19.0 255.0 1.0 0.0 0.05 0.04 0.0 0.0 0.0 0.0
0.0 318.0 2395.0 0.0 0.0 0.0 0.0 0.0 0.0 0.0 0.0 0.0 0.0 0.0 0.0 14.0 14.0 0.0 0.0 0.0 0.0 1.0 0.0 0.0 29.0 255.0 1.0 0.0 0.03 0.04 0.0 0.0 0.0 0.0
0.0 310.0 2112.0 0.0 0.0 0.0 0.0 0.0 0.0 0.0 0.0 0.0 0.0 0.0 0.0 10.0 10.0 0.0 0.0 0.0 0.0 1.0 0.0 0.0 39.0 255.0 1.0 0.0 0.03 0.04 0.0 0.0 0.0 0.0
0.0 312.0 2118.0 0.0 0.0 0.0 0.0 0.0 0.0 0.0 0.0 0.0 0.0 0.0 0.0 5.0 5.0 0.0 0.0 0.0 0.0 1.0 0.0 0.0 49.0 255.0 1.0 0.0 0.02 0.04 0.0 0.0 0.0 0.0
0.0 311.0 2164.0 0.0 0.0 0.0 0.0 0.0 0.0 0.0 0.0 0.0 0.0 0.0 0.0 1.0 1.0 0.0 0.0 0.0 0.0 1.0 0.0 0.0 59.0 255.0 1.0 0.0 0.02 0.04 0.0 0.0 0.0 0.0
0.0 311.0 2195.0 0.0 0.0 0.0 0.0 0.0 0.0 0.0 0.0 0.0 0.0 0.0 0.0 11.0 11.0 0.0 0.0 0.0 0.0 1.0 0.0 0.0 69.0 255.0 1.0 0.0 0.01 0.04 0.0 0.0 0.0 0.0
0.0 320.0 2395.0 0.0 0.0 0.0 0.0 0.0 0.0 0.0 0.0 0.0 0.0 0.0 0.0 7.0 7.0 0.0 0.0 0.0 0.0 1.0 0.0 0.0 79.0 255.0 1.0 0.0 0.01 0.04 0.0 0.0 0.0 0.0
0.0 299.0 3421.0 0.0 0.0 0.0 0.0 0.0 0.0 0.0 0.0 0.0 0.0 0.0 0.0 3.0 3.0 0.0 0.0 0.0 0.0 1.0 0.0 0.0 89.0 255.0 1.0 0.0 0.01 0.03 0.0 0.0 0.0 0.0
0.0 309.0 296.0 0.0 0.0 0.0 0.0 0.0 0.0 0.0 0.0 0.0 0.0 0.0 0.0 13.0 13.0 0.0 0.0 0.0 0.0 1.0 0.0 0.0 99.0 255.0 1.0 0.0 0.01 0.03 0.0 0.0 0.0 0.0
0.0 307.0 2000.0 0.0 0.0 0.0 0.0 0.0 0.0 0.0 0.0 0.0 0.0 0.0 0.0 4.0 14.0 0.0 0.0 0.0 0.0 1.0 0.0 0.14 109.0 255.0 1.0 0.0 0.01 0.03 0.0 0.0 0.0 0.0
0.0 312.0 2195.0 0.0 0.0 0.0 0.0 0.0 0.0 0.0 0.0 0.0 0.0 0.0 0.0 14.0 24.0 0.0 0.0 0.0 0.0 1.0 0.0 0.08 119.0 255.0 1.0 0.0 0.01 0.03 0.0 0.0 0.0 0.0
0.0 245.0 4524.0 0.0 0.0 0.0 0.0 0.0 0.0 0.0 0.0 0.0 0.0 0.0 0.0 10.0 10.0 0.0 0.0 0.0 0.0 1.0 0.0 0.0 129.0 255.0 1.0 0.0 0.01 0.03 0.0 0.0 0.0 0.0
0.0 243.0 5907.0 0.0 0.0 0.0 0.0 0.0 0.0 0.0 0.0 0.0 0.0 0.0 0.0 1.0 1.0 0.0 0.0 0.0 0.0 1.0 0.0 0.0 139.0 255.0 1.0 0.0 0.01 0.03 0.0 0.0 0.0 0.0
0.0 307.0 296.0 0.0 0.0 0.0 0.0 0.0 0.0 0.0 0.0 0.0 0.0 0.0 0.0 11.0 11.0 0.0 0.0 0.0 0.0 1.0 0.0 0.0 149.0 255.0 1.0 0.0 0.01 0.03 0.0 0.0 0.0 0.0
0.0 306.0 304.0 0.0 0.0 0.0 0.0 0.0 0.0 0.0 0.0 0.0 0.0 0.0 0.0 6.0 6.0 0.0 0.0 0.0 0.0 1.0 0.0 0.0 159.0 255.0 1.0 0.0 0.01 0.03 0.0 0.0 0.0 0.0
0.0 304.0 1952.0 0.0 0.0 0.0 0.0 0.0 0.0 0.0 0.0 0.0 0.0 0.0 0.0 2.0 2.0 0.0 0.0 0.0 0.0 1.0 0.0 0.0 169.0 255.0 1.0 0.0 0.01 0.02 0.0 0.0 0.0 0.0
0.0 244.0 4437.0 0.0 0.0 0.0 0.0 0.0 0.0 0.0 0.0 0.0 0.0 0.0 0.0 12.0 12.0 0.0 0.0 0.0 0.0 1.0 0.0 0.0 179.0 255.0 1.0 0.0 0.01 0.02 0.0 0.0 0.0 0.0
0.0 307.0 296.0 0.0 0.0 0.0 0.0 0.0 0.0 0.0 0.0 0.0 0.0 0.0 0.0 7.0 7.0 0.0 0.0 0.0 0.0 1.0 0.0 0.0 189.0 255.0 1.0 0.0 0.01 0.02 0.0 0.0 0.0 0.0
0.0 302.0 1952.0 0.0 0.0 0.0 0.0 0.0 0.0 0.0 0.0 0.0 0.0 0.0 0.0 3.0 3.0 0.0 0.0 0.0 0.0 1.0 0.0 0.0 199.0 255.0 1.0 0.0 0.01 0.02 0.0 0.0 0.0 0.0
0.0 305.0 2063.0 0.0 0.0 0.0 0.0 0.0 0.0 0.0 0.0 0.0 0.0 0.0 0.0 13.0 13.0 0.0 0.0 0.0 0.0 1.0 0.0 0.0 209.0 255.0 1.0 0.0 0.0 0.02 0.0 0.0 0.0 0.0
0.0 312.0 2305.0 0.0 0.0 0.0 0.0 0.0 0.0 0.0 0.0 0.0 0.0 0.0 0.0 9.0 9.0 0.0 0.0 0.0 0.0 1.0 0.0 0.0 219.0 255.0 1.0 0.0 0.0 0.02 0.0 0.0 0.0 0.0
0.0 243.0 4524.0 0.0 0.0 0.0 0.0 0.0 0.0 0.0 0.0 0.0 0.0 0.0 0.0 5.0 5.0 0.0 0.0 0.0 0.0 1.0 0.0 0.0 229.0 255.0 1.0 0.0 0.0 0.02 0.0 0.0 0.0 0.0
0.0 307.0 296.0 0.0 0.0 0.0 0.0 0.0 0.0 0.0 0.0 0.0 0.0 0.0 0.0 15.0 15.0 0.0 0.0 0.0 0.0 1.0 0.0 0.0 239.0 255.0 1.0 0.0 0.0 0.02 0.0 0.0 0.0 0.0
0.0 310.0 2164.0 0.0 0.0 0.0 0.0 0.0 0.0 0.0 0.0 0.0 0.0 0.0 0.0 6.0 6.0 0.0 0.0 0.0 0.0 1.0 0.0 0.0 249.0 255.0 1.0 0.0 0.0 0.01 0.0 0.0 0.0 0.0
0.0 304.0 3609.0 0.0 0.0 0.0 0.0 0.0 0.0 0.0 0.0 0.0 0.0 0.0 0.0 2.0 16.0 0.0 0.0 0.0 0.0 1.0 0.0 0.12 255.0 255.0 1.0 0.0 0.0 0.0 0.0 0.0 0.0 0.0
0.0 310.0 2195.0 0.0 0.0 0.0 0.0 0.0 0.0 0.0 0.0 0.0 0.0 0.0 0.0 12.0 26.0 0.0 0.0 0.0 0.0 1.0 0.0 0.08 255.0 255.0 1.0 0.0 0.0 0.0 0.0 0.0 0.0 0.0
0.0 296.0 1040.0 0.0 0.0 0.0 0.0 0.0 0.0 0.0 0.0 0.0 0.0 0.0 0.0 2.0 2.0 0.0 0.0 0.0 0.0 1.0 0.0 0.0 255.0 255.0 1.0 0.0 0.0 0.0 0.0 0.0 0.0 0.0
0.0 297.0 468.0 0.0 0.0 0.0 0.0 0.0 0.0 0.0 0.0 0.0 0.0 0.0 0.0 12.0 12.0 0.0 0.0 0.0 0.0 1.0 0.0 0.0 255.0 255.0 1.0 0.0 0.0 0.0 0.0 0.0 0.0 0.0
0.0 150.0 435.0 0.0 0.0 0.0 0.0 0.0 0.0 0.0 0.0 0.0 0.0 0.0 0.0 1.0 1.0 0.0 0.0 0.0 0.0 1.0 0.0 0.0 2.0 255.0 1.0 0.0 0.5 0.01 0.0 0.0 0.0 0.0
0.0 236.0 1177.0 0.0 0.0 0.0 0.0 0.0 0.0 0.0 0.0 0.0 0.0 0.0 0.0 5.0 22.0 0.0 0.0 0.0 0.0 1.0 0.0 0.09 8.0 255.0 1.0 0.0 0.12 0.02 0.0 0.0 0.0 0.0
0.0 147.0 1423.0 0.0 0.0 0.0 0.0 0.0 0.0 0.0 0.0 0.0 0.0 0.0 0.0 3.0 3.0 0.0 0.0 0.0 0.0 1.0 0.0 0.0 3.0 255.0 1.0 0.0 0.33 0.02 0.0 0.0 0.0 0.0
0.0 216.0 55804.0 0.0 0.0 0.0 0.0 0.0 0.0 0.0 0.0 0.0 0.0 0.0 0.0 13.0 13.0 0.0 0.0 0.0 0.0 1.0 0.0 0.0 13.0 255.0 1.0 0.0 0.08 0.02 0.0 0.0 0.0 0.0
0.0 235.0 1423.0 0.0 0.0 0.0 0.0 0.0 0.0 0.0 0.0 0.0 0.0 0.0 0.0 2.0 2.0 0.0 0.0 0.0 0.0 1.0 0.0 0.0 23.0 255.0 1.0 0.0 0.04 0.02 0.0 0.0 0.0 0.0
0.0 302.0 1164.0 0.0 0.0 0.0 0.0 0.0 0.0 0.0 0.0 0.0 0.0 0.0 0.0 12.0 12.0 0.0 0.0 0.0 0.0 1.0 0.0 0.0 33.0 255.0 1.0 0.0 0.03 0.02 0.0 0.0 0.0 0.0
0.0 163.0 1833.0 0.0 0.0 0.0 0.0 0.0 0.0 0.0 0.0 0.0 0.0 0.0 0.0 1.0 1.0 0.0 0.0 0.0 0.0 1.0 0.0 0.0 1.0 255.0 1.0 0.0 1.0 0.03 0.0 0.0 0.0 0.0
0.0 222.0 317.0 0.0 0.0 0.0 0.0 0.0 0.0 0.0 0.0 0.0 0.0 0.0 0.0 1.0 1.0 0.0 0.0 0.0 0.0 1.0 0.0 0.0 11.0 255.0 1.0 0.0 0.09 0.03 0.0 0.0 0.0 0.0
0.0 219.0 332.0 0.0 0.0 0.0 0.0 0.0 0.0 0.0 0.0 0.0 0.0 0.0 0.0 3.0 3.0 0.0 0.0 0.0 0.0 1.0 0.0 0.0 21.0 255.0 1.0 0.0 0.05 0.03 0.0 0.0 0.0 0.0
0.0 214.0 332.0 0.0 0.0 0.0 0.0 0.0 0.0 0.0 0.0 0.0 0.0 0.0 0.0 3.0 3.0 0.0 0.0 0.0 0.0 1.0 0.0 0.0 31.0 255.0 1.0 0.0 0.03 0.03 0.0 0.0 0.0 0.0
0.0 217.0 693.0 0.0 0.0 0.0 0.0 0.0 0.0 0.0 0.0 0.0 0.0 0.0 0.0 5.0 5.0 0.0 0.0 0.0 0.0 1.0 0.0 0.0 41.0 255.0 1.0 0.0 0.02 0.03 0.0 0.0 0.0 0.0
0.0 222.0 7832.0 0.0 0.0 0.0 0.0 0.0 0.0 0.0 0.0 0.0 0.0 0.0 0.0 5.0 5.0 0.0 0.0 0.0 0.0 1.0 0.0 0.0 5.0 255.0 1.0 0.0 0.2 0.03 0.0 0.0 0.0 0.0
0.0 204.0 9441.0 0.0 0.0 0.0 0.0 0.0 0.0 0.0 0.0 0.0 0.0 0.0 0.0 1.0 1.0 0.0 0.0 0.0 0.0 1.0 0.0 0.0 1.0 255.0 1.0 0.0 1.0 0.04 0.0 0.0 0.0 0.0
0.0 212.0 4433.0 0.0 0.0 0.0 0.0 0.0 0.0 0.0 0.0 0.0 0.0 0.0 0.0 11.0 11.0 0.0 0.0 0.0 0.0 1.0 0.0 0.0 11.0 255.0 1.0 0.0 0.09 0.04 0.0 0.0 0.0 0.0
0.0 213.0 1628.0 0.0 0.0 0.0 0.0 0.0 0.0 0.0 0.0 0.0 0.0 0.0 0.0 5.0 5.0 0.0 0.0 0.0 0.0 1.0 0.0 0.0 21.0 255.0 1.0 0.0 0.05 0.04 0.0 0.0 0.0 0.0
0.0 170.0 3593.0 0.0 0.0 0.0 0.0 0.0 0.0 0.0 0.0 0.0 0.0 0.0 0.0 1.0 1.0 0.0 0.0 0.0 0.0 1.0 0.0 0.0 31.0 255.0 1.0 0.0 0.03 0.04 0.0 0.0 0.0 0.0
0.0 215.0 4132.0 0.0 0.0 0.0 0.0 0.0 0.0 0.0 0.0 0.0 0.0 0.0 0.0 1.0 15.0 0.0 0.0 0.0 0.0 1.0 0.0 0.13 41.0 255.0 1.0 0.0 0.02 0.04 0.0 0.0 0.0 0.0
0.0 215.0 1869.0 0.0 0.0 0.0 0.0 0.0 0.0 0.0 0.0 0.0 0.0 0.0 0.0 11.0 11.0 0.0 0.0 0.0 0.0 1.0 0.0 0.0 51.0 255.0 1.0 0.0 0.02 0.04 0.0 0.0 0.0 0.0
0.0 215.0 3755.0 0.0 0.0 0.0 0.0 0.0 0.0 0.0 0.0 0.0 0.0 0.0 0.0 7.0 8.0 0.0 0.0 0.0 0.0 1.0 0.0 0.25 7.0 255.0 1.0 0.0 0.14 0.04 0.0 0.0 0.0 0.0
0.0 213.0 13595.0 0.0 0.0 0.0 0.0 0.0 0.0 0.0 0.0 0.0 0.0 0.0 0.0 6.0 8.0 0.0 0.0 0.0 0.0 1.0 0.0 0.38 6.0 255.0 1.0 0.0 0.17 0.04 0.0 0.0 0.0 0.0
0.0 195.0 8021.0 0.0 0.0 0.0 0.0 0.0 0.0 0.0 0.0 0.0 0.0 0.0 0.0 8.0 8.0 0.0 0.0 0.0 0.0 1.0 0.0 0.0 16.0 255.0 1.0 0.0 0.06 0.04 0.0 0.0 0.0 0.0
0.0 156.0 4027.0 0.0 0.0 0.0 0.0 0.0 0.0 0.0 0.0 0.0 0.0 0.0 0.0 5.0 5.0 0.0 0.0 0.0 0.0 1.0 0.0 0.0 5.0 255.0 1.0 0.0 0.2 0.05 0.0 0.0 0.0 0.0
0.0 209.0 52834.0 0.0 0.0 0.0 0.0 0.0 0.0 0.0 0.0 0.0 0.0 0.0 0.0 1.0 1.0 0.0 0.0 0.0 0.0 1.0 0.0 0.0 15.0 255.0 1.0 0.0 0.07 0.05 0.0 0.0 0.0 0.0
0.0 178.0 14496.0 0.0 0.0 0.0 0.0 0.0 0.0 0.0 0.0 0.0 0.0 0.0 0.0 5.0 5.0 0.0 0.0 0.0 0.0 1.0 0.0 0.0 25.0 255.0 1.0 0.0 0.04 0.05 0.0 0.0 0.0 0.0
0.0 307.0 3712.0 0.0 0.0 0.0 0.0 0.0 0.0 0.0 0.0 0.0 0.0 0.0 0.0 1.0 1.0 0.0 0.0 0.0 0.0 1.0 0.0 0.0 35.0 255.0 1.0 0.0 0.03 0.05 0.0 0.0 0.0 0.0
0.0 178.0 14496.0 0.0 0.0 0.0 0.0 0.0 0.0 0.0 0.0 0.0 0.0 0.0 0.0 4.0 4.0 0.0 0.0 0.0 0.0 1.0 0.0 0.0 45.0 255.0 1.0 0.0 0.02 0.05 0.0 0.0 0.0 0.0
0.0 267.0 14496.0 0.0 0.0 0.0 0.0 0.0 0.0 0.0 0.0 0.0 0.0 0.0 0.0 7.0 7.0 0.0 0.0 0.0 0.0 1.0 0.0 0.0 55.0 255.0 1.0 0.0 0.02 0.04 0.0 0.0 0.0 0.0
0.0 180.0 9317.0 0.0 0.0 0.0 0.0 0.0 0.0 0.0 0.0 0.0 0.0 0.0 0.0 7.0 7.0 0.0 0.0 0.0 0.0 1.0 0.0 0.0 65.0 255.0 1.0 0.0 0.02 0.04 0.0 0.0 0.0 0.0
0.0 145.0 21620.0 0.0 0.0 0.0 0.0 0.0 0.0 0.0 0.0 0.0 0.0 0.0 0.0 1.0 1.0 0.0 0.0 0.0 0.0 1.0 0.0 0.0 75.0 255.0 1.0 0.0 0.01 0.03 0.0 0.0 0.0 0.0
0.0 182.0 12149.0 0.0 0.0 0.0 0.0 0.0 0.0 0.0 0.0 0.0 0.0 0.0 0.0 2.0 2.0 0.0 0.0 0.0 0.0 1.0 0.0 0.0 85.0 255.0 1.0 0.0 0.01 0.03 0.0 0.0 0.0 0.0
0.0 141.0 4027.0 0.0 0.0 0.0 0.0 0.0 0.0 0.0 0.0 0.0 0.0 0.0 0.0 2.0 2.0 0.0 0.0 0.0 0.0 1.0 0.0 0.0 95.0 255.0 1.0 0.0 0.01 0.03 0.0 0.0 0.0 0.0
0.0 198.0 12149.0 0.0 0.0 0.0 0.0 0.0 0.0 0.0 0.0 0.0 0.0 0.0 0.0 5.0 5.0 0.0 0.0 0.0 0.0 1.0 0.0 0.0 105.0 255.0 1.0 0.0 0.01 0.03 0.0 0.0 0.0 0.0
0.0 196.0 9317.0 0.0 0.0 0.0 0.0 0.0 0.0 0.0 0.0 0.0 0.0 0.0 0.0 2.0 2.0 0.0 0.0 0.0 0.0 1.0 0.0 0.0 115.0 255.0 1.0 0.0 0.01 0.03 0.0 0.0 0.0 0.0
0.0 189.0 9442.0 0.0 0.0 0.0 0.0 0.0 0.0 0.0 0.0 0.0 0.0 0.0 0.0 5.0 5.0 0.0 0.0 0.0 0.0 1.0 0.0 0.0 125.0 255.0 1.0 0.0 0.01 0.03 0.0 0.0 0.0 0.0
0.0 203.0 32229.0 0.0 0.0 0.0 0.0 0.0 0.0 0.0 0.0 0.0 0.0 0.0 0.0 6.0 6.0 0.0 0.0 0.0 0.0 1.0 0.0 0.0 135.0 255.0 1.0 0.0 0.01 0.03 0.0 0.0 0.0 0.0
0.0 205.0 7650.0 0.0 0.0 0.0 0.0 0.0 0.0 0.0 0.0 0.0 0.0 0.0 0.0 2.0 16.0 0.0 0.06 0.0 0.0 1.0 0.0 0.12 145.0 255.0 1.0 0.0 0.01 0.03 0.0 0.0 0.0 0.0
0.0 179.0 14496.0 0.0 0.0 0.0 0.0 0.0 0.0 0.0 0.0 0.0 0.0 0.0 0.0 1.0 1.0 0.0 0.0 0.0 0.0 1.0 0.0 0.0 155.0 255.0 1.0 0.0 0.01 0.02 0.0 0.0 0.0 0.0
0.0 180.0 9317.0 0.0 0.0 0.0 0.0 0.0 0.0 0.0 0.0 0.0 0.0 0.0 0.0 2.0 2.0 0.0 0.0 0.0 0.0 1.0 0.0 0.0 165.0 255.0 1.0 0.0 0.01 0.02 0.0 0.0 0.0 0.0
0.0 182.0 9442.0 0.0 0.0 0.0 0.0 0.0 0.0 0.0 0.0 0.0 0.0 0.0 0.0 5.0 20.0 0.0 0.0 0.0 0.0 1.0 0.0 0.1 175.0 255.0 1.0 0.0 0.01 0.02 0.0 0.0 0.0 0.0
0.0 191.0 9073.0 0.0 0.0 0.0 0.0 0.0 0.0 0.0 0.0 0.0 0.0 0.0 0.0 6.0 6.0 0.0 0.0 0.0 0.0 1.0 0.0 0.0 185.0 255.0 1.0 0.0 0.01 0.02 0.0 0.0 0.0 0.0
0.0 179.0 14496.0 0.0 0.0 0.0 0.0 0.0 0.0 0.0 0.0 0.0 0.0 0.0 0.0 1.0 1.0 0.0 0.0 0.0 0.0 1.0 0.0 0.0 195.0 255.0 1.0 0.0 0.01 0.02 0.0 0.0 0.0 0.0
0.0 191.0 9073.0 0.0 0.0 0.0 0.0 0.0 0.0 0.0 0.0 0.0 0.0 0.0 0.0 1.0 1.0 0.0 0.0 0.0 0.0 1.0 0.0 0.0 205.0 255.0 1.0 0.0 0.0 0.02 0.0 0.0 0.0 0.0
0.0 179.0 14496.0 0.0 0.0 0.0 0.0 0.0 0.0 0.0 0.0 0.0 0.0 0.0 0.0 2.0 2.0 0.0 0.0 0.0 0.0 1.0 0.0 0.0 215.0 255.0 1.0 0.0 0.0 0.02 0.0 0.0 0.0 0.0
0.0 182.0 9442.0 0.0 0.0 0.0 0.0 0.0 0.0 0.0 0.0 0.0 0.0 0.0 0.0 2.0 2.0 0.0 0.0 0.0 0.0 1.0 0.0 0.0 225.0 255.0 1.0 0.0 0.0 0.02 0.0 0.0 0.0 0.0
0.0 229.0 4027.0 0.0 0.0 0.0 0.0 0.0 0.0 0.0 0.0 0.0 0.0 0.0 0.0 2.0 14.0 0.0 0.0 0.0 0.0 1.0 0.0 0.14 235.0 255.0 1.0 0.0 0.0 0.01 0.0 0.0 0.0 0.0
0.0 178.0 14496.0 0.0 0.0 0.0 0.0 0.0 0.0 0.0 0.0 0.0 0.0 0.0 0.0 1.0 1.0 0.0 0.0 0.0 0.0 1.0 0.0 0.0 245.0 255.0 1.0 0.0 0.0 0.01 0.0 0.0 0.0 0.0
0.0 202.0 8256.0 0.0 0.0 0.0 0.0 0.0 0.0 0.0 0.0 0.0 0.0 0.0 0.0 2.0 6.0 0.0 0.0 0.0 0.0 1.0 0.0 0.33 255.0 255.0 1.0 0.0 0.0 0.0 0.0 0.0 0.0 0.0
0.0 201.0 8632.0 0.0 0.0 0.0 0.0 0.0 0.0 0.0 0.0 0.0 0.0 0.0 0.0 12.0 27.0 0.0 0.0 0.0 0.0 1.0 0.0 0.07 255.0 255.0 1.0 0.0 0.0 0.0 0.0 0.0 0.0 0.0
0.0 208.0 3712.0 0.0 0.0 0.0 0.0 0.0 0.0 0.0 0.0 0.0 0.0 0.0 0.0 5.0 18.0 0.0 0.0 0.0 0.0 1.0 0.0 0.11 255.0 255.0 1.0 0.0 0.0 0.0 0.0 0.0 0.0 0.0
0.0 269.0 1808.0 0.0 0.0 0.0 0.0 0.0 0.0 0.0 0.0 0.0 0.0 0.0 0.0 1.0 1.0 0.0 0.0 0.0 0.0 1.0 0.0 0.0 255.0 255.0 1.0 0.0 0.0 0.0 0.0 0.0 0.0 0.0
0.0 181.0 9317.0 0.0 0.0 0.0 0.0 0.0 0.0 0.0 0.0 0.0 0.0 0.0 0.0 2.0 2.0 0.0 0.0 0.0 0.0 1.0 0.0 0.0 255.0 255.0 1.0 0.0 0.0 0.0 0.0 0.0 0.0 0.0
0.0 156.0 944.0 0.0 0.0 0.0 0.0 0.0 0.0 0.0 0.0 0.0 0.0 0.0 0.0 1.0 6.0 0.0 0.0 0.0 0.0 1.0 0.0 0.33 255.0 255.0 1.0 0.0 0.0 0.0 0.0 0.0 0.0 0.0
0.0 196.0 32229.0 0.0 0.0 0.0 0.0 0.0 0.0 0.0 0.0 0.0 0.0 0.0 0.0 2.0 2.0 0.0 0.0 0.0 0.0 1.0 0.0 0.0 255.0 255.0 1.0 0.0 0.0 0.0 0.0 0.0 0.0 0.0
0.0 270.0 9442.0 0.0 0.0 0.0 0.0 0.0 0.0 0.0 0.0 0.0 0.0 0.0 0.0 5.0 6.0 0.0 0.0 0.0 0.0 1.0 0.0 0.33 255.0 255.0 1.0 0.0 0.01 0.0 0.0 0.0 0.0 0.0
0.0 269.0 9317.0 0.0 0.0 0.0 0.0 0.0 0.0 0.0 0.0 0.0 0.0 0.0 0.0 2.0 19.0 0.0 0.0 0.0 0.0 1.0 0.0 0.11 255.0 255.0 1.0 0.0 0.0 0.0 0.0 0.0 0.0 0.0
0.0 209.0 26504.0 0.0 0.0 0.0 0.0 0.0 0.0 0.0 0.0 0.0 0.0 0.0 0.0 4.0 4.0 0.0 0.0 0.0 0.0 1.0 0.0 0.0 4.0 255.0 1.0 0.0 0.25 0.01 0.0 0.0 0.0 0.0
0.0 205.0 39788.0 0.0 0.0 0.0 0.0 0.0 0.0 0.0 0.0 0.0 0.0 0.0 0.0 4.0 4.0 0.0 0.0 0.0 0.0 1.0 0.0 0.0 4.0 255.0 1.0 0.0 0.25 0.02 0.0 0.0 0.0 0.0
0.0 203.0 1677.0 0.0 0.0 0.0 0.0 0.0 0.0 0.0 0.0 0.0 0.0 0.0 0.0 8.0 8.0 0.0 0.0 0.0 0.0 1.0 0.0 0.0 8.0 255.0 1.0 0.0 0.12 0.02 0.0 0.0 0.0 0.0
0.0 201.0 12052.0 0.0 0.0 0.0 0.0 0.0 0.0 0.0 0.0 0.0 0.0 0.0 0.0 1.0 1.0 0.0 0.0 0.0 0.0 1.0 0.0 0.0 18.0 255.0 1.0 0.0 0.06 0.02 0.0 0.0 0.0 0.0
0.0 197.0 1887.0 0.0 0.0 0.0 0.0 0.0 0.0 0.0 0.0 0.0 0.0 0.0 0.0 8.0 8.0 0.0 0.0 0.0 0.0 1.0 0.0 0.0 28.0 255.0 1.0 0.0 0.04 0.02 0.0 0.0 0.0 0.0
0.0 185.0 2548.0 0.0 0.0 0.0 0.0 0.0 0.0 0.0 0.0 0.0 0.0 0.0 0.0 1.0 1.0 0.0 0.0 0.0 0.0 1.0 0.0 0.0 38.0 255.0 1.0 0.0 0.03 0.02 0.0 0.0 0.0 0.0
0.0 201.0 1673.0 0.0 0.0 0.0 0.0 0.0 0.0 0.0 0.0 0.0 0.0 0.0 0.0 8.0 11.0 0.0 0.0 0.0 0.0 1.0 0.0 0.18 48.0 255.0 1.0 0.0 0.02 0.02 0.0 0.0 0.0 0.0
0.0 204.0 3330.0 0.0 0.0 0.0 0.0 0.0 0.0 0.0 0.0 0.0 0.0 0.0 0.0 1.0 9.0 0.0 0.0 0.0 0.0 1.0 0.0 0.22 58.0 255.0 1.0 0.0 0.02 0.02 0.0 0.0 0.0 0.0
0.0 222.0 619.0 0.0 0.0 0.0 0.0 0.0 0.0 0.0 0.0 0.0 0.0 0.0 0.0 8.0 8.0 0.0 0.0 0.0 0.0 1.0 0.0 0.0 8.0 255.0 1.0 0.0 0.12 0.02 0.0 0.0 0.0 0.0
0.0 216.0 4258.0 0.0 0.0 0.0 0.0 0.0 0.0 0.0 0.0 0.0 0.0 0.0 0.0 4.0 24.0 0.0 0.0 0.0 0.0 1.0 0.0 0.08 18.0 255.0 1.0 0.0 0.06 0.02 0.0 0.0 0.0 0.0
0.0 247.0 26060.0 0.0 0.0 0.0 0.0 0.0 0.0 0.0 0.0 0.0 0.0 0.0 0.0 4.0 4.0 0.0 0.0 0.0 0.0 1.0 0.0 0.0 28.0 255.0 1.0 0.0 0.04 0.02 0.0 0.0 0.0 0.0
0.0 222.0 619.0 0.0 0.0 0.0 0.0 0.0 0.0 0.0 0.0 0.0 0.0 0.0 0.0 8.0 12.0 0.0 0.0 0.0 0.0 1.0 0.0 0.25 38.0 255.0 1.0 0.0 0.03 0.02 0.0 0.0 0.0 0.0
0.0 195.0 1087.0 0.0 0.0 0.0 0.0 0.0 0.0 0.0 0.0 0.0 0.0 0.0 0.0 8.0 8.0 0.0 0.0 0.0 0.0 1.0 0.0 0.0 48.0 255.0 1.0 0.0 0.02 0.02 0.0 0.0 0.0 0.0
0.0 242.0 302.0 0.0 0.0 0.0 0.0 0.0 0.0 0.0 0.0 0.0 0.0 0.0 0.0 4.0 18.0 0.0 0.0 0.0 0.0 1.0 0.0 0.17 58.0 255.0 1.0 0.0 0.02 0.02 0.0 0.0 0.0 0.0
0.0 231.0 26060.0 0.0 0.0 0.0 0.0 0.0 0.0 0.0 0.0 0.0 0.0 0.0 0.0 4.0 4.0 0.0 0.0 0.0 0.0 1.0 0.0 0.0 68.0 255.0 1.0 0.0 0.01 0.02 0.0 0.0 0.0 0.0
0.0 195.0 1087.0 0.0 0.0 0.0 0.0 0.0 0.0 0.0 0.0 0.0 0.0 0.0 0.0 8.0 8.0 0.0 0.0 0.0 0.0 1.0 0.0 0.0 78.0 255.0 1.0 0.0 0.01 0.02 0.0 0.0 0.0 0.0
0.0 262.0 882.0 0.0 0.0 0.0 0.0 0.0 0.0 0.0 0.0 0.0 0.0 0.0 0.0 7.0 7.0 0.0 0.0 0.0 0.0 1.0 0.0 0.0 7.0 255.0 1.0 0.0 0.14 0.03 0.0 0.0 0.0 0.0
0.0 288.0 1502.0 0.0 0.0 0.0 0.0 0.0 0.0 0.0 0.0 0.0 0.0 0.0 0.0 8.0 15.0 0.0 0.0 0.0 0.0 1.0 0.0 0.2 17.0 255.0 1.0 0.0 0.06 0.03 0.0 0.0 0.0 0.0
0.0 281.0 5211.0 0.0 0.0 0.0 0.0 0.0 0.0 0.0 0.0 0.0 0.0 0.0 0.0 1.0 1.0 0.0 0.0 0.0 0.0 1.0 0.0 0.0 27.0 255.0 1.0 0.0 0.04 0.03 0.0 0.0 0.0 0.0
0.0 217.0 502.0 0.0 0.0 0.0 0.0 0.0 0.0 0.0 0.0 0.0 0.0 0.0 0.0 8.0 8.0 0.0 0.0 0.0 0.0 1.0 0.0 0.0 8.0 255.0 1.0 0.0 0.12 0.04 0.0 0.0 0.0 0.0
0.0 235.0 1175.0 0.0 0.0 0.0 0.0 0.0 0.0 0.0 0.0 0.0 0.0 0.0 0.0 6.0 6.0 0.0 0.0 0.0 0.0 1.0 0.0 0.0 6.0 255.0 1.0 0.0 0.17 0.05 0.0 0.0 0.0 0.0
0.0 222.0 364.0 0.0 0.0 0.0 0.0 0.0 0.0 0.0 0.0 0.0 0.0 0.0 0.0 16.0 18.0 0.0 0.0 0.0 0.0 1.0 0.0 0.11 16.0 255.0 1.0 0.0 0.06 0.05 0.0 0.0 0.0 0.0
0.0 242.0 1175.0 0.0 0.0 0.0 0.0 0.0 0.0 0.0 0.0 0.0 0.0 0.0 0.0 5.0 5.0 0.0 0.0 0.0 0.0 1.0 0.0 0.0 26.0 255.0 1.0 0.0 0.04 0.05 0.0 0.0 0.0 0.0
0.0 241.0 1092.0 0.0 0.0 0.0 0.0 0.0 0.0 0.0 0.0 0.0 0.0 0.0 0.0 15.0 15.0 0.0 0.0 0.0 0.0 1.0 0.0 0.0 36.0 255.0 1.0 0.0 0.03 0.05 0.0 0.0 0.0 0.0
0.0 221.0 5739.0 0.0 0.0 0.0 0.0 0.0 0.0 0.0 0.0 0.0 0.0 0.0 0.0 3.0 3.0 0.0 0.0 0.0 0.0 1.0 0.0 0.0 46.0 255.0 1.0 0.0 0.02 0.05 0.0 0.0 0.0 0.0
0.0 236.0 943.0 0.0 0.0 0.0 0.0 0.0 0.0 0.0 0.0 0.0 0.0 0.0 0.0 13.0 13.0 0.0 0.0 0.0 0.0 1.0 0.0 0.0 56.0 255.0 1.0 0.0 0.02 0.04 0.0 0.0 0.0 0.0
0.0 215.0 36322.0 0.0 0.0 0.0 0.0 0.0 0.0 0.0 0.0 0.0 0.0 0.0 0.0 2.0 2.0 0.0 0.0 0.0 0.0 1.0 0.0 0.0 66.0 255.0 1.0 0.0 0.02 0.04 0.0 0.0 0.0 0.0
0.0 222.0 993.0 0.0 0.0 0.0 0.0 0.0 0.0 0.0 0.0 0.0 0.0 0.0 0.0 12.0 12.0 0.0 0.0 0.0 0.0 1.0 0.0 0.0 76.0 255.0 1.0 0.0 0.01 0.03 0.0 0.0 0.0 0.0
0.0 245.0 1175.0 0.0 0.0 0.0 0.0 0.0 0.0 0.0 0.0 0.0 0.0 0.0 0.0 1.0 7.0 0.0 0.0 0.0 0.0 1.0 0.0 0.29 86.0 255.0 1.0 0.0 0.01 0.03 0.0 0.0 0.0 0.0
