0.0 213.0 261.0 0.0 0.0 0.0 0.0 0.0 0.0 0.0 0.0 0.0 0.0 0.0 0.0 4.0 4.0 0.0 0.0 0.0 0.0 1.0 0.0 0.0 233.0 255.0 1.0 0.0 0.0 0.02 0.0 0.0 0.0 0.0
0.0 253.0 3628.0 0.0 0.0 0.0 0.0 0.0 0.0 0.0 0.0 0.0 0.0 0.0 0.0 3.0 3.0 0.0 0.0 0.0 0.0 1.0 0.0 0.0 243.0 255.0 1.0 0.0 0.0 0.01 0.0 0.0 0.0 0.0
0.0 229.0 4039.0 0.0 0.0 0.0 0.0 0.0 0.0 0.0 0.0 0.0 0.0 0.0 0.0 2.0 13.0 0.0 0.0 0.0 0.0 1.0 0.0 0.15 253.0 255.0 1.0 0.0 0.0 0.01 0.0 0.0 0.0 0.0
0.0 269.0 9317.0 0.0 0.0 0.0 0.0 0.0 0.0 0.0 0.0 0.0 0.0 0.0 0.0 2.0 2.0 0.0 0.0 0.0 0.0 1.0 0.0 0.0 255.0 255.0 1.0 0.0 0.0 0.0 0.0 0.0 0.0 0.0
0.0 270.0 8673.0 0.0 0.0 0.0 0.0 0.0 0.0 0.0 0.0 0.0 0.0 0.0 0.0 5.0 5.0 0.0 0.0 0.0 0.0 1.0 0.0 0.0 255.0 255.0 1.0 0.0 0.0 0.0 0.0 0.0 0.0 0.0
0.0 269.0 9317.0 0.0 0.0 0.0 0.0 0.0 0.0 0.0 0.0 0.0 0.0 0.0 0.0 6.0 6.0 0.0 0.0 0.0 0.0 1.0 0.0 0.0 255.0 255.0 1.0 0.0 0.0 0.0 0.0 0.0 0.0 0.0
0.0 211.0 25925.0 0.0 0.0 0.0 0.0 0.0 0.0 0.0 0.0 0.0 0.0 0.0 0.0 5.0 5.0 0.0 0.0 0.0 0.0 1.0 0.0 0.0 255.0 255.0 1.0 0.0 0.0 0.0 0.0 0.0 0.0 0.0
0.0 242.0 23086.0 0.0 0.0 0.0 0.0 0.0 0.0 0.0 0.0 0.0 0.0 0.0 0.0 1.0 1.0 0.0 0.0 0.0 0.0 1.0 0.0 0.0 255.0 255.0 1.0 0.0 0.0 0.0 0.0 0.0 0.0 0.0
0.0 183.0 9248.0 0.0 0.0 0.0 0.0 0.0 0.0 0.0 0.0 0.0 0.0 0.0 0.0 1.0 1.0 0.0 0.0 0.0 0.0 1.0 0.0 0.0 255.0 255.0 1.0 0.0 0.0 0.0 0.0 0.0 0.0 0.0
0.0 212.0 261.0 0.0 0.0 0.0 0.0 0.0 0.0 0.0 0.0 0.0 0.0 0.0 0.0 5.0 5.0 0.0 0.0 0.0 0.0 1.0 0.0 0.0 255.0 255.0 1.0 0.0 0.0 0.0 0.0 0.0 0.0 0.0
0.0 227.0 60383.0 0.0 0.0 0.0 0.0 0.0 0.0 0.0 0.0 0.0 0.0 0.0 0.0 1.0 2.0 0.0 0.0 0.0 0.0 1.0 0.0 1.0 255.0 255.0 1.0 0.0 0.0 0.0 0.0 0.0 0.0 0.0
0.0 155.0 454.0 0.0 0.0 0.0 0.0 0.0 0.0 0.0 0.0 0.0 0.0 0.0 0.0 3.0 8.0 0.0 0.0 0.0 0.0 1.0 0.0 0.25 255.0 255.0 1.0 0.0 0.0 0.0 0.0 0.0 0.0 0.0
0.0 270.0 8673.0 0.0 0.0 0.0 0.0 0.0 0.0 0.0 0.0 0.0 0.0 0.0 0.0 5.0 7.0 0.0 0.0 0.0 0.0 1.0 0.0 0.43 255.0 255.0 1.0 0.0 0.01 0.0 0.0 0.0 0.0 0.0
0.0 281.0 9248.0 0.0 0.0 0.0 0.0 0.0 0.0 0.0 0.0 0.0 0.0 0.0 0.0 4.0 8.0 0.0 0.0 0.0 0.0 1.0 0.0 0.25 255.0 255.0 1.0 0.0 0.0 0.0 0.0 0.0 0.0 0.0
0.0 312.0 25925.0 0.0 0.0 0.0 0.0 0.0 0.0 0.0 0.0 0.0 0.0 0.0 0.0 7.0 7.0 0.0 0.0 0.0 0.0 1.0 0.0 0.0 255.0 255.0 1.0 0.0 0.0 0.0 0.0 0.0 0.0 0.0
0.0 242.0 24447.0 0.0 0.0 0.0 0.0 0.0 0.0 0.0 0.0 0.0 0.0 0.0 0.0 1.0 1.0 0.0 0.0 0.0 0.0 1.0 0.0 0.0 255.0 255.0 1.0 0.0 0.0 0.0 0.0 0.0 0.0 0.0
0.0 290.0 320.0 0.0 0.0 0.0 0.0 0.0 0.0 0.0 0.0 0.0 0.0 0.0 0.0 5.0 5.0 0.0 0.0 0.0 0.0 1.0 0.0 0.0 255.0 255.0 1.0 0.0 0.0 0.0 0.0 0.0 0.0 0.0
0.0 271.0 9248.0 0.0 0.0 0.0 0.0 0.0 0.0 0.0 0.0 0.0 0.0 0.0 0.0 6.0 22.0 0.0 0.0 0.0 0.0 1.0 0.0 0.18 255.0 255.0 1.0 0.0 0.0 0.0 0.0 0.0 0.0 0.0
0.0 162.0 3686.0 0.0 0.0 0.0 0.0 0.0 0.0 0.0 0.0 0.0 0.0 0.0 0.0 1.0 1.0 0.0 0.0 0.0 0.0 1.0 0.0 0.0 255.0 255.0 1.0 0.0 0.0 0.0 0.0 0.0 0.0 0.0
0.0 178.0 14496.0 0.0 0.0 0.0 0.0 0.0 0.0 0.0 0.0 0.0 0.0 0.0 0.0 7.0 15.0 0.0 0.0 0.0 0.0 1.0 0.0 0.2 255.0 255.0 1.0 0.0 0.0 0.0 0.0 0.0 0.0 0.0
0.0 190.0 9317.0 0.0 0.0 0.0 0.0 0.0 0.0 0.0 0.0 0.0 0.0 0.0 0.0 6.0 6.0 0.0 0.0 0.0 0.0 1.0 0.0 0.0 255.0 255.0 1.0 0.0 0.0 0.0 0.0 0.0 0.0 0.0
0.0 203.0 438.0 0.0 0.0 0.0 0.0 0.0 0.0 0.0 0.0 0.0 0.0 0.0 0.0 3.0 10.0 0.0 0.0 0.0 0.0 1.0 0.0 0.2 255.0 255.0 1.0 0.0 0.0 0.0 0.0 0.0 0.0 0.0
0.0 174.0 1772.0 0.0 0.0 0.0 0.0 0.0 0.0 0.0 0.0 0.0 0.0 0.0 0.0 1.0 1.0 0.0 0.0 0.0 0.0 1.0 0.0 0.0 255.0 255.0 1.0 0.0 0.0 0.0 0.0 0.0 0.0 0.0
0.0 178.0 14496.0 0.0 0.0 0.0 0.0 0.0 0.0 0.0 0.0 0.0 0.0 0.0 0.0 1.0 1.0 0.0 0.0 0.0 0.0 1.0 0.0 0.0 255.0 255.0 1.0 0.0 0.0 0.0 0.0 0.0 0.0 0.0
0.0 271.0 9248.0 0.0 0.0 0.0 0.0 0.0 0.0 0.0 0.0 0.0 0.0 0.0 0.0 4.0 27.0 0.0 0.0 0.0 0.0 1.0 0.0 0.07 255.0 255.0 1.0 0.0 0.0 0.0 0.0 0.0 0.0 0.0
0.0 267.0 14496.0 0.0 0.0 0.0 0.0 0.0 0.0 0.0 0.0 0.0 0.0 0.0 0.0 7.0 7.0 0.0 0.0 0.0 0.0 1.0 0.0 0.0 255.0 255.0 1.0 0.0 0.0 0.0 0.0 0.0 0.0 0.0
0.0 329.0 8437.0 0.0 0.0 0.0 0.0 0.0 0.0 0.0 0.0 0.0 0.0 0.0 0.0 3.0 3.0 0.0 0.0 0.0 0.0 1.0 0.0 0.0 255.0 255.0 1.0 0.0 0.0 0.0 0.0 0.0 0.0 0.0
0.0 299.0 9248.0 0.0 0.0 0.0 0.0 0.0 0.0 0.0 0.0 0.0 0.0 0.0 0.0 6.0 6.0 0.0 0.0 0.0 0.0 1.0 0.0 0.0 255.0 255.0 1.0 0.0 0.0 0.0 0.0 0.0 0.0 0.0
0.0 197.0 8673.0 0.0 0.0 0.0 0.0 0.0 0.0 0.0 0.0 0.0 0.0 0.0 0.0 3.0 3.0 0.0 0.0 0.0 0.0 1.0 0.0 0.0 255.0 255.0 1.0 0.0 0.0 0.0 0.0 0.0 0.0 0.0
0.0 202.0 399.0 0.0 0.0 0.0 0.0 0.0 0.0 0.0 0.0 0.0 0.0 0.0 0.0 3.0 3.0 0.0 0.0 0.0 0.0 1.0 0.0 0.0 255.0 255.0 1.0 0.0 0.01 0.0 0.0 0.0 0.0 0.0
0.0 156.0 4039.0 0.0 0.0 0.0 0.0 0.0 0.0 0.0 0.0 0.0 0.0 0.0 0.0 2.0 2.0 0.0 0.0 0.0 0.0 1.0 0.0 0.0 255.0 255.0 1.0 0.0 0.0 0.0 0.0 0.0 0.0 0.0
0.0 212.0 9736.0 0.0 0.0 0.0 0.0 0.0 0.0 0.0 0.0 0.0 0.0 0.0 0.0 5.0 5.0 0.0 0.0 0.0 0.0 1.0 0.0 0.0 255.0 255.0 1.0 0.0 0.0 0.0 0.0 0.0 0.0 0.0
0.0 267.0 9317.0 0.0 0.0 0.0 0.0 0.0 0.0 0.0 0.0 0.0 0.0 0.0 0.0 7.0 16.0 0.0 0.0 0.0 0.0 1.0 0.0 0.12 255.0 255.0 1.0 0.0 0.0 0.0 0.0 0.0 0.0 0.0
0.0 287.0 5989.0 0.0 0.0 0.0 0.0 0.0 0.0 0.0 0.0 0.0 0.0 0.0 0.0 3.0 3.0 0.0 0.0 0.0 0.0 1.0 0.0 0.0 3.0 255.0 1.0 0.0 0.33 0.01 0.0 0.0 0.0 0.0
0.0 288.0 6960.0 0.0 0.0 0.0 0.0 0.0 0.0 0.0 0.0 0.0 0.0 0.0 0.0 13.0 13.0 0.0 0.0 0.0 0.0 1.0 0.0 0.0 13.0 255.0 1.0 0.0 0.08 0.01 0.0 0.0 0.0 0.0
0.0 202.0 6992.0 0.0 0.0 0.0 0.0 0.0 0.0 0.0 0.0 0.0 0.0 0.0 0.0 7.0 7.0 0.0 0.0 0.0 0.0 1.0 0.0 0.0 23.0 255.0 1.0 0.0 0.04 0.01 0.0 0.0 0.0 0.0
0.0 251.0 2126.0 0.0 0.0 0.0 0.0 0.0 0.0 0.0 0.0 0.0 0.0 0.0 0.0 1.0 1.0 0.0 0.0 0.0 0.0 1.0 0.0 0.0 33.0 255.0 1.0 0.0 0.03 0.01 0.0 0.0 0.0 0.0
0.0 286.0 6960.0 0.0 0.0 0.0 0.0 0.0 0.0 0.0 0.0 0.0 0.0 0.0 0.0 8.0 8.0 0.0 0.0 0.0 0.0 1.0 0.0 0.0 43.0 255.0 1.0 0.0 0.02 0.01 0.0 0.0 0.0 0.0
0.0 242.0 2466.0 0.0 0.0 0.0 0.0 0.0 0.0 0.0 0.0 0.0 0.0 0.0 0.0 1.0 1.0 0.0 0.0 0.0 0.0 1.0 0.0 0.0 1.0 255.0 1.0 0.0 1.0 0.01 0.0 0.0 0.0 0.0
0.0 305.0 5191.0 0.0 0.0 0.0 0.0 0.0 0.0 0.0 0.0 0.0 0.0 0.0 0.0 2.0 2.0 0.0 0.0 0.0 0.0 1.0 0.0 0.0 11.0 255.0 1.0 0.0 0.09 0.01 0.0 0.0 0.0 0.0
0.0 209.0 1018.0 0.0 0.0 0.0 0.0 0.0 0.0 0.0 0.0 0.0 0.0 0.0 0.0 4.0 4.0 0.0 0.0 0.0 0.0 1.0 0.0 0.0 9.0 255.0 1.0 0.0 0.11 0.02 0.0 0.0 0.0 0.0
0.0 294.0 31951.0 0.0 0.0 0.0 0.0 0.0 0.0 0.0 0.0 0.0 0.0 0.0 0.0 6.0 6.0 0.0 0.0 0.0 0.0 1.0 0.0 0.0 6.0 255.0 1.0 0.0 0.17 0.02 0.0 0.0 0.0 0.0
0.0 291.0 3848.0 0.0 0.0 0.0 0.0 0.0 0.0 0.0 0.0 0.0 0.0 0.0 0.0 16.0 16.0 0.0 0.0 0.0 0.0 1.0 0.0 0.0 16.0 255.0 1.0 0.0 0.06 0.02 0.0 0.0 0.0 0.0
0.0 299.0 1868.0 0.0 0.0 0.0 0.0 0.0 0.0 0.0 0.0 0.0 0.0 0.0 0.0 4.0 4.0 0.0 0.0 0.0 0.0 1.0 0.0 0.0 26.0 255.0 1.0 0.0 0.04 0.02 0.0 0.0 0.0 0.0
0.0 298.0 6681.0 0.0 0.0 0.0 0.0 0.0 0.0 0.0 0.0 0.0 0.0 0.0 0.0 3.0 3.0 0.0 0.0 0.0 0.0 1.0 0.0 0.0 36.0 255.0 1.0 0.0 0.03 0.02 0.0 0.0 0.0 0.0
0.0 296.0 511.0 0.0 0.0 0.0 0.0 0.0 0.0 0.0 0.0 0.0 0.0 0.0 0.0 13.0 13.0 0.0 0.0 0.0 0.0 1.0 0.0 0.0 46.0 255.0 1.0 0.0 0.02 0.02 0.0 0.0 0.0 0.0
0.0 311.0 3309.0 0.0 0.0 0.0 0.0 0.0 0.0 0.0 0.0 0.0 0.0 0.0 0.0 1.0 1.0 0.0 0.0 0.0 0.0 1.0 0.0 0.0 56.0 255.0 1.0 0.0 0.02 0.02 0.0 0.0 0.0 0.0
0.0 314.0 762.0 0.0 0.0 0.0 0.0 0.0 0.0 0.0 0.0 0.0 0.0 0.0 0.0 11.0 11.0 0.0 0.0 0.0 0.0 1.0 0.0 0.0 66.0 255.0 1.0 0.0 0.02 0.02 0.0 0.0 0.0 0.0
0.0 217.0 1320.0 0.0 0.0 0.0 0.0 0.0 0.0 0.0 0.0 0.0 0.0 0.0 0.0 4.0 4.0 0.0 0.0 0.0 0.0 1.0 0.0 0.0 10.0 255.0 1.0 0.0 0.1 0.03 0.0 0.0 0.0 0.0
0.0 231.0 12631.0 0.0 0.0 0.0 0.0 0.0 0.0 0.0 0.0 0.0 0.0 0.0 0.0 1.0 1.0 0.0 0.0 0.0 0.0 1.0 0.0 0.0 20.0 255.0 1.0 0.0 0.05 0.03 0.0 0.0 0.0 0.0
0.0 199.0 4258.0 0.0 0.0 0.0 0.0 0.0 0.0 0.0 0.0 0.0 0.0 0.0 0.0 4.0 7.0 0.0 0.0 0.0 0.0 1.0 0.0 0.29 4.0 255.0 1.0 0.0 0.25 0.03 0.0 0.0 0.0 0.0
0.0 206.0 619.0 0.0 0.0 0.0 0.0 0.0 0.0 0.0 0.0 0.0 0.0 0.0 0.0 4.0 5.0 0.0 0.0 0.0 0.0 1.0 0.0 0.4 14.0 255.0 1.0 0.0 0.07 0.03 0.0 0.0 0.0 0.0
0.0 235.0 571.0 0.0 0.0 0.0 0.0 0.0 0.0 0.0 0.0 0.0 0.0 0.0 0.0 1.0 1.0 0.0 0.0 0.0 0.0 1.0 0.0 0.0 4.0 255.0 1.0 0.0 0.25 0.04 0.0 0.0 0.0 0.0
0.0 296.0 302.0 0.0 0.0 0.0 0.0 0.0 0.0 0.0 0.0 0.0 0.0 0.0 0.0 3.0 3.0 0.0 0.0 0.0 0.0 1.0 0.0 0.0 3.0 255.0 1.0 0.0 0.33 0.04 0.0 0.0 0.0 0.0
0.0 315.0 1306.0 0.0 0.0 0.0 0.0 0.0 0.0 0.0 0.0 0.0 0.0 0.0 0.0 2.0 2.0 0.0 0.0 0.0 0.0 1.0 0.0 0.0 13.0 255.0 1.0 0.0 0.08 0.04 0.0 0.0 0.0 0.0
0.0 216.0 2985.0 0.0 0.0 0.0 0.0 0.0 0.0 0.0 0.0 0.0 0.0 0.0 0.0 4.0 6.0 0.0 0.0 0.0 0.0 1.0 0.0 0.5 4.0 255.0 1.0 0.0 0.25 0.05 0.0 0.0 0.0 0.0
0.0 214.0 19598.0 0.0 0.0 0.0 0.0 0.0 0.0 0.0 0.0 0.0 0.0 0.0 0.0 14.0 28.0 0.0 0.0 0.0 0.0 1.0 0.0 0.11 14.0 255.0 1.0 0.0 0.07 0.05 0.0 0.0 0.0 0.0
0.0 258.0 286.0 0.0 0.0 0.0 0.0 0.0 0.0 0.0 0.0 0.0 0.0 0.0 0.0 1.0 2.0 0.0 0.0 0.0 0.0 1.0 0.0 1.0 10.0 255.0 1.0 0.0 0.1 0.05 0.0 0.0 0.0 0.0
0.0 199.0 471.0 0.0 0.0 0.0 0.0 0.0 0.0 0.0 0.0 0.0 0.0 0.0 0.0 1.0 1.0 0.0 0.0 0.0 0.0 1.0 0.0 0.0 20.0 255.0 1.0 0.0 0.05 0.05 0.0 0.0 0.0 0.0
0.0 175.0 377.0 0.0 0.0 0.0 0.0 0.0 0.0 0.0 0.0 0.0 0.0 0.0 0.0 1.0 2.0 0.0 0.0 0.0 0.0 1.0 0.0 1.0 30.0 255.0 1.0 0.0 0.03 0.05 0.0 0.0 0.0 0.0
0.0 280.0 471.0 0.0 0.0 0.0 0.0 0.0 0.0 0.0 0.0 0.0 0.0 0.0 0.0 2.0 6.0 0.0 0.0 0.0 0.0 1.0 0.0 0.67 40.0 255.0 1.0 0.0 0.03 0.05 0.0 0.0 0.0 0.0
0.0 254.0 2217.0 0.0 0.0 0.0 0.0 0.0 0.0 0.0 0.0 0.0 0.0 0.0 0.0 1.0 13.0 0.0 0.0 0.0 0.0 1.0 0.0 0.15 50.0 255.0 1.0 0.0 0.02 0.05 0.0 0.0 0.0 0.0
0.0 281.0 471.0 0.0 0.0 0.0 0.0 0.0 0.0 0.0 0.0 0.0 0.0 0.0 0.0 8.0 8.0 0.0 0.0 0.0 0.0 1.0 0.0 0.0 60.0 255.0 1.0 0.0 0.02 0.05 0.0 0.0 0.0 0.0
0.0 197.0 29165.0 0.0 0.0 0.0 0.0 0.0 0.0 0.0 0.0 0.0 0.0 0.0 0.0 4.0 4.0 0.0 0.0 0.0 0.0 1.0 0.0 0.0 70.0 255.0 1.0 0.0 0.01 0.05 0.0 0.0 0.0 0.0
0.0 324.0 1600.0 0.0 0.0 0.0 0.0 0.0 0.0 0.0 0.0 0.0 0.0 0.0 0.0 1.0 16.0 0.0 0.0 0.0 0.0 1.0 0.0 0.12 5.0 255.0 1.0 0.0 0.2 0.05 0.0 0.0 0.0 0.0
0.0 324.0 1718.0 0.0 0.0 0.0 0.0 0.0 0.0 0.0 0.0 0.0 0.0 0.0 0.0 11.0 26.0 0.0 0.0 0.0 0.0 1.0 0.0 0.08 15.0 255.0 1.0 0.0 0.07 0.04 0.0 0.0 0.0 0.0
0.0 286.0 1108.0 0.0 0.0 0.0 0.0 0.0 0.0 0.0 0.0 0.0 0.0 0.0 0.0 4.0 4.0 0.0 0.0 0.0 0.0 1.0 0.0 0.0 25.0 255.0 1.0 0.0 0.04 0.04 0.0 0.0 0.0 0.0
0.0 297.0 1645.0 0.0 0.0 0.0 0.0 0.0 0.0 0.0 0.0 0.0 0.0 0.0 0.0 6.0 6.0 0.0 0.0 0.0 0.0 1.0 0.0 0.0 35.0 255.0 1.0 0.0 0.03 0.04 0.0 0.0 0.0 0.0
0.0 303.0 1718.0 0.0 0.0 0.0 0.0 0.0 0.0 0.0 0.0 0.0 0.0 0.0 0.0 3.0 3.0 0.0 0.0 0.0 0.0 1.0 0.0 0.0 45.0 255.0 1.0 0.0 0.02 0.04 0.0 0.0 0.0 0.0
0.0 306.0 1645.0 0.0 0.0 0.0 0.0 0.0 0.0 0.0 0.0 0.0 0.0 0.0 0.0 13.0 13.0 0.0 0.0 0.0 0.0 1.0 0.0 0.0 55.0 255.0 1.0 0.0 0.02 0.04 0.0 0.0 0.0 0.0
0.0 251.0 1694.0 0.0 0.0 0.0 0.0 0.0 0.0 0.0 0.0 0.0 0.0 0.0 0.0 4.0 4.0 0.0 0.0 0.0 0.0 1.0 0.0 0.0 65.0 255.0 1.0 0.0 0.02 0.04 0.0 0.0 0.0 0.0
0.0 162.0 3253.0 0.0 0.0 0.0 0.0 0.0 0.0 0.0 0.0 0.0 0.0 0.0 0.0 1.0 1.0 0.0 0.0 0.0 0.0 1.0 0.0 0.0 75.0 255.0 1.0 0.0 0.01 0.04 0.0 0.0 0.0 0.0
0.0 246.0 1721.0 0.0 0.0 0.0 0.0 0.0 0.0 0.0 0.0 0.0 0.0 0.0 0.0 7.0 46.0 0.0 0.0 0.0 0.0 1.0 0.0 0.04 85.0 255.0 1.0 0.0 0.01 0.04 0.0 0.0 0.0 0.0
0.0 313.0 25519.0 0.0 0.0 0.0 0.0 0.0 0.0 0.0 0.0 0.0 0.0 0.0 0.0 4.0 16.0 0.0 0.0 0.0 0.0 1.0 0.0 0.25 95.0 255.0 1.0 0.0 0.01 0.03 0.0 0.0 0.0 0.0
0.0 322.0 1600.0 0.0 0.0 0.0 0.0 0.0 0.0 0.0 0.0 0.0 0.0 0.0 0.0 10.0 53.0 0.0 0.0 0.0 0.0 1.0 0.0 0.11 105.0 255.0 1.0 0.0 0.01 0.03 0.0 0.0 0.0 0.0
0.0 335.0 1680.0 0.0 0.0 0.0 0.0 0.0 0.0 0.0 0.0 0.0 0.0 0.0 0.0 7.0 7.0 0.0 0.0 0.0 0.0 1.0 0.0 0.0 115.0 255.0 1.0 0.0 0.01 0.03 0.0 0.0 0.0 0.0
0.0 327.0 1695.0 0.0 0.0 0.0 0.0 0.0 0.0 0.0 0.0 0.0 0.0 0.0 0.0 4.0 4.0 0.0 0.0 0.0 0.0 1.0 0.0 0.0 125.0 255.0 1.0 0.0 0.01 0.03 0.0 0.0 0.0 0.0
0.0 347.0 1875.0 0.0 0.0 0.0 0.0 0.0 0.0 0.0 0.0 0.0 0.0 0.0 0.0 1.0 1.0 0.0 0.0 0.0 0.0 1.0 0.0 0.0 135.0 255.0 1.0 0.0 0.01 0.03 0.0 0.0 0.0 0.0
0.0 331.0 3662.0 0.0 0.0 0.0 0.0 0.0 0.0 0.0 0.0 0.0 0.0 0.0 0.0 11.0 11.0 0.0 0.0 0.0 0.0 1.0 0.0 0.0 145.0 255.0 1.0 0.0 0.01 0.02 0.0 0.0 0.0 0.0
0.0 298.0 4023.0 0.0 0.0 0.0 0.0 0.0 0.0 0.0 0.0 0.0 0.0 0.0 0.0 8.0 9.0 0.0 0.0 0.0 0.0 1.0 0.0 0.22 155.0 255.0 1.0 0.0 0.01 0.02 0.0 0.0 0.0 0.0
0.0 292.0 1721.0 0.0 0.0 0.0 0.0 0.0 0.0 0.0 0.0 0.0 0.0 0.0 0.0 1.0 1.0 0.0 0.0 0.0 0.0 1.0 0.0 0.0 165.0 255.0 1.0 0.0 0.01 0.02 0.0 0.0 0.0 0.0
0.0 292.0 1600.0 0.0 0.0 0.0 0.0 0.0 0.0 0.0 0.0 0.0 0.0 0.0 0.0 11.0 11.0 0.0 0.0 0.0 0.0 1.0 0.0 0.0 175.0 255.0 1.0 0.0 0.01 0.01 0.0 0.0 0.0 0.0
0.0 306.0 1875.0 0.0 0.0 0.0 0.0 0.0 0.0 0.0 0.0 0.0 0.0 0.0 0.0 8.0 8.0 0.0 0.0 0.0 0.0 1.0 0.0 0.0 185.0 255.0 1.0 0.0 0.01 0.01 0.0 0.0 0.0 0.0
0.0 297.0 1695.0 0.0 0.0 0.0 0.0 0.0 0.0 0.0 0.0 0.0 0.0 0.0 0.0 5.0 6.0 0.0 0.0 0.0 0.0 1.0 0.0 0.33 195.0 255.0 1.0 0.0 0.01 0.01 0.0 0.0 0.0 0.0
0.0 315.0 1701.0 0.0 0.0 0.0 0.0 0.0 0.0 0.0 0.0 0.0 0.0 0.0 0.0 2.0 2.0 0.0 0.0 0.0 0.0 1.0 0.0 0.0 205.0 255.0 1.0 0.0 0.0 0.01 0.0 0.0 0.0 0.0
0.0 318.0 1645.0 0.0 0.0 0.0 0.0 0.0 0.0 0.0 0.0 0.0 0.0 0.0 0.0 12.0 12.0 0.0 0.0 0.0 0.0 1.0 0.0 0.0 215.0 255.0 1.0 0.0 0.0 0.01 0.0 0.0 0.0 0.0
0.0 317.0 1484.0 0.0 0.0 0.0 0.0 0.0 0.0 0.0 0.0 0.0 0.0 0.0 0.0 9.0 21.0 0.0 0.0 0.0 0.0 1.0 0.0 0.14 225.0 255.0 1.0 0.0 0.0 0.01 0.0 0.0 0.0 0.0
0.0 196.0 25519.0 0.0 0.0 0.0 0.0 0.0 0.0 0.0 0.0 0.0 0.0 0.0 0.0 2.0 2.0 0.0 0.0 0.0 0.0 1.0 0.0 0.0 235.0 255.0 1.0 0.0 0.0 0.01 0.0 0.0 0.0 0.0
0.0 235.0 1718.0 0.0 0.0 0.0 0.0 0.0 0.0 0.0 0.0 0.0 0.0 0.0 0.0 8.0 8.0 0.0 0.0 0.0 0.0 1.0 0.0 0.0 245.0 255.0 1.0 0.0 0.0 0.01 0.0 0.0 0.0 0.0
0.0 253.0 1719.0 0.0 0.0 0.0 0.0 0.0 0.0 0.0 0.0 0.0 0.0 0.0 0.0 1.0 1.0 0.0 0.0 0.0 0.0 1.0 0.0 0.0 255.0 255.0 1.0 0.0 0.0 0.0 0.0 0.0 0.0 0.0
0.0 252.0 1651.0 0.0 0.0 0.0 0.0 0.0 0.0 0.0 0.0 0.0 0.0 0.0 0.0 11.0 11.0 0.0 0.0 0.0 0.0 1.0 0.0 0.0 255.0 255.0 1.0 0.0 0.0 0.0 0.0 0.0 0.0 0.0
0.0 205.0 1108.0 0.0 0.0 0.0 0.0 0.0 0.0 0.0 0.0 0.0 0.0 0.0 0.0 4.0 5.0 0.0 0.0 0.0 0.0 1.0 0.0 0.4 255.0 255.0 1.0 0.0 0.0 0.0 0.0 0.0 0.0 0.0
0.0 243.0 1719.0 0.0 0.0 0.0 0.0 0.0 0.0 0.0 0.0 0.0 0.0 0.0 0.0 10.0 10.0 0.0 0.0 0.0 0.0 1.0 0.0 0.0 255.0 255.0 1.0 0.0 0.0 0.0 0.0 0.0 0.0 0.0
0.0 213.0 1721.0 0.0 0.0 0.0 0.0 0.0 0.0 0.0 0.0 0.0 0.0 0.0 0.0 7.0 7.0 0.0 0.0 0.0 0.0 1.0 0.0 0.0 255.0 255.0 1.0 0.0 0.0 0.0 0.0 0.0 0.0 0.0
0.0 283.0 25519.0 0.0 0.0 0.0 0.0 0.0 0.0 0.0 0.0 0.0 0.0 0.0 0.0 2.0 2.0 0.0 0.0 0.0 0.0 1.0 0.0 0.0 255.0 255.0 1.0 0.0 0.0 0.0 0.0 0.0 0.0 0.0
0.0 301.0 1721.0 0.0 0.0 0.0 0.0 0.0 0.0 0.0 0.0 0.0 0.0 0.0 0.0 8.0 8.0 0.0 0.0 0.0 0.0 1.0 0.0 0.0 255.0 255.0 1.0 0.0 0.0 0.0 0.0 0.0 0.0 0.0
0.0 282.0 24572.0 0.0 0.0 0.0 0.0 0.0 0.0 0.0 0.0 0.0 0.0 0.0 0.0 18.0 18.0 0.0 0.0 0.0 0.0 1.0 0.0 0.0 255.0 255.0 1.0 0.0 0.0 0.0 0.0 0.0 0.0 0.0
0.0 292.0 1701.0 0.0 0.0 0.0 0.0 0.0 0.0 0.0 0.0 0.0 0.0 0.0 0.0 9.0 9.0 0.0 0.0 0.0 0.0 1.0 0.0 0.0 255.0 255.0 1.0 0.0 0.01 0.0 0.0 0.0 0.0 0.0
0.0 167.0 6722.0 0.0 0.0 0.0 0.0 0.0 0.0 0.0 0.0 0.0 0.0 0.0 0.0 2.0 2.0 0.0 0.0 0.0 0.0 1.0 0.0 0.0 255.0 255.0 1.0 0.0 0.0 0.0 0.0 0.0 0.0 0.0
0.0 221.0 1721.0 0.0 0.0 0.0 0.0 0.0 0.0 0.0 0.0 0.0 0.0 0.0 0.0 12.0 12.0 0.0 0.0 0.0 0.0 1.0 0.0 0.0 255.0 255.0 1.0 0.0 0.0 0.0 0.0 0.0 0.0 0.0
0.0 221.0 1719.0 0.0 0.0 0.0 0.0 0.0 0.0 0.0 0.0 0.0 0.0 0.0 0.0 9.0 9.0 0.0 0.0 0.0 0.0 1.0 0.0 0.0 255.0 255.0 1.0 0.0 0.0 0.0 0.0 0.0 0.0 0.0
0.0 230.0 1694.0 0.0 0.0 0.0 0.0 0.0 0.0 0.0 0.0 0.0 0.0 0.0 0.0 6.0 6.0 0.0 0.0 0.0 0.0 1.0 0.0 0.0 255.0 255.0 1.0 0.0 0.0 0.0 0.0 0.0 0.0 0.0
0.0 221.0 1701.0 0.0 0.0 0.0 0.0 0.0 0.0 0.0 0.0 0.0 0.0 0.0 0.0 1.0 1.0 0.0 0.0 0.0 0.0 1.0 0.0 0.0 255.0 255.0 1.0 0.0 0.0 0.0 0.0 0.0 0.0 0.0
0.0 221.0 1600.0 0.0 0.0 0.0 0.0 0.0 0.0 0.0 0.0 0.0 0.0 0.0 0.0 11.0 11.0 0.0 0.0 0.0 0.0 1.0 0.0 0.0 255.0 255.0 1.0 0.0 0.0 0.0 0.0 0.0 0.0 0.0
0.0 212.0 25519.0 0.0 0.0 0.0 0.0 0.0 0.0 0.0 0.0 0.0 0.0 0.0 0.0 4.0 4.0 0.0 0.0 0.0 0.0 1.0 0.0 0.0 255.0 255.0 1.0 0.0 0.0 0.0 0.0 0.0 0.0 0.0
0.0 226.0 1695.0 0.0 0.0 0.0 0.0 0.0 0.0 0.0 0.0 0.0 0.0 0.0 0.0 10.0 10.0 0.0 0.0 0.0 0.0 1.0 0.0 0.0 255.0 255.0 1.0 0.0 0.0 0.0 0.0 0.0 0.0 0.0
0.0 221.0 1718.0 0.0 0.0 0.0 0.0 0.0 0.0 0.0 0.0 0.0 0.0 0.0 0.0 7.0 7.0 0.0 0.0 0.0 0.0 1.0 0.0 0.0 255.0 255.0 1.0 0.0 0.0 0.0 0.0 0.0 0.0 0.0
0.0 250.0 1651.0 0.0 0.0 0.0 0.0 0.0 0.0 0.0 0.0 0.0 0.0 0.0 0.0 4.0 4.0 0.0 0.0 0.0 0.0 1.0 0.0 0.0 255.0 255.0 1.0 0.0 0.0 0.0 0.0 0.0 0.0 0.0
10.0 194.0 954639.0 0.0 0.0 0.0 0.0 0.0 0.0 0.0 0.0 0.0 0.0 0.0 0.0 1.0 1.0 0.0 0.0 0.0 0.0 1.0 0.0 0.0 255.0 255.0 1.0 0.0 0.0 0.0 0.0 0.0 0.0 0.0
0.0 206.0 1694.0 0.0 0.0 0.0 0.0 0.0 0.0 0.0 0.0 0.0 0.0 0.0 0.0 6.0 6.0 0.0 0.0 0.0 0.0 1.0 0.0 0.0 255.0 255.0 1.0 0.0 0.0 0.0 0.0 0.0 0.0 0.0
0.0 215.0 1600.0 0.0 0.0 0.0 0.0 0.0 0.0 0.0 0.0 0.0 0.0 0.0 0.0 3.0 11.0 0.0 0.0 0.0 0.0 1.0 0.0 0.27 255.0 255.0 1.0 0.0 0.0 0.0 0.0 0.0 0.0 0.0
0.0 216.0 1680.0 0.0 0.0 0.0 0.0 0.0 0.0 0.0 0.0 0.0 0.0 0.0 0.0 13.0 21.0 0.0 0.0 0.0 0.0 1.0 0.0 0.14 255.0 255.0 1.0 0.0 0.0 0.0 0.0 0.0 0.0 0.0
0.0 205.0 1651.0 0.0 0.0 0.0 0.0 0.0 0.0 0.0 0.0 0.0 0.0 0.0 0.0 10.0 10.0 0.0 0.0 0.0 0.0 1.0 0.0 0.0 255.0 255.0 1.0 0.0 0.0 0.0 0.0 0.0 0.0 0.0
0.0 218.0 1719.0 0.0 0.0 0.0 0.0 0.0 0.0 0.0 0.0 0.0 0.0 0.0 0.0 7.0 7.0 0.0 0.0 0.0 0.0 1.0 0.0 0.0 255.0 255.0 1.0 0.0 0.0 0.0 0.0 0.0 0.0 0.0
0.0 207.0 1680.0 0.0 0.0 0.0 0.0 0.0 0.0 0.0 0.0 0.0 0.0 0.0 0.0 4.0 4.0 0.0 0.0 0.0 0.0 1.0 0.0 0.0 255.0 255.0 1.0 0.0 0.0 0.0 0.0 0.0 0.0 0.0
0.0 238.0 1875.0 0.0 0.0 0.0 0.0 0.0 0.0 0.0 0.0 0.0 0.0 0.0 0.0 1.0 1.0 0.0 0.0 0.0 0.0 1.0 0.0 0.0 255.0 255.0 1.0 0.0 0.0 0.0 0.0 0.0 0.0 0.0
0.0 236.0 1721.0 0.0 0.0 0.0 0.0 0.0 0.0 0.0 0.0 0.0 0.0 0.0 0.0 11.0 11.0 0.0 0.0 0.0 0.0 1.0 0.0 0.0 255.0 255.0 1.0 0.0 0.0 0.0 0.0 0.0 0.0 0.0
0.0 197.0 1108.0 0.0 0.0 0.0 0.0 0.0 0.0 0.0 0.0 0.0 0.0 0.0 0.0 4.0 4.0 0.0 0.0 0.0 0.0 1.0 0.0 0.0 255.0 255.0 1.0 0.0 0.0 0.0 0.0 0.0 0.0 0.0
0.0 235.0 1695.0 0.0 0.0 0.0 0.0 0.0 0.0 0.0 0.0 0.0 0.0 0.0 0.0 10.0 28.0 0.0 0.0 0.0 0.0 1.0 0.0 0.07 255.0 255.0 1.0 0.0 0.0 0.0 0.0 0.0 0.0 0.0
0.0 7.0 138.0 0.0 0.0 0.0 0.0 0.0 0.0 0.0 0.0 0.0 0.0 0.0 0.0 1.0 1.0 0.0 0.0 0.0 0.0 1.0 0.0 0.0 7.0 1.0 0.14 0.43 0.14 0.0 0.0 0.0 0.0 0.0
0.0 912.0 331.0 0.0 0.0 0.0 0.0 0.0 0.0 0.0 0.0 0.0 0.0 0.0 0.0 1.0 1.0 0.0 0.0 0.0 0.0 1.0 0.0 0.0 17.0 15.0 0.88 0.18 0.06 0.0 0.0 0.0 0.0 0.0
0.0 766.0 324.0 0.0 0.0 0.0 0.0 0.0 0.0 0.0 0.0 0.0 0.0 0.0 0.0 1.0 1.0 0.0 0.0 0.0 0.0 1.0 0.0 0.0 27.0 25.0 0.93 0.11 0.04 0.0 0.0 0.0 0.0 0.0
0.0 1857.0 329.0 0.0 0.0 0.0 0.0 0.0 0.0 0.0 0.0 0.0 0.0 0.0 0.0 1.0 1.0 0.0 0.0 0.0 0.0 1.0 0.0 0.0 37.0 35.0 0.95 0.08 0.03 0.0 0.0 0.0 0.0 0.0
0.0 383.0 0.0 0.0 0.0 0.0 0.0 0.0 0.0 0.0 0.0 0.0 0.0 0.0 0.0 2.0 2.0 0.0 0.0 0.0 0.0 1.0 0.0 0.0 47.0 3.0 0.06 0.09 0.06 0.0 0.0 0.0 0.0 0.0
0.0 245.0 0.0 0.0 0.0 0.0 0.0 0.0 0.0 0.0 1.0 0.0 0.0 0.0 0.0 2.0 2.0 0.0 0.0 0.0 0.0 1.0 0.0 0.0 57.0 8.0 0.14 0.07 0.14 0.0 0.0 0.0 0.0 0.0
0.0 1556.0 0.0 0.0 0.0 0.0 0.0 0.0 0.0 0.0 0.0 0.0 0.0 0.0 0.0 6.0 6.0 0.0 0.0 0.0 0.0 1.0 0.0 0.0 67.0 18.0 0.27 0.06 0.27 0.0 0.0 0.0 0.0 0.0
0.0 10073.0 0.0 0.0 0.0 0.0 0.0 0.0 0.0 0.0 0.0 0.0 0.0 0.0 0.0 16.0 16.0 0.0 0.0 0.0 0.0 1.0 0.0 0.0 77.0 28.0 0.36 0.05 0.36 0.0 0.0 0.0 0.0 0.0
0.0 959.0 331.0 0.0 0.0 0.0 0.0 0.0 0.0 0.0 0.0 0.0 0.0 0.0 0.0 1.0 2.0 0.0 0.0 0.0 0.0 1.0 0.0 1.0 87.0 48.0 0.55 0.05 0.01 0.0 0.0 0.0 0.0 0.0
0.0 11376.0 0.0 0.0 0.0 0.0 0.0 0.0 0.0 0.0 0.0 0.0 0.0 0.0 0.0 1.0 2.0 0.0 0.0 0.0 0.0 1.0 0.0 1.0 97.0 43.0 0.44 0.05 0.44 0.0 0.0 0.0 0.0 0.0
0.0 1874.0 0.0 0.0 0.0 0.0 0.0 0.0 0.0 0.0 0.0 0.0 0.0 0.0 0.0 11.0 12.0 0.0 0.0 0.0 0.0 1.0 0.0 0.17 107.0 53.0 0.5 0.05 0.5 0.0 0.0 0.0 0.0 0.0
1.0 1626.0 326.0 0.0 0.0 0.0 0.0 0.0 0.0 0.0 0.0 0.0 0.0 0.0 0.0 1.0 3.0 0.0 0.0 0.0 0.0 1.0 0.0 1.0 117.0 53.0 0.45 0.04 0.01 0.0 0.0 0.0 0.0 0.0
0.0 1376.0 0.0 0.0 0.0 0.0 0.0 0.0 0.0 0.0 0.0 0.0 0.0 0.0 0.0 2.0 2.0 0.0 0.0 0.0 0.0 1.0 0.0 0.0 127.0 68.0 0.54 0.04 0.54 0.0 0.0 0.0 0.0 0.0
0.0 5336.0 0.0 0.0 0.0 0.0 0.0 0.0 0.0 0.0 0.0 0.0 0.0 0.0 0.0 12.0 12.0 0.0 0.0 0.0 0.0 1.0 0.0 0.0 137.0 78.0 0.57 0.04 0.57 0.0 0.0 0.0 0.0 0.0
0.0 245.0 0.0 0.0 0.0 0.0 0.0 0.0 0.0 0.0 1.0 0.0 0.0 0.0 0.0 2.0 2.0 0.0 0.0 0.0 0.0 1.0 0.0 0.0 147.0 86.0 0.59 0.03 0.59 0.0 0.0 0.0 0.0 0.0
0.0 15722.0 0.0 0.0 0.0 0.0 0.0 0.0 0.0 0.0 0.0 1.0 0.0 0.0 0.0 6.0 6.0 0.0 0.0 0.0 0.0 1.0 0.0 0.0 157.0 96.0 0.61 0.03 0.61 0.0 0.0 0.0 0.0 0.0
1.0 769.0 335.0 0.0 0.0 0.0 0.0 0.0 0.0 0.0 0.0 0.0 0.0 0.0 0.0 1.0 3.0 0.0 0.0 0.0 0.0 1.0 0.0 1.0 167.0 61.0 0.37 0.03 0.01 0.0 0.0 0.0 0.0 0.0
0.0 1272.0 281.0 0.0 0.0 0.0 0.0 0.0 0.0 0.0 0.0 0.0 0.0 0.0 0.0 1.0 1.0 0.0 0.0 0.0 0.0 1.0 0.0 0.0 177.0 70.0 0.4 0.03 0.01 0.0 0.0 0.0 0.0 0.0
0.0 779.0 331.0 0.0 0.0 0.0 0.0 0.0 0.0 0.0 0.0 0.0 0.0 0.0 0.0 1.0 2.0 0.0 0.0 0.0 0.0 1.0 0.0 1.0 187.0 79.0 0.42 0.03 0.01 0.0 0.0 0.0 0.0 0.0
0.0 762.0 328.0 0.0 0.0 0.0 0.0 0.0 0.0 0.0 0.0 0.0 0.0 0.0 0.0 1.0 1.0 0.0 0.0 0.0 0.0 1.0 0.0 0.0 197.0 88.0 0.45 0.03 0.01 0.0 0.0 0.0 0.0 0.0
0.0 960.0 0.0 0.0 0.0 0.0 0.0 0.0 0.0 0.0 0.0 0.0 0.0 0.0 0.0 2.0 2.0 0.0 0.0 0.0 0.0 1.0 0.0 0.0 207.0 108.0 0.52 0.03 0.52 0.0 0.0 0.0 0.0 0.0
0.0 26408.0 0.0 0.0 0.0 0.0 0.0 0.0 0.0 0.0 0.0 0.0 0.0 0.0 0.0 10.0 9.0 0.0 0.0 0.0 0.0 0.9 0.2 0.0 217.0 117.0 0.54 0.03 0.54 0.0 0.0 0.0 0.0 0.0
1.0 2284.0 363.0 0.0 0.0 0.0 0.0 0.0 0.0 0.0 0.0 0.0 0.0 0.0 0.0 1.0 1.0 0.0 0.0 0.0 0.0 1.0 0.0 0.0 227.0 99.0 0.44 0.04 0.0 0.0 0.0 0.0 0.0 0.0
0.0 14189.0 0.0 0.0 0.0 0.0 0.0 0.0 0.0 0.0 0.0 0.0 0.0 0.0 0.0 3.0 3.0 0.0 0.0 0.0 0.0 1.0 0.0 0.0 237.0 127.0 0.54 0.03 0.54 0.0 0.0 0.01 0.0 0.0
0.0 2191.0 0.0 0.0 0.0 0.0 0.0 0.0 0.0 0.0 0.0 0.0 0.0 0.0 0.0 13.0 13.0 0.0 0.0 0.0 0.0 1.0 0.0 0.0 247.0 137.0 0.55 0.03 0.56 0.0 0.0 0.01 0.0 0.0
0.0 859.0 334.0 0.0 0.0 0.0 0.0 0.0 0.0 0.0 0.0 0.0 0.0 0.0 0.0 1.0 1.0 0.0 0.0 0.0 0.0 1.0 0.0 0.0 255.0 105.0 0.41 0.03 0.0 0.0 0.0 0.0 0.0 0.0
1.0 791.0 330.0 0.0 0.0 0.0 0.0 0.0 0.0 0.0 0.0 0.0 0.0 0.0 0.0 1.0 1.0 0.0 0.0 0.0 0.0 1.0 0.0 0.0 255.0 105.0 0.41 0.03 0.0 0.0 0.0 0.0 0.0 0.0
0.0 1154.0 331.0 0.0 0.0 0.0 0.0 0.0 0.0 0.0 0.0 0.0 0.0 0.0 0.0 1.0 1.0 0.0 0.0 0.0 0.0 1.0 0.0 0.0 255.0 104.0 0.41 0.03 0.0 0.0 0.0 0.0 0.0 0.0
0.0 245.0 0.0 0.0 0.0 0.0 0.0 0.0 0.0 0.0 1.0 0.0 0.0 0.0 0.0 1.0 1.0 0.0 0.0 0.0 0.0 1.0 0.0 0.0 255.0 142.0 0.56 0.03 0.56 0.0 0.0 0.01 0.0 0.0
0.0 12165.0 0.0 0.0 0.0 0.0 0.0 0.0 0.0 0.0 0.0 0.0 0.0 0.0 0.0 6.0 6.0 0.0 0.0 0.0 0.0 1.0 0.0 0.0 255.0 152.0 0.6 0.03 0.6 0.0 0.0 0.01 0.0 0.0
0.0 192.0 0.0 0.0 0.0 0.0 0.0 0.0 0.0 0.0 0.0 0.0 0.0 0.0 0.0 1.0 1.0 0.0 0.0 0.0 0.0 1.0 0.0 0.0 255.0 152.0 0.6 0.03 0.6 0.0 0.0 0.01 0.0 0.0
0.0 7233.0 0.0 0.0 0.0 0.0 0.0 0.0 0.0 0.0 0.0 0.0 0.0 0.0 0.0 8.0 8.0 0.0 0.0 0.0 0.0 1.0 0.0 0.0 255.0 155.0 0.61 0.03 0.62 0.0 0.0 0.01 0.0 0.0
0.0 845.0 330.0 0.0 0.0 0.0 0.0 0.0 0.0 0.0 0.0 0.0 0.0 0.0 0.0 2.0 3.0 0.0 0.0 0.0 0.0 1.0 0.0 0.67 255.0 92.0 0.36 0.03 0.0 0.0 0.0 0.0 0.0 0.0
0.0 1707.0 329.0 0.0 0.0 0.0 0.0 0.0 0.0 0.0 0.0 0.0 0.0 0.0 0.0 1.0 1.0 0.0 0.0 0.0 0.0 1.0 0.0 0.0 255.0 102.0 0.4 0.03 0.0 0.0 0.0 0.0 0.0 0.0
1.0 24240.0 304.0 0.0 0.0 0.0 0.0 0.0 0.0 0.0 0.0 0.0 0.0 0.0 0.0 2.0 2.0 0.0 0.0 0.0 0.0 1.0 0.0 0.0 255.0 106.0 0.42 0.03 0.0 0.0 0.0 0.0 0.0 0.0
0.0 967.0 331.0 0.0 0.0 0.0 0.0 0.0 0.0 0.0 0.0 0.0 0.0 0.0 0.0 1.0 1.0 0.0 0.0 0.0 0.0 1.0 0.0 0.0 255.0 112.0 0.44 0.03 0.0 0.0 0.0 0.0 0.0 0.0
0.0 772.0 330.0 0.0 0.0 0.0 0.0 0.0 0.0 0.0 0.0 0.0 0.0 0.0 0.0 1.0 1.0 0.0 0.0 0.0 0.0 1.0 0.0 0.0 255.0 120.0 0.47 0.03 0.0 0.0 0.0 0.0 0.0 0.0
0.0 617.0 326.0 0.0 0.0 0.0 0.0 0.0 0.0 0.0 0.0 0.0 0.0 0.0 0.0 1.0 1.0 0.0 0.0 0.0 0.0 1.0 0.0 0.0 255.0 124.0 0.49 0.03 0.0 0.0 0.0 0.0 0.0 0.0
0.0 1001.0 330.0 0.0 0.0 0.0 0.0 0.0 0.0 0.0 0.0 0.0 0.0 0.0 0.0 1.0 1.0 0.0 0.0 0.0 0.0 1.0 0.0 0.0 255.0 134.0 0.53 0.03 0.0 0.0 0.0 0.0 0.0 0.0
1.0 2361.0 329.0 0.0 0.0 0.0 0.0 0.0 0.0 0.0 0.0 0.0 0.0 0.0 0.0 1.0 3.0 0.0 0.0 0.0 0.0 1.0 0.0 1.0 255.0 143.0 0.56 0.03 0.0 0.0 0.0 0.0 0.0 0.0
0.0 1332.0 324.0 0.0 0.0 0.0 0.0 0.0 0.0 0.0 0.0 0.0 0.0 0.0 0.0 1.0 1.0 0.0 0.0 0.0 0.0 1.0 0.0 0.0 4.0 149.0 0.75 0.5 0.25 0.01 0.0 0.0 0.0 0.0
0.0 9.0 36.0 0.0 0.0 0.0 0.0 0.0 0.0 0.0 0.0 0.0 0.0 0.0 0.0 1.0 1.0 0.0 0.0 0.0 0.0 1.0 0.0 0.0 14.0 6.0 0.07 0.29 0.07 0.33 0.0 0.0 0.0 0.0
0.0 645.0 330.0 0.0 0.0 0.0 0.0 0.0 0.0 0.0 0.0 0.0 0.0 0.0 0.0 1.0 1.0 0.0 0.0 0.0 0.0 1.0 0.0 0.0 24.0 159.0 0.88 0.17 0.04 0.01 0.0 0.0 0.0 0.0
1.0 667.0 328.0 0.0 0.0 0.0 0.0 0.0 0.0 0.0 0.0 0.0 0.0 0.0 0.0 1.0 2.0 0.0 0.0 0.0 0.0 1.0 0.0 1.0 34.0 159.0 0.91 0.12 0.03 0.01 0.0 0.0 0.0 0.0
0.0 824.0 325.0 0.0 0.0 0.0 0.0 0.0 0.0 0.0 0.0 0.0 0.0 0.0 0.0 1.0 1.0 0.0 0.0 0.0 0.0 1.0 0.0 0.0 44.0 159.0 0.89 0.11 0.02 0.01 0.0 0.0 0.0 0.0
1.0 707.0 324.0 0.0 0.0 0.0 0.0 0.0 0.0 0.0 0.0 0.0 0.0 0.0 0.0 1.0 4.0 0.0 0.0 0.0 0.0 1.0 0.0 1.0 54.0 159.0 0.87 0.09 0.02 0.01 0.0 0.0 0.0 0.0
0.0 245.0 0.0 0.0 0.0 0.0 0.0 0.0 0.0 0.0 1.0 0.0 0.0 0.0 0.0 2.0 2.0 0.0 0.0 0.0 0.0 1.0 0.0 0.0 64.0 76.0 0.12 0.09 0.12 0.03 0.0 0.01 0.0 0.0
0.0 8173.0 0.0 0.0 0.0 0.0 0.0 0.0 0.0 0.0 0.0 0.0 0.0 0.0 0.0 6.0 6.0 0.0 0.0 0.0 0.0 1.0 0.0 0.0 74.0 80.0 0.24 0.08 0.24 0.03 0.0 0.0 0.0 0.0
0.0 9311.0 0.0 0.0 0.0 0.0 0.0 0.0 0.0 0.0 0.0 0.0 0.0 0.0 0.0 16.0 16.0 0.0 0.0 0.0 0.0 1.0 0.0 0.0 84.0 86.0 0.33 0.07 0.33 0.02 0.0 0.0 0.0 0.0
0.0 743.0 333.0 0.0 0.0 0.0 0.0 0.0 0.0 0.0 0.0 0.0 0.0 0.0 0.0 1.0 4.0 0.0 0.0 0.0 0.0 1.0 0.0 1.0 94.0 162.0 0.63 0.06 0.01 0.01 0.0 0.0 0.0 0.0
1.0 495.0 0.0 0.0 0.0 0.0 0.0 0.0 0.0 0.0 5.0 0.0 0.0 0.0 0.0 1.0 1.0 0.0 0.0 0.0 0.0 1.0 0.0 0.0 104.0 69.0 0.28 0.06 0.28 0.03 0.0 0.0 0.0 0.0
0.0 1690.0 0.0 0.0 0.0 0.0 0.0 0.0 0.0 0.0 0.0 0.0 0.0 0.0 0.0 5.0 5.0 0.0 0.0 0.0 0.0 1.0 0.0 0.0 114.0 79.0 0.34 0.05 0.34 0.03 0.0 0.0 0.0 0.0
1.0 583.0 328.0 0.0 0.0 0.0 0.0 0.0 0.0 0.0 0.0 0.0 0.0 0.0 0.0 1.0 1.0 0.0 0.0 0.0 0.0 1.0 0.0 0.0 124.0 153.0 0.56 0.05 0.01 0.01 0.0 0.0 0.0 0.0
0.0 245.0 0.0 0.0 0.0 0.0 0.0 0.0 0.0 0.0 1.0 0.0 0.0 0.0 0.0 2.0 2.0 0.0 0.0 0.0 0.0 1.0 0.0 0.0 134.0 89.0 0.37 0.04 0.37 0.02 0.0 0.0 0.0 0.0
0.0 852.0 0.0 0.0 0.0 0.0 0.0 0.0 0.0 0.0 0.0 0.0 0.0 0.0 0.0 6.0 6.0 0.0 0.0 0.0 0.0 1.0 0.0 0.0 144.0 92.0 0.41 0.04 0.41 0.02 0.0 0.0 0.0 0.0
0.0 1214.0 0.0 0.0 0.0 0.0 0.0 0.0 0.0 0.0 0.0 0.0 0.0 0.0 0.0 16.0 16.0 0.0 0.0 0.0 0.0 1.0 0.0 0.0 154.0 95.0 0.45 0.04 0.45 0.02 0.0 0.0 0.0 0.0
0.0 1566.0 331.0 0.0 0.0 0.0 0.0 0.0 0.0 0.0 0.0 0.0 0.0 0.0 0.0 1.0 1.0 0.0 0.0 0.0 0.0 1.0 0.0 0.0 164.0 150.0 0.51 0.04 0.01 0.01 0.0 0.0 0.0 0.0
1.0 1754.0 330.0 0.0 0.0 0.0 0.0 0.0 0.0 0.0 0.0 0.0 0.0 0.0 0.0 1.0 1.0 0.0 0.0 0.0 0.0 1.0 0.0 0.0 174.0 160.0 0.53 0.03 0.01 0.01 0.0 0.0 0.0 0.0
0.0 2464.0 279.0 0.0 0.0 0.0 0.0 0.0 0.0 0.0 0.0 0.0 0.0 0.0 0.0 1.0 2.0 0.0 0.0 0.0 0.0 1.0 0.0 1.0 184.0 162.0 0.55 0.03 0.01 0.01 0.0 0.0 0.0 0.0
0.0 252.0 0.0 0.0 0.0 0.0 0.0 0.0 0.0 0.0 0.0 0.0 0.0 0.0 0.0 2.0 2.0 0.0 0.0 0.0 0.0 1.0 0.0 0.0 194.0 78.0 0.38 0.03 0.38 0.03 0.0 0.0 0.0 0.0
4.0 1418.0 326.0 0.0 0.0 0.0 0.0 0.0 0.0 0.0 0.0 0.0 0.0 0.0 0.0 1.0 5.0 0.0 0.0 0.0 0.0 1.0 0.0 1.0 204.0 158.0 0.55 0.03 0.0 0.01 0.0 0.0 0.0 0.0
0.0 16787.0 0.0 0.0 0.0 0.0 0.0 0.0 0.0 0.0 0.0 1.0 0.0 0.0 0.0 8.0 8.0 0.0 0.0 0.0 0.0 1.0 0.0 0.0 214.0 90.0 0.42 0.03 0.42 0.0 0.0 0.0 0.0 0.0
0.0 772.0 277.0 0.0 0.0 0.0 0.0 0.0 0.0 0.0 0.0 0.0 0.0 0.0 0.0 1.0 1.0 0.0 0.0 0.0 0.0 1.0 0.0 0.0 224.0 148.0 0.53 0.03 0.0 0.01 0.0 0.0 0.0 0.0
0.0 928.0 327.0 0.0 0.0 0.0 0.0 0.0 0.0 0.0 0.0 0.0 0.0 0.0 0.0 1.0 1.0 0.0 0.0 0.0 0.0 1.0 0.0 0.0 234.0 146.0 0.54 0.03 0.0 0.01 0.0 0.0 0.0 0.0
0.0 183.0 5380.0 0.0 0.0 0.0 0.0 0.0 0.0 0.0 0.0 0.0 0.0 0.0 0.0 1.0 6.0 0.0 0.0 0.0 0.0 1.0 0.0 0.5 5.0 5.0 1.0 0.0 0.2 0.0 0.0 0.0 0.0 0.0
0.0 197.0 1415.0 0.0 0.0 0.0 0.0 0.0 0.0 0.0 0.0 0.0 0.0 0.0 0.0 2.0 2.0 0.0 0.0 0.0 0.0 1.0 0.0 0.0 15.0 15.0 1.0 0.0 0.07 0.0 0.0 0.0 0.0 0.0
0.0 180.0 3957.0 0.0 0.0 0.0 0.0 0.0 0.0 0.0 0.0 0.0 0.0 0.0 0.0 1.0 1.0 0.0 0.0 0.0 0.0 1.0 0.0 0.0 25.0 25.0 1.0 0.0 0.04 0.0 0.0 0.0 0.0 0.0
0.0 209.0 2531.0 0.0 0.0 0.0 0.0 0.0 0.0 0.0 0.0 0.0 0.0 0.0 0.0 7.0 7.0 0.0 0.0 0.0 0.0 1.0 0.0 0.0 35.0 35.0 1.0 0.0 0.03 0.0 0.0 0.0 0.0 0.0
0.0 285.0 2531.0 0.0 0.0 0.0 0.0 0.0 0.0 0.0 0.0 0.0 0.0 0.0 0.0 6.0 6.0 0.0 0.0 0.0 0.0 1.0 0.0 0.0 45.0 45.0 1.0 0.0 0.02 0.0 0.0 0.0 0.0 0.0
0.0 197.0 1415.0 0.0 0.0 0.0 0.0 0.0 0.0 0.0 0.0 0.0 0.0 0.0 0.0 5.0 5.0 0.0 0.0 0.0 0.0 1.0 0.0 0.0 55.0 55.0 1.0 0.0 0.02 0.0 0.0 0.0 0.0 0.0
0.0 213.0 1415.0 0.0 0.0 0.0 0.0 0.0 0.0 0.0 0.0 0.0 0.0 0.0 0.0 1.0 1.0 0.0 0.0 0.0 0.0 1.0 0.0 0.0 65.0 65.0 1.0 0.0 0.02 0.0 0.0 0.0 0.0 0.0
0.0 223.0 1415.0 0.0 0.0 0.0 0.0 0.0 0.0 0.0 0.0 0.0 0.0 0.0 0.0 11.0 11.0 0.0 0.0 0.0 0.0 1.0 0.0 0.0 75.0 75.0 1.0 0.0 0.01 0.0 0.0 0.0 0.0 0.0
0.0 196.0 2531.0 0.0 0.0 0.0 0.0 0.0 0.0 0.0 0.0 0.0 0.0 0.0 0.0 10.0 10.0 0.0 0.0 0.0 0.0 1.0 0.0 0.0 85.0 85.0 1.0 0.0 0.01 0.0 0.0 0.0 0.0 0.0
0.0 284.0 1415.0 0.0 0.0 0.0 0.0 0.0 0.0 0.0 0.0 0.0 0.0 0.0 0.0 9.0 13.0 0.0 0.0 0.0 0.0 1.0 0.0 0.23 95.0 95.0 1.0 0.0 0.01 0.0 0.0 0.0 0.0 0.0
0.0 184.0 4328.0 0.0 0.0 0.0 0.0 0.0 0.0 0.0 0.0 0.0 0.0 0.0 0.0 1.0 13.0 0.0 0.0 0.0 0.0 1.0 0.0 0.15 105.0 105.0 1.0 0.0 0.01 0.0 0.0 0.0 0.0 0.0
0.0 295.0 2531.0 0.0 0.0 0.0 0.0 0.0 0.0 0.0 0.0 0.0 0.0 0.0 0.0 9.0 9.0 0.0 0.0 0.0 0.0 1.0 0.0 0.0 115.0 115.0 1.0 0.0 0.01 0.0 0.0 0.0 0.0 0.0
0.0 244.0 4301.0 0.0 0.0 0.0 0.0 0.0 0.0 0.0 0.0 0.0 0.0 0.0 0.0 8.0 8.0 0.0 0.0 0.0 0.0 1.0 0.0 0.0 125.0 125.0 1.0 0.0 0.01 0.0 0.0 0.0 0.0 0.0
0.0 161.0 13352.0 0.0 0.0 0.0 0.0 0.0 0.0 0.0 0.0 0.0 0.0 0.0 0.0 1.0 40.0 0.0 0.0 0.0 0.0 1.0 0.0 0.05 135.0 135.0 1.0 0.0 0.01 0.0 0.0 0.0 0.0 0.0
0.0 223.0 1415.0 0.0 0.0 0.0 0.0 0.0 0.0 0.0 0.0 0.0 0.0 0.0 0.0 11.0 50.0 0.0 0.0 0.0 0.0 1.0 0.0 0.04 145.0 145.0 1.0 0.0 0.01 0.0 0.0 0.0 0.0 0.0
0.0 223.0 1415.0 0.0 0.0 0.0 0.0 0.0 0.0 0.0 0.0 0.0 0.0 0.0 0.0 2.0 2.0 0.0 0.0 0.0 0.0 1.0 0.0 0.0 155.0 155.0 1.0 0.0 0.01 0.0 0.0 0.0 0.0 0.0
0.0 328.0 4340.0 0.0 0.0 0.0 0.0 0.0 0.0 0.0 0.0 0.0 0.0 0.0 0.0 2.0 6.0 0.0 0.0 0.0 0.0 1.0 0.0 0.33 165.0 165.0 1.0 0.0 0.01 0.0 0.0 0.0 0.0 0.0
