0.0 214.0 2308.0 0.0 0.0 0.0 0.0 0.0 0.0 0.0 0.0 0.0 0.0 0.0 0.0 3.0 3.0 0.0 0.0 0.0 0.0 1.0 0.0 0.0 3.0 255.0 1.0 0.0 0.33 0.04 0.0 0.0 0.0 0.0
0.0 215.0 3475.0 0.0 0.0 0.0 0.0 0.0 0.0 0.0 0.0 0.0 0.0 0.0 0.0 13.0 13.0 0.0 0.0 0.0 0.0 1.0 0.0 0.0 13.0 255.0 1.0 0.0 0.08 0.04 0.0 0.0 0.0 0.0
0.0 287.0 1013.0 0.0 0.0 0.0 0.0 0.0 0.0 0.0 0.0 0.0 0.0 0.0 0.0 7.0 7.0 0.0 0.0 0.0 0.0 1.0 0.0 0.0 23.0 255.0 1.0 0.0 0.04 0.04 0.0 0.0 0.0 0.0
0.0 287.0 1192.0 0.0 0.0 0.0 0.0 0.0 0.0 0.0 0.0 0.0 0.0 0.0 0.0 1.0 1.0 0.0 0.0 0.0 0.0 1.0 0.0 0.0 33.0 255.0 1.0 0.0 0.03 0.04 0.0 0.0 0.0 0.0
0.0 279.0 1031.0 0.0 0.0 0.0 0.0 0.0 0.0 0.0 0.0 0.0 0.0 0.0 0.0 11.0 11.0 0.0 0.0 0.0 0.0 1.0 0.0 0.0 43.0 255.0 1.0 0.0 0.02 0.04 0.0 0.0 0.0 0.0
0.0 287.0 2308.0 0.0 0.0 0.0 0.0 0.0 0.0 0.0 0.0 0.0 0.0 0.0 0.0 3.0 3.0 0.0 0.0 0.0 0.0 1.0 0.0 0.0 53.0 255.0 1.0 0.0 0.02 0.04 0.0 0.0 0.0 0.0
0.0 288.0 3475.0 0.0 0.0 0.0 0.0 0.0 0.0 0.0 0.0 0.0 0.0 0.0 0.0 13.0 13.0 0.0 0.0 0.0 0.0 1.0 0.0 0.0 63.0 255.0 1.0 0.0 0.02 0.04 0.0 0.0 0.0 0.0
0.0 195.0 1733.0 0.0 0.0 0.0 0.0 0.0 0.0 0.0 0.0 0.0 0.0 0.0 0.0 7.0 10.0 0.0 0.0 0.0 0.0 1.0 0.0 0.2 73.0 255.0 1.0 0.0 0.01 0.04 0.0 0.0 0.0 0.0
0.0 177.0 23299.0 0.0 0.0 0.0 0.0 0.0 0.0 0.0 0.0 0.0 0.0 0.0 0.0 1.0 16.0 0.0 0.0 0.0 0.0 1.0 0.0 0.12 1.0 255.0 1.0 0.0 1.0 0.04 0.0 0.0 0.0 0.0
0.0 195.0 5321.0 0.0 0.0 0.0 0.0 0.0 0.0 0.0 0.0 0.0 0.0 0.0 0.0 6.0 6.0 0.0 0.0 0.0 0.0 1.0 0.0 0.0 6.0 255.0 1.0 0.0 0.17 0.04 0.0 0.0 0.0 0.0
0.0 213.0 3224.0 0.0 0.0 0.0 0.0 0.0 0.0 0.0 0.0 0.0 0.0 0.0 0.0 8.0 8.0 0.0 0.0 0.0 0.0 1.0 0.0 0.0 8.0 255.0 1.0 0.0 0.12 0.04 0.0 0.0 0.0 0.0
0.0 182.0 4165.0 0.0 0.0 0.0 0.0 0.0 0.0 0.0 0.0 0.0 0.0 0.0 0.0 2.0 8.0 0.0 0.0 0.0 0.0 1.0 0.0 0.25 18.0 255.0 1.0 0.0 0.06 0.04 0.0 0.0 0.0 0.0
0.0 278.0 607.0 0.0 0.0 0.0 0.0 0.0 0.0 0.0 0.0 0.0 0.0 0.0 0.0 1.0 1.0 0.0 0.0 0.0 0.0 1.0 0.0 0.0 10.0 255.0 1.0 0.0 0.1 0.05 0.1 0.0 0.0 0.0
0.0 160.0 584.0 0.0 0.0 0.0 0.0 0.0 0.0 0.0 0.0 0.0 0.0 0.0 0.0 1.0 1.0 0.0 0.0 0.0 0.0 1.0 0.0 0.0 6.0 255.0 1.0 0.0 0.17 0.05 0.0 0.0 0.0 0.0
0.0 160.0 584.0 0.0 0.0 0.0 0.0 0.0 0.0 0.0 0.0 0.0 0.0 0.0 0.0 1.0 1.0 0.0 0.0 0.0 0.0 1.0 0.0 0.0 16.0 255.0 1.0 0.0 0.06 0.05 0.0 0.0 0.0 0.0
0.0 232.0 584.0 0.0 0.0 0.0 0.0 0.0 0.0 0.0 0.0 0.0 0.0 0.0 0.0 1.0 1.0 0.0 0.0 0.0 0.0 1.0 0.0 0.0 26.0 255.0 1.0 0.0 0.04 0.05 0.0 0.0 0.0 0.0
0.0 160.0 584.0 0.0 0.0 0.0 0.0 0.0 0.0 0.0 0.0 0.0 0.0 0.0 0.0 1.0 1.0 0.0 0.0 0.0 0.0 1.0 0.0 0.0 36.0 255.0 1.0 0.0 0.03 0.05 0.0 0.0 0.0 0.0
0.0 186.0 11394.0 0.0 0.0 0.0 0.0 0.0 0.0 0.0 0.0 0.0 0.0 0.0 0.0 3.0 3.0 0.0 0.0 0.0 0.0 1.0 0.0 0.0 46.0 255.0 1.0 0.0 0.02 0.05 0.0 0.0 0.0 0.0
0.0 144.0 584.0 0.0 0.0 0.0 0.0 0.0 0.0 0.0 0.0 0.0 0.0 0.0 0.0 1.0 2.0 0.0 0.0 0.0 0.0 1.0 0.0 1.0 56.0 255.0 1.0 0.0 0.02 0.04 0.0 0.0 0.0 0.0
0.0 161.0 584.0 0.0 0.0 0.0 0.0 0.0 0.0 0.0 0.0 0.0 0.0 0.0 0.0 1.0 1.0 0.0 0.0 0.0 0.0 1.0 0.0 0.0 66.0 255.0 1.0 0.0 0.02 0.04 0.0 0.0 0.0 0.0
0.0 221.0 294.0 0.0 0.0 0.0 0.0 0.0 0.0 0.0 0.0 0.0 0.0 0.0 0.0 7.0 7.0 0.0 0.0 0.0 0.0 1.0 0.0 0.0 7.0 255.0 1.0 0.0 0.14 0.04 0.0 0.0 0.0 0.0
0.0 221.0 1246.0 0.0 0.0 0.0 0.0 0.0 0.0 0.0 0.0 0.0 0.0 0.0 0.0 17.0 17.0 0.0 0.0 0.0 0.0 1.0 0.0 0.0 17.0 255.0 1.0 0.0 0.06 0.04 0.0 0.0 0.0 0.0
0.0 218.0 303.0 0.0 0.0 0.0 0.0 0.0 0.0 0.0 0.0 0.0 0.0 0.0 0.0 8.0 13.0 0.0 0.0 0.0 0.0 1.0 0.0 0.15 27.0 255.0 1.0 0.0 0.04 0.04 0.0 0.0 0.0 0.0
0.0 214.0 283.0 0.0 0.0 0.0 0.0 0.0 0.0 0.0 0.0 0.0 0.0 0.0 0.0 18.0 23.0 0.0 0.0 0.0 0.0 1.0 0.0 0.09 37.0 255.0 1.0 0.0 0.03 0.04 0.0 0.0 0.0 0.0
0.0 215.0 288.0 0.0 0.0 0.0 0.0 0.0 0.0 0.0 0.0 0.0 0.0 0.0 0.0 6.0 6.0 0.0 0.0 0.0 0.0 1.0 0.0 0.0 47.0 255.0 1.0 0.0 0.02 0.04 0.0 0.0 0.0 0.0
0.0 221.0 294.0 0.0 0.0 0.0 0.0 0.0 0.0 0.0 0.0 0.0 0.0 0.0 0.0 16.0 16.0 0.0 0.0 0.0 0.0 1.0 0.0 0.0 57.0 255.0 1.0 0.0 0.02 0.04 0.0 0.0 0.0 0.0
0.0 215.0 1376.0 0.0 0.0 0.0 0.0 0.0 0.0 0.0 0.0 0.0 0.0 0.0 0.0 8.0 8.0 0.0 0.0 0.0 0.0 1.0 0.0 0.0 67.0 255.0 1.0 0.0 0.01 0.04 0.0 0.0 0.0 0.0
0.0 214.0 283.0 0.0 0.0 0.0 0.0 0.0 0.0 0.0 0.0 0.0 0.0 0.0 0.0 18.0 18.0 0.0 0.0 0.0 0.0 1.0 0.0 0.0 77.0 255.0 1.0 0.0 0.01 0.04 0.0 0.0 0.0 0.0
0.0 216.0 2055.0 0.0 0.0 0.0 0.0 0.0 0.0 0.0 0.0 0.0 0.0 0.0 0.0 10.0 14.0 0.0 0.0 0.0 0.0 1.0 0.0 0.14 87.0 255.0 1.0 0.0 0.01 0.04 0.0 0.0 0.0 0.0
0.0 322.0 294.0 0.0 0.0 0.0 0.0 0.0 0.0 0.0 0.0 0.0 0.0 0.0 0.0 1.0 1.0 0.0 0.0 0.0 0.0 1.0 0.0 0.0 97.0 255.0 1.0 0.0 0.01 0.04 0.0 0.0 0.0 0.0
0.0 332.0 4896.0 0.0 0.0 0.0 0.0 0.0 0.0 0.0 0.0 0.0 0.0 0.0 0.0 11.0 11.0 0.0 0.0 0.0 0.0 1.0 0.0 0.0 107.0 255.0 1.0 0.0 0.01 0.04 0.0 0.0 0.0 0.0
0.0 286.0 955.0 0.0 0.0 0.0 0.0 0.0 0.0 0.0 0.0 0.0 0.0 0.0 0.0 3.0 25.0 0.0 0.0 0.0 0.0 1.0 0.0 0.08 117.0 255.0 1.0 0.0 0.01 0.04 0.0 0.0 0.0 0.0
0.0 286.0 292.0 0.0 0.0 0.0 0.0 0.0 0.0 0.0 0.0 0.0 0.0 0.0 0.0 13.0 35.0 0.0 0.0 0.0 0.0 1.0 0.0 0.06 127.0 255.0 1.0 0.0 0.02 0.04 0.0 0.0 0.0 0.0
0.0 295.0 217.0 0.0 0.0 0.0 0.0 0.0 0.0 0.0 0.0 0.0 0.0 0.0 0.0 1.0 1.0 0.0 0.0 0.0 0.0 1.0 0.0 0.0 137.0 255.0 1.0 0.0 0.01 0.04 0.0 0.0 0.0 0.0
0.0 199.0 2055.0 0.0 0.0 0.0 0.0 0.0 0.0 0.0 0.0 0.0 0.0 0.0 0.0 10.0 10.0 0.0 0.0 0.0 0.0 1.0 0.0 0.0 147.0 255.0 1.0 0.0 0.01 0.03 0.0 0.0 0.0 0.0
0.0 184.0 619.0 0.0 0.0 0.0 0.0 0.0 0.0 0.0 0.0 0.0 0.0 0.0 0.0 2.0 2.0 0.0 0.0 0.0 0.0 1.0 0.0 0.0 157.0 255.0 1.0 0.0 0.01 0.02 0.0 0.0 0.0 0.0
0.0 217.0 288.0 0.0 0.0 0.0 0.0 0.0 0.0 0.0 0.0 0.0 0.0 0.0 0.0 10.0 21.0 0.0 0.0 0.0 0.0 1.0 0.0 0.19 167.0 255.0 1.0 0.0 0.01 0.02 0.0 0.0 0.0 0.0
0.0 265.0 34720.0 0.0 0.0 0.0 0.0 0.0 0.0 0.0 0.0 0.0 0.0 0.0 0.0 1.0 1.0 0.0 0.0 0.0 0.0 1.0 0.0 0.0 177.0 255.0 1.0 0.0 0.01 0.02 0.0 0.0 0.0 0.0
0.0 318.0 798.0 0.0 0.0 0.0 0.0 0.0 0.0 0.0 0.0 0.0 0.0 0.0 0.0 11.0 12.0 0.0 0.0 0.0 0.0 1.0 0.0 0.17 187.0 255.0 1.0 0.0 0.01 0.01 0.0 0.0 0.0 0.0
0.0 296.0 816.0 0.0 0.0 0.0 0.0 0.0 0.0 0.0 0.0 0.0 0.0 0.0 0.0 1.0 1.0 0.0 0.0 0.0 0.0 1.0 0.0 0.0 197.0 255.0 1.0 0.0 0.01 0.01 0.0 0.0 0.0 0.0
0.0 265.0 34720.0 0.0 0.0 0.0 0.0 0.0 0.0 0.0 0.0 0.0 0.0 0.0 0.0 9.0 9.0 0.0 0.0 0.0 0.0 1.0 0.0 0.0 207.0 255.0 1.0 0.0 0.0 0.01 0.0 0.0 0.0 0.0
0.0 288.0 26088.0 0.0 0.0 0.0 0.0 0.0 0.0 0.0 0.0 0.0 0.0 0.0 0.0 1.0 1.0 0.0 0.0 0.0 0.0 1.0 0.0 0.0 217.0 255.0 1.0 0.0 0.0 0.01 0.0 0.0 0.0 0.0
0.0 288.0 1376.0 0.0 0.0 0.0 0.0 0.0 0.0 0.0 0.0 0.0 0.0 0.0 0.0 9.0 9.0 0.0 0.0 0.0 0.0 1.0 0.0 0.0 227.0 255.0 1.0 0.0 0.0 0.01 0.0 0.0 0.0 0.0
0.0 291.0 303.0 0.0 0.0 0.0 0.0 0.0 0.0 0.0 0.0 0.0 0.0 0.0 0.0 1.0 1.0 0.0 0.0 0.0 0.0 1.0 0.0 0.0 237.0 255.0 1.0 0.0 0.0 0.01 0.0 0.0 0.0 0.0
0.0 288.0 597.0 0.0 0.0 0.0 0.0 0.0 0.0 0.0 0.0 0.0 0.0 0.0 0.0 11.0 11.0 0.0 0.0 0.0 0.0 1.0 0.0 0.0 247.0 255.0 1.0 0.0 0.0 0.01 0.0 0.0 0.0 0.0
0.0 322.0 1246.0 0.0 0.0 0.0 0.0 0.0 0.0 0.0 0.0 0.0 0.0 0.0 0.0 2.0 2.0 0.0 0.0 0.0 0.0 1.0 0.0 0.0 255.0 255.0 1.0 0.0 0.0 0.0 0.0 0.0 0.0 0.0
0.0 316.0 940.0 0.0 0.0 0.0 0.0 0.0 0.0 0.0 0.0 0.0 0.0 0.0 0.0 12.0 12.0 0.0 0.0 0.0 0.0 1.0 0.0 0.0 255.0 255.0 1.0 0.0 0.0 0.0 0.0 0.0 0.0 0.0
0.0 156.0 34720.0 0.0 0.0 0.0 0.0 0.0 0.0 0.0 0.0 0.0 0.0 0.0 0.0 1.0 1.0 0.0 0.0 0.0 0.0 1.0 0.0 0.0 255.0 255.0 1.0 0.0 0.01 0.0 0.0 0.0 0.0 0.0
0.0 223.0 4896.0 0.0 0.0 0.0 0.0 0.0 0.0 0.0 0.0 0.0 0.0 0.0 0.0 11.0 11.0 0.0 0.0 0.0 0.0 1.0 0.0 0.0 255.0 255.0 1.0 0.0 0.0 0.0 0.0 0.0 0.0 0.0
0.0 225.0 331.0 0.0 0.0 0.0 0.0 0.0 0.0 0.0 0.0 0.0 0.0 0.0 0.0 1.0 5.0 0.0 0.0 0.0 0.0 1.0 0.0 0.6 255.0 255.0 1.0 0.0 0.0 0.0 0.0 0.0 0.0 0.0
0.0 288.0 2055.0 0.0 0.0 0.0 0.0 0.0 0.0 0.0 0.0 0.0 0.0 0.0 0.0 9.0 9.0 0.0 0.0 0.0 0.0 1.0 0.0 0.0 255.0 255.0 1.0 0.0 0.0 0.0 0.0 0.0 0.0 0.0
0.0 306.0 331.0 0.0 0.0 0.0 0.0 0.0 0.0 0.0 0.0 0.0 0.0 0.0 0.0 1.0 1.0 0.0 0.0 0.0 0.0 1.0 0.0 0.0 255.0 255.0 1.0 0.0 0.0 0.0 0.0 0.0 0.0 0.0
0.0 202.0 798.0 0.0 0.0 0.0 0.0 0.0 0.0 0.0 0.0 0.0 0.0 0.0 0.0 8.0 8.0 0.0 0.0 0.0 0.0 1.0 0.0 0.0 255.0 255.0 1.0 0.0 0.0 0.0 0.0 0.0 0.0 0.0
0.0 206.0 294.0 0.0 0.0 0.0 0.0 0.0 0.0 0.0 0.0 0.0 0.0 0.0 0.0 18.0 18.0 0.0 0.0 0.0 0.0 1.0 0.0 0.0 255.0 255.0 1.0 0.0 0.0 0.0 0.0 0.0 0.0 0.0
0.0 290.0 1324.0 0.0 0.0 0.0 0.0 0.0 0.0 0.0 0.0 0.0 0.0 0.0 0.0 2.0 2.0 0.0 0.0 0.0 0.0 1.0 0.0 0.0 10.0 255.0 1.0 0.0 0.1 0.01 0.0 0.0 0.0 0.0
0.0 308.0 1463.0 0.0 0.0 0.0 0.0 0.0 0.0 0.0 0.0 0.0 0.0 0.0 0.0 2.0 2.0 0.0 0.0 0.0 0.0 1.0 0.0 0.0 2.0 255.0 1.0 0.0 0.5 0.02 0.0 0.0 0.0 0.0
0.0 317.0 409.0 0.0 0.0 0.0 0.0 0.0 0.0 0.0 0.0 0.0 0.0 0.0 0.0 12.0 12.0 0.0 0.0 0.0 0.0 1.0 0.0 0.0 12.0 255.0 1.0 0.0 0.08 0.02 0.0 0.0 0.0 0.0
0.0 319.0 1772.0 0.0 0.0 0.0 0.0 0.0 0.0 0.0 0.0 0.0 0.0 0.0 0.0 8.0 8.0 0.0 0.0 0.0 0.0 1.0 0.0 0.0 22.0 255.0 1.0 0.0 0.05 0.02 0.0 0.0 0.0 0.0
0.0 318.0 1448.0 0.0 0.0 0.0 0.0 0.0 0.0 0.0 0.0 0.0 0.0 0.0 0.0 7.0 7.0 0.0 0.0 0.0 0.0 1.0 0.0 0.0 32.0 255.0 1.0 0.0 0.03 0.02 0.0 0.0 0.0 0.0
0.0 316.0 1652.0 0.0 0.0 0.0 0.0 0.0 0.0 0.0 0.0 0.0 0.0 0.0 0.0 6.0 6.0 0.0 0.0 0.0 0.0 1.0 0.0 0.0 42.0 255.0 1.0 0.0 0.02 0.02 0.0 0.0 0.0 0.0
0.0 317.0 1448.0 0.0 0.0 0.0 0.0 0.0 0.0 0.0 0.0 0.0 0.0 0.0 0.0 5.0 5.0 0.0 0.0 0.0 0.0 1.0 0.0 0.0 52.0 255.0 1.0 0.0 0.02 0.02 0.0 0.0 0.0 0.0
0.0 314.0 1542.0 0.0 0.0 0.0 0.0 0.0 0.0 0.0 0.0 0.0 0.0 0.0 0.0 4.0 17.0 0.0 0.0 0.0 0.0 1.0 0.0 0.12 62.0 255.0 1.0 0.0 0.02 0.02 0.0 0.0 0.0 0.0
0.0 319.0 1652.0 0.0 0.0 0.0 0.0 0.0 0.0 0.0 0.0 0.0 0.0 0.0 0.0 3.0 3.0 0.0 0.0 0.0 0.0 1.0 0.0 0.0 72.0 255.0 1.0 0.0 0.01 0.02 0.0 0.0 0.0 0.0
0.0 317.0 2095.0 0.0 0.0 0.0 0.0 0.0 0.0 0.0 0.0 0.0 0.0 0.0 0.0 13.0 13.0 0.0 0.0 0.0 0.0 1.0 0.0 0.0 82.0 255.0 1.0 0.0 0.01 0.02 0.0 0.0 0.0 0.0
0.0 270.0 7676.0 0.0 0.0 0.0 0.0 0.0 0.0 0.0 0.0 0.0 0.0 0.0 0.0 23.0 23.0 0.0 0.0 0.0 0.0 1.0 0.0 0.0 92.0 255.0 1.0 0.0 0.01 0.02 0.0 0.0 0.0 0.0
0.0 318.0 1542.0 0.0 0.0 0.0 0.0 0.0 0.0 0.0 0.0 0.0 0.0 0.0 0.0 9.0 19.0 0.0 0.0 0.0 0.0 1.0 0.0 0.11 102.0 255.0 1.0 0.0 0.01 0.02 0.0 0.0 0.0 0.0
0.0 323.0 7779.0 0.0 0.0 0.0 0.0 0.0 0.0 0.0 0.0 0.0 0.0 0.0 0.0 1.0 1.0 0.0 0.0 0.0 0.0 1.0 0.0 0.0 1.0 255.0 1.0 0.0 1.0 0.02 0.0 0.0 0.0 0.0
0.0 290.0 3163.0 0.0 0.0 0.0 0.0 0.0 0.0 0.0 0.0 0.0 0.0 0.0 0.0 1.0 1.0 0.0 0.0 0.0 0.0 1.0 0.0 0.0 8.0 255.0 1.0 0.0 0.12 0.03 0.0 0.0 0.0 0.0
0.0 288.0 21778.0 0.0 0.0 0.0 0.0 0.0 0.0 0.0 0.0 0.0 0.0 0.0 0.0 1.0 2.0 0.0 0.0 0.0 0.0 1.0 0.0 1.0 18.0 255.0 1.0 0.0 0.06 0.03 0.0 0.0 0.0 0.0
0.0 194.0 3163.0 0.0 0.0 0.0 0.0 0.0 0.0 0.0 0.0 0.0 0.0 0.0 0.0 2.0 2.0 0.0 0.0 0.0 0.0 1.0 0.0 0.0 28.0 255.0 1.0 0.0 0.04 0.03 0.0 0.0 0.0 0.0
0.0 204.0 3163.0 0.0 0.0 0.0 0.0 0.0 0.0 0.0 0.0 0.0 0.0 0.0 0.0 5.0 5.0 0.0 0.0 0.0 0.0 1.0 0.0 0.0 38.0 255.0 1.0 0.0 0.03 0.03 0.05 0.01 0.0 0.0
0.0 217.0 6366.0 0.0 0.0 0.0 0.0 0.0 0.0 0.0 0.0 0.0 0.0 0.0 0.0 5.0 15.0 0.0 0.0 0.0 0.0 1.0 0.0 0.13 48.0 255.0 1.0 0.0 0.02 0.03 0.04 0.01 0.0 0.0
0.0 200.0 1904.0 0.0 0.0 0.0 0.0 0.0 0.0 0.0 0.0 0.0 0.0 0.0 0.0 6.0 6.0 0.0 0.0 0.0 0.0 1.0 0.0 0.0 58.0 255.0 1.0 0.0 0.02 0.03 0.03 0.01 0.0 0.0
0.0 157.0 4641.0 0.0 0.0 0.0 0.0 0.0 0.0 0.0 0.0 0.0 0.0 0.0 0.0 2.0 2.0 0.0 0.0 0.0 0.0 1.0 0.0 0.0 68.0 255.0 1.0 0.0 0.01 0.03 0.03 0.01 0.0 0.0
0.0 158.0 3269.0 0.0 0.0 0.0 0.0 0.0 0.0 0.0 0.0 0.0 0.0 0.0 0.0 1.0 1.0 0.0 0.0 0.0 0.0 1.0 0.0 0.0 78.0 255.0 1.0 0.0 0.01 0.03 0.03 0.01 0.0 0.0
0.0 318.0 4227.0 0.0 0.0 0.0 0.0 0.0 0.0 0.0 0.0 0.0 0.0 0.0 0.0 1.0 2.0 0.0 0.0 0.0 0.0 1.0 0.0 1.0 10.0 255.0 1.0 0.0 0.1 0.04 0.0 0.01 0.0 0.0
0.0 240.0 1829.0 0.0 0.0 0.0 0.0 0.0 0.0 0.0 0.0 0.0 0.0 0.0 0.0 2.0 11.0 0.0 0.0 0.0 0.0 1.0 0.0 0.18 20.0 255.0 1.0 0.0 0.05 0.04 0.0 0.01 0.0 0.0
0.0 196.0 10180.0 0.0 0.0 0.0 0.0 0.0 0.0 0.0 0.0 0.0 0.0 0.0 0.0 2.0 13.0 0.0 0.0 0.0 0.0 1.0 0.0 0.23 30.0 255.0 1.0 0.0 0.03 0.04 0.0 0.01 0.0 0.0
0.0 310.0 8222.0 0.0 0.0 0.0 0.0 0.0 0.0 0.0 0.0 0.0 0.0 0.0 0.0 1.0 2.0 0.0 0.0 0.0 0.0 1.0 0.0 1.0 40.0 255.0 1.0 0.0 0.03 0.04 0.0 0.01 0.0 0.0
0.0 323.0 1808.0 0.0 0.0 0.0 0.0 0.0 0.0 0.0 0.0 0.0 0.0 0.0 0.0 3.0 8.0 0.0 0.0 0.0 0.0 1.0 0.0 0.25 50.0 255.0 1.0 0.0 0.02 0.03 0.0 0.01 0.0 0.0
0.0 317.0 6690.0 0.0 0.0 0.0 0.0 0.0 0.0 0.0 0.0 0.0 0.0 0.0 0.0 1.0 1.0 0.0 0.0 0.0 0.0 1.0 0.0 0.0 60.0 255.0 1.0 0.0 0.02 0.03 0.0 0.01 0.0 0.0
0.0 223.0 5231.0 0.0 0.0 0.0 0.0 0.0 0.0 0.0 0.0 0.0 0.0 0.0 0.0 2.0 8.0 0.0 0.0 0.0 0.0 1.0 0.0 0.25 70.0 255.0 1.0 0.0 0.01 0.02 0.0 0.01 0.0 0.0
0.0 143.0 9534.0 0.0 0.0 0.0 0.0 0.0 0.0 0.0 0.0 0.0 0.0 0.0 0.0 1.0 4.0 0.0 0.0 0.0 0.0 1.0 0.0 0.75 4.0 255.0 1.0 0.0 0.25 0.03 0.0 0.01 0.0 0.0
0.0 333.0 250.0 0.0 0.0 0.0 0.0 0.0 0.0 0.0 0.0 0.0 0.0 0.0 0.0 1.0 1.0 0.0 0.0 0.0 0.0 1.0 0.0 0.0 14.0 255.0 1.0 0.0 0.07 0.03 0.0 0.01 0.0 0.0
0.0 337.0 2825.0 0.0 0.0 0.0 0.0 0.0 0.0 0.0 0.0 0.0 0.0 0.0 0.0 4.0 4.0 0.0 0.0 0.0 0.0 1.0 0.0 0.0 24.0 255.0 1.0 0.0 0.04 0.03 0.0 0.01 0.0 0.0
0.0 328.0 2431.0 0.0 0.0 0.0 0.0 0.0 0.0 0.0 0.0 0.0 0.0 0.0 0.0 6.0 8.0 0.0 0.0 0.0 0.0 1.0 0.0 0.25 34.0 255.0 1.0 0.0 0.03 0.03 0.0 0.01 0.0 0.0
0.0 326.0 11740.0 0.0 0.0 0.0 0.0 0.0 0.0 0.0 0.0 0.0 0.0 0.0 0.0 1.0 24.0 0.0 0.0 0.0 0.0 1.0 0.0 0.08 44.0 255.0 1.0 0.0 0.02 0.03 0.0 0.01 0.0 0.0
0.0 247.0 2431.0 0.0 0.0 0.0 0.0 0.0 0.0 0.0 0.0 0.0 0.0 0.0 0.0 1.0 1.0 0.0 0.0 0.0 0.0 1.0 0.0 0.0 54.0 255.0 1.0 0.0 0.02 0.03 0.0 0.01 0.0 0.0
0.0 259.0 245.0 0.0 0.0 0.0 0.0 0.0 0.0 0.0 0.0 0.0 0.0 0.0 0.0 11.0 13.0 0.0 0.0 0.0 0.0 1.0 0.0 0.15 64.0 255.0 1.0 0.0 0.02 0.03 0.0 0.01 0.0 0.0
0.0 274.0 824.0 0.0 0.0 0.0 0.0 0.0 0.0 0.0 0.0 0.0 0.0 0.0 0.0 8.0 9.0 0.0 0.0 0.0 0.0 1.0 0.0 0.22 74.0 255.0 1.0 0.0 0.01 0.03 0.0 0.01 0.0 0.0
0.0 277.0 801.0 0.0 0.0 0.0 0.0 0.0 0.0 0.0 0.0 0.0 0.0 0.0 0.0 6.0 6.0 0.0 0.0 0.0 0.0 1.0 0.0 0.0 84.0 255.0 1.0 0.0 0.01 0.03 0.0 0.01 0.0 0.0
0.0 240.0 2825.0 0.0 0.0 0.0 0.0 0.0 0.0 0.0 0.0 0.0 0.0 0.0 0.0 2.0 2.0 0.0 0.0 0.0 0.0 1.0 0.0 0.0 94.0 255.0 1.0 0.0 0.01 0.02 0.0 0.01 0.0 0.0
0.0 247.0 2431.0 0.0 0.0 0.0 0.0 0.0 0.0 0.0 0.0 0.0 0.0 0.0 0.0 5.0 5.0 0.0 0.0 0.0 0.0 1.0 0.0 0.0 104.0 255.0 1.0 0.0 0.01 0.01 0.0 0.01 0.0 0.0
0.0 247.0 2431.0 0.0 0.0 0.0 0.0 0.0 0.0 0.0 0.0 0.0 0.0 0.0 0.0 5.0 5.0 0.0 0.0 0.0 0.0 1.0 0.0 0.0 114.0 255.0 1.0 0.0 0.01 0.01 0.0 0.01 0.0 0.0
0.0 211.0 2873.0 0.0 0.0 0.0 0.0 0.0 0.0 0.0 0.0 0.0 0.0 0.0 0.0 7.0 15.0 0.0 0.0 0.0 0.0 1.0 0.0 0.2 124.0 255.0 1.0 0.0 0.01 0.01 0.0 0.01 0.0 0.0
0.0 346.0 2627.0 0.0 0.0 0.0 0.0 0.0 0.0 0.0 0.0 0.0 0.0 0.0 0.0 4.0 5.0 0.0 0.0 0.0 0.0 1.0 0.0 0.4 134.0 255.0 1.0 0.0 0.01 0.01 0.0 0.0 0.0 0.0
0.0 315.0 9534.0 0.0 0.0 0.0 0.0 0.0 0.0 0.0 0.0 0.0 0.0 0.0 0.0 1.0 2.0 0.0 0.0 0.0 0.0 1.0 0.0 1.0 144.0 255.0 1.0 0.0 0.01 0.01 0.0 0.0 0.0 0.0
0.0 280.0 18968.0 0.0 0.0 0.0 0.0 0.0 0.0 0.0 0.0 0.0 0.0 0.0 0.0 3.0 3.0 0.0 0.0 0.0 0.0 1.0 0.0 0.0 154.0 255.0 1.0 0.0 0.01 0.01 0.0 0.0 0.0 0.0
0.0 328.0 3960.0 0.0 0.0 0.0 0.0 0.0 0.0 0.0 0.0 0.0 0.0 0.0 0.0 7.0 7.0 0.0 0.0 0.0 0.0 1.0 0.0 0.0 164.0 255.0 1.0 0.0 0.01 0.01 0.0 0.0 0.0 0.0
3.0 260.0 9534.0 0.0 0.0 0.0 0.0 0.0 0.0 0.0 0.0 0.0 0.0 0.0 0.0 1.0 1.0 0.0 0.0 0.0 0.0 1.0 0.0 0.0 174.0 255.0 1.0 0.0 0.01 0.01 0.0 0.0 0.0 0.0
0.0 328.0 9534.0 0.0 0.0 0.0 0.0 0.0 0.0 0.0 0.0 0.0 0.0 0.0 0.0 1.0 2.0 0.0 0.0 0.0 0.0 1.0 0.0 1.0 184.0 255.0 1.0 0.0 0.01 0.01 0.0 0.0 0.0 0.0
0.0 248.0 1039.0 0.0 0.0 0.0 0.0 0.0 0.0 0.0 0.0 0.0 0.0 0.0 0.0 7.0 8.0 0.0 0.0 0.0 0.0 1.0 0.0 0.25 194.0 255.0 1.0 0.0 0.01 0.01 0.0 0.0 0.0 0.0
0.0 332.0 1432.0 0.0 0.0 0.0 0.0 0.0 0.0 0.0 0.0 0.0 0.0 0.0 0.0 2.0 5.0 0.0 0.0 0.0 0.0 1.0 0.0 0.6 4.0 255.0 1.0 0.0 0.25 0.01 0.0 0.0 0.0 0.0
0.0 247.0 3862.0 0.0 0.0 0.0 0.0 0.0 0.0 0.0 0.0 0.0 0.0 0.0 0.0 2.0 4.0 0.0 0.0 0.0 0.0 1.0 0.0 0.75 14.0 255.0 1.0 0.0 0.07 0.01 0.0 0.0 0.0 0.0
0.0 380.0 2367.0 0.0 0.0 0.0 0.0 0.0 0.0 0.0 0.0 0.0 0.0 0.0 0.0 6.0 7.0 0.0 0.0 0.0 0.0 1.0 0.0 0.29 7.0 255.0 1.0 0.0 0.14 0.02 0.0 0.0 0.0 0.0
0.0 391.0 833.0 0.0 0.0 0.0 0.0 0.0 0.0 0.0 0.0 0.0 0.0 0.0 0.0 3.0 3.0 0.0 0.0 0.0 0.0 1.0 0.0 0.0 17.0 255.0 1.0 0.0 0.06 0.02 0.0 0.0 0.0 0.0
0.0 389.0 824.0 0.0 0.0 0.0 0.0 0.0 0.0 0.0 0.0 0.0 0.0 0.0 0.0 13.0 14.0 0.0 0.0 0.0 0.0 1.0 0.0 0.14 27.0 255.0 1.0 0.0 0.04 0.02 0.0 0.0 0.0 0.0
0.0 377.0 1911.0 0.0 0.0 0.0 0.0 0.0 0.0 0.0 0.0 0.0 0.0 0.0 0.0 10.0 10.0 0.0 0.0 0.0 0.0 1.0 0.0 0.0 37.0 255.0 1.0 0.0 0.03 0.02 0.0 0.0 0.0 0.0
0.0 381.0 769.0 0.0 0.0 0.0 0.0 0.0 0.0 0.0 0.0 0.0 0.0 0.0 0.0 7.0 14.0 0.0 0.0 0.0 0.0 1.0 0.0 0.14 47.0 255.0 1.0 0.0 0.02 0.01 0.0 0.0 0.0 0.0
0.0 375.0 529.0 0.0 0.0 0.0 0.0 0.0 0.0 0.0 0.0 0.0 0.0 0.0 0.0 4.0 4.0 0.0 0.0 0.0 0.0 1.0 0.0 0.0 57.0 255.0 1.0 0.0 0.02 0.01 0.0 0.0 0.0 0.0
0.0 301.0 9557.0 0.0 0.0 0.0 0.0 0.0 0.0 0.0 0.0 0.0 0.0 0.0 0.0 1.0 2.0 0.0 0.0 0.0 0.0 1.0 0.0 1.0 67.0 255.0 1.0 0.0 0.01 0.01 0.0 0.0 0.0 0.0
0.0 352.0 2367.0 0.0 0.0 0.0 0.0 0.0 0.0 0.0 0.0 0.0 0.0 0.0 0.0 4.0 18.0 0.0 0.0 0.0 0.0 1.0 0.0 0.11 77.0 255.0 1.0 0.0 0.01 0.01 0.0 0.0 0.0 0.0
0.0 268.0 7654.0 0.0 0.0 0.0 0.0 0.0 0.0 0.0 0.0 0.0 0.0 0.0 0.0 1.0 2.0 0.0 0.0 0.0 0.0 1.0 0.0 1.0 87.0 255.0 1.0 0.0 0.01 0.01 0.0 0.0 0.0 0.0
0.0 347.0 1210.0 0.0 0.0 0.0 0.0 0.0 0.0 0.0 0.0 0.0 0.0 0.0 0.0 11.0 13.0 0.0 0.0 0.0 0.0 1.0 0.0 0.23 97.0 255.0 1.0 0.0 0.01 0.01 0.0 0.0 0.0 0.0
0.0 362.0 901.0 0.0 0.0 0.0 0.0 0.0 0.0 0.0 0.0 0.0 0.0 0.0 0.0 8.0 9.0 0.0 0.0 0.0 0.0 1.0 0.0 0.22 107.0 255.0 1.0 0.0 0.01 0.01 0.0 0.0 0.0 0.0
0.0 353.0 769.0 0.0 0.0 0.0 0.0 0.0 0.0 0.0 0.0 0.0 0.0 0.0 0.0 5.0 6.0 0.0 0.0 0.0 0.0 1.0 0.0 0.33 117.0 255.0 1.0 0.0 0.01 0.01 0.0 0.0 0.0 0.0
0.0 347.0 1210.0 0.0 0.0 0.0 0.0 0.0 0.0 0.0 0.0 0.0 0.0 0.0 0.0 2.0 2.0 0.0 0.0 0.0 0.0 1.0 0.0 0.0 127.0 255.0 1.0 0.0 0.01 0.01 0.0 0.0 0.0 0.0
0.0 336.0 2431.0 0.0 0.0 0.0 0.0 0.0 0.0 0.0 0.0 0.0 0.0 0.0 0.0 12.0 13.0 0.0 0.0 0.0 0.0 1.0 0.0 0.15 137.0 255.0 1.0 0.0 0.01 0.01 0.0 0.0 0.0 0.0
0.0 290.0 4569.0 0.0 0.0 0.0 0.0 0.0 0.0 0.0 0.0 0.0 0.0 0.0 0.0 3.0 3.0 0.0 0.0 0.0 0.0 1.0 0.0 0.0 3.0 255.0 1.0 0.0 0.33 0.02 0.0 0.0 0.0 0.0
0.0 205.0 5183.0 0.0 0.0 0.0 0.0 0.0 0.0 0.0 0.0 0.0 0.0 0.0 0.0 6.0 6.0 0.0 0.0 0.0 0.0 1.0 0.0 0.0 6.0 255.0 1.0 0.0 0.17 0.02 0.0 0.0 0.0 0.0
0.0 201.0 3449.0 0.0 0.0 0.0 0.0 0.0 0.0 0.0 0.0 0.0 0.0 0.0 0.0 5.0 6.0 0.0 0.0 0.0 0.0 1.0 0.0 0.33 16.0 255.0 1.0 0.0 0.06 0.02 0.0 0.0 0.0 0.0
0.0 200.0 2622.0 0.0 0.0 1.0 0.0 0.0 1.0 0.0 0.0 0.0 0.0 0.0 0.0 15.0 18.0 0.0 0.0 0.0 0.0 1.0 0.0 0.17 26.0 255.0 1.0 0.0 0.04 0.02 0.0 0.0 0.0 0.0
0.0 201.0 1453.0 0.0 0.0 0.0 0.0 0.0 0.0 0.0 0.0 0.0 0.0 0.0 0.0 25.0 28.0 0.0 0.0 0.0 0.0 1.0 0.0 0.11 36.0 255.0 1.0 0.0 0.03 0.02 0.0 0.0 0.0 0.0
0.0 205.0 5183.0 0.0 0.0 0.0 0.0 0.0 0.0 0.0 0.0 0.0 0.0 0.0 0.0 6.0 6.0 0.0 0.0 0.0 0.0 1.0 0.0 0.0 46.0 255.0 1.0 0.0 0.02 0.02 0.0 0.0 0.0 0.0
0.0 202.0 7817.0 0.0 0.0 0.0 0.0 0.0 0.0 0.0 0.0 0.0 0.0 0.0 0.0 16.0 18.0 0.0 0.0 0.0 0.0 1.0 0.0 0.17 56.0 255.0 1.0 0.0 0.02 0.02 0.0 0.0 0.0 0.0
0.0 202.0 4289.0 0.0 0.0 0.0 0.0 0.0 0.0 0.0 0.0 0.0 0.0 0.0 0.0 26.0 29.0 0.0 0.0 0.0 0.0 1.0 0.0 0.1 66.0 255.0 1.0 0.0 0.02 0.02 0.0 0.0 0.0 0.0
0.0 202.0 1420.0 0.0 0.0 0.0 0.0 0.0 0.0 0.0 0.0 0.0 0.0 0.0 0.0 36.0 39.0 0.0 0.0 0.0 0.0 1.0 0.0 0.08 76.0 255.0 1.0 0.0 0.01 0.02 0.0 0.0 0.0 0.0
0.0 201.0 1268.0 0.0 0.0 0.0 0.0 0.0 0.0 0.0 0.0 0.0 0.0 0.0 0.0 6.0 7.0 0.0 0.0 0.0 0.0 1.0 0.0 0.29 86.0 255.0 1.0 0.0 0.01 0.02 0.0 0.0 0.0 0.0
0.0 203.0 1017.0 0.0 0.0 0.0 0.0 0.0 0.0 0.0 0.0 0.0 0.0 0.0 0.0 16.0 19.0 0.0 0.0 0.0 0.0 1.0 0.0 0.16 96.0 255.0 1.0 0.0 0.01 0.02 0.0 0.0 0.0 0.0
0.0 202.0 1420.0 0.0 0.0 0.0 0.0 0.0 0.0 0.0 0.0 0.0 0.0 0.0 0.0 26.0 29.0 0.0 0.0 0.0 0.0 1.0 0.0 0.1 106.0 255.0 1.0 0.0 0.01 0.01 0.0 0.0 0.0 0.0
0.0 200.0 867.0 0.0 0.0 0.0 0.0 0.0 0.0 0.0 0.0 0.0 0.0 0.0 0.0 36.0 39.0 0.0 0.0 0.0 0.0 1.0 0.0 0.08 116.0 255.0 1.0 0.0 0.01 0.01 0.0 0.0 0.0 0.0
0.0 199.0 4792.0 0.0 0.0 0.0 0.0 0.0 0.0 0.0 0.0 0.0 0.0 0.0 0.0 6.0 8.0 0.0 0.0 0.0 0.0 1.0 0.0 0.38 126.0 255.0 1.0 0.0 0.01 0.01 0.0 0.0 0.0 0.0
0.0 203.0 3543.0 0.0 0.0 0.0 0.0 0.0 0.0 0.0 0.0 0.0 0.0 0.0 0.0 16.0 18.0 0.0 0.0 0.0 0.0 1.0 0.0 0.17 136.0 255.0 1.0 0.0 0.01 0.01 0.0 0.0 0.0 0.0
0.0 202.0 1420.0 0.0 0.0 0.0 0.0 0.0 0.0 0.0 0.0 0.0 0.0 0.0 0.0 26.0 28.0 0.0 0.0 0.0 0.0 1.0 0.0 0.11 146.0 255.0 1.0 0.0 0.01 0.01 0.0 0.0 0.0 0.0
0.0 200.0 2400.0 0.0 0.0 0.0 0.0 0.0 0.0 0.0 0.0 0.0 0.0 0.0 0.0 36.0 39.0 0.0 0.0 0.0 0.0 1.0 0.0 0.08 156.0 255.0 1.0 0.0 0.01 0.01 0.0 0.0 0.0 0.0
0.0 202.0 7619.0 0.0 0.0 0.0 0.0 0.0 0.0 0.0 0.0 0.0 0.0 0.0 0.0 6.0 6.0 0.0 0.0 0.0 0.0 1.0 0.0 0.0 6.0 255.0 1.0 0.0 0.17 0.02 0.0 0.0 0.0 0.0
0.0 203.0 3874.0 0.0 0.0 0.0 0.0 0.0 0.0 0.0 0.0 0.0 0.0 0.0 0.0 16.0 16.0 0.0 0.0 0.0 0.0 1.0 0.0 0.0 16.0 255.0 1.0 0.0 0.06 0.02 0.0 0.0 0.0 0.0
0.0 220.0 7310.0 0.0 0.0 0.0 0.0 0.0 0.0 0.0 0.0 0.0 0.0 0.0 0.0 5.0 5.0 0.0 0.0 0.0 0.0 1.0 0.0 0.0 26.0 255.0 1.0 0.0 0.04 0.02 0.0 0.0 0.0 0.0
0.0 221.0 7907.0 0.0 0.0 0.0 0.0 0.0 0.0 0.0 0.0 0.0 0.0 0.0 0.0 15.0 15.0 0.0 0.0 0.0 0.0 1.0 0.0 0.0 36.0 255.0 1.0 0.0 0.03 0.02 0.0 0.0 0.0 0.0
0.0 324.0 355.0 0.0 0.0 0.0 0.0 0.0 0.0 0.0 0.0 0.0 0.0 0.0 0.0 1.0 14.0 0.0 0.0 0.0 0.0 1.0 0.0 0.29 4.0 255.0 1.0 0.0 0.25 0.02 0.0 0.0 0.0 0.0
0.0 213.0 540.0 0.0 0.0 0.0 0.0 0.0 0.0 0.0 0.0 0.0 0.0 0.0 0.0 1.0 5.0 0.0 0.0 0.0 0.0 1.0 0.0 0.4 14.0 255.0 1.0 0.0 0.07 0.02 0.0 0.0 0.0 0.0
0.0 299.0 1177.0 0.0 0.0 0.0 0.0 0.0 0.0 0.0 0.0 0.0 0.0 0.0 0.0 6.0 6.0 0.0 0.0 0.0 0.0 1.0 0.0 0.0 6.0 255.0 1.0 0.0 0.17 0.03 0.0 0.0 0.0 0.0
0.0 303.0 1688.0 0.0 0.0 0.0 0.0 0.0 0.0 0.0 0.0 0.0 0.0 0.0 0.0 16.0 17.0 0.0 0.0 0.0 0.0 1.0 0.0 0.12 16.0 255.0 1.0 0.0 0.06 0.03 0.0 0.0 0.0 0.0
0.0 303.0 1496.0 0.0 0.0 0.0 0.0 0.0 0.0 0.0 0.0 0.0 0.0 0.0 0.0 5.0 6.0 0.0 0.0 0.0 0.0 1.0 0.0 0.33 26.0 255.0 1.0 0.0 0.04 0.03 0.0 0.0 0.0 0.0
0.0 298.0 1231.0 0.0 0.0 0.0 0.0 0.0 0.0 0.0 0.0 0.0 0.0 0.0 0.0 3.0 4.0 0.0 0.0 0.0 0.0 1.0 0.0 0.5 36.0 255.0 1.0 0.0 0.03 0.02 0.0 0.0 0.0 0.0
0.0 300.0 2356.0 0.0 0.0 0.0 0.0 0.0 0.0 0.0 0.0 0.0 0.0 0.0 0.0 1.0 1.0 0.0 0.0 0.0 0.0 1.0 0.0 0.0 46.0 255.0 1.0 0.0 0.02 0.02 0.0 0.0 0.0 0.0
0.0 305.0 1496.0 0.0 0.0 0.0 0.0 0.0 0.0 0.0 0.0 0.0 0.0 0.0 0.0 3.0 3.0 0.0 0.0 0.0 0.0 1.0 0.0 0.0 56.0 255.0 1.0 0.0 0.02 0.02 0.0 0.0 0.0 0.0
0.0 305.0 2898.0 0.0 0.0 0.0 0.0 0.0 0.0 0.0 0.0 0.0 0.0 0.0 0.0 13.0 14.0 0.0 0.0 0.0 0.0 1.0 0.0 0.14 66.0 255.0 1.0 0.0 0.02 0.02 0.0 0.0 0.0 0.0
0.0 308.0 2436.0 0.0 0.0 0.0 0.0 0.0 0.0 0.0 0.0 0.0 0.0 0.0 0.0 2.0 2.0 0.0 0.0 0.0 0.0 1.0 0.0 0.0 76.0 255.0 1.0 0.0 0.01 0.02 0.0 0.0 0.0 0.0
0.0 302.0 2356.0 0.0 0.0 0.0 0.0 0.0 0.0 0.0 0.0 0.0 0.0 0.0 0.0 3.0 3.0 0.0 0.0 0.0 0.0 1.0 0.0 0.0 86.0 255.0 1.0 0.0 0.01 0.02 0.0 0.0 0.0 0.0
0.0 301.0 1297.0 0.0 0.0 0.0 0.0 0.0 0.0 0.0 0.0 0.0 0.0 0.0 0.0 10.0 10.0 0.0 0.0 0.0 0.0 1.0 0.0 0.0 96.0 255.0 1.0 0.0 0.01 0.02 0.0 0.0 0.0 0.0
0.0 229.0 628.0 0.0 0.0 0.0 0.0 0.0 0.0 0.0 0.0 0.0 0.0 0.0 0.0 2.0 2.0 0.0 0.0 0.0 0.0 1.0 0.0 0.0 2.0 255.0 1.0 0.0 0.5 0.02 0.0 0.0 0.0 0.0
0.0 143.0 310.0 0.0 0.0 0.0 0.0 0.0 0.0 0.0 0.0 0.0 0.0 0.0 0.0 1.0 1.0 0.0 0.0 0.0 0.0 1.0 0.0 0.0 2.0 255.0 1.0 0.0 0.5 0.03 0.0 0.0 0.0 0.0
0.0 199.0 1081.0 0.0 0.0 0.0 0.0 0.0 0.0 0.0 0.0 0.0 0.0 0.0 0.0 8.0 8.0 0.0 0.0 0.0 0.0 1.0 0.0 0.0 8.0 255.0 1.0 0.0 0.12 0.03 0.0 0.0 0.0 0.0
0.0 206.0 1395.0 0.0 0.0 0.0 0.0 0.0 0.0 0.0 0.0 0.0 0.0 0.0 0.0 18.0 19.0 0.0 0.0 0.0 0.0 1.0 0.0 0.11 18.0 255.0 1.0 0.0 0.06 0.03 0.0 0.0 0.0 0.0
0.0 202.0 1385.0 0.0 0.0 0.0 0.0 0.0 0.0 0.0 0.0 0.0 0.0 0.0 0.0 28.0 29.0 0.0 0.0 0.0 0.0 1.0 0.0 0.07 28.0 255.0 1.0 0.0 0.04 0.03 0.0 0.0 0.0 0.0
0.0 232.0 13351.0 0.0 0.0 0.0 0.0 0.0 0.0 0.0 0.0 0.0 0.0 0.0 0.0 1.0 1.0 0.0 0.0 0.0 0.0 1.0 0.0 0.0 1.0 255.0 1.0 0.0 1.0 0.04 0.0 0.0 0.0 0.0
0.0 289.0 1933.0 0.0 0.0 0.0 0.0 0.0 0.0 0.0 0.0 0.0 0.0 0.0 0.0 11.0 11.0 0.0 0.0 0.0 0.0 1.0 0.0 0.0 11.0 255.0 1.0 0.0 0.09 0.04 0.0 0.0 0.0 0.0
0.0 290.0 29710.0 0.0 0.0 0.0 0.0 0.0 0.0 0.0 0.0 0.0 0.0 0.0 0.0 21.0 21.0 0.0 0.0 0.0 0.0 1.0 0.0 0.0 21.0 255.0 1.0 0.0 0.05 0.04 0.0 0.0 0.0 0.0
0.0 300.0 2725.0 0.0 0.0 0.0 0.0 0.0 0.0 0.0 0.0 0.0 0.0 0.0 0.0 1.0 5.0 0.0 0.0 0.0 0.0 1.0 0.0 0.6 1.0 255.0 1.0 0.0 1.0 0.06 0.0 0.0 0.0 0.0
0.0 299.0 2057.0 0.0 0.0 0.0 0.0 0.0 0.0 0.0 0.0 0.0 0.0 0.0 0.0 11.0 16.0 0.0 0.0 0.0 0.0 1.0 0.0 0.19 11.0 255.0 1.0 0.0 0.09 0.05 0.0 0.0 0.0 0.0
0.0 152.0 35215.0 0.0 0.0 0.0 0.0 0.0 0.0 0.0 0.0 0.0 0.0 0.0 0.0 1.0 1.0 0.0 0.0 0.0 0.0 1.0 0.0 0.0 1.0 255.0 1.0 0.0 1.0 0.06 0.0 0.0 0.0 0.0
0.0 229.0 1342.0 0.0 0.0 0.0 0.0 0.0 0.0 0.0 0.0 0.0 0.0 0.0 0.0 11.0 11.0 0.0 0.0 0.0 0.0 1.0 0.0 0.0 11.0 255.0 1.0 0.0 0.09 0.06 0.0 0.0 0.0 0.0
0.0 234.0 7886.0 0.0 0.0 0.0 0.0 0.0 0.0 0.0 0.0 0.0 0.0 0.0 0.0 21.0 21.0 0.0 0.0 0.0 0.0 1.0 0.0 0.0 21.0 255.0 1.0 0.0 0.05 0.06 0.0 0.0 0.0 0.0
0.0 253.0 1001.0 0.0 0.0 0.0 0.0 0.0 0.0 0.0 0.0 0.0 0.0 0.0 0.0 3.0 3.0 0.0 0.0 0.0 0.0 1.0 0.0 0.0 31.0 255.0 1.0 0.0 0.03 0.06 0.0 0.0 0.0 0.0
0.0 375.0 9984.0 0.0 0.0 0.0 0.0 0.0 0.0 0.0 0.0 0.0 0.0 0.0 0.0 13.0 13.0 0.0 0.0 0.0 0.0 1.0 0.0 0.0 41.0 255.0 1.0 0.0 0.02 0.06 0.0 0.0 0.0 0.0
0.0 263.0 3327.0 0.0 0.0 0.0 0.0 0.0 0.0 0.0 0.0 0.0 0.0 0.0 0.0 23.0 23.0 0.0 0.0 0.0 0.0 1.0 0.0 0.0 51.0 255.0 1.0 0.0 0.02 0.05 0.0 0.0 0.0 0.0
0.0 274.0 2858.0 0.0 0.0 0.0 0.0 0.0 0.0 0.0 0.0 0.0 0.0 0.0 0.0 10.0 10.0 0.0 0.0 0.0 0.0 1.0 0.0 0.0 61.0 255.0 1.0 0.0 0.02 0.05 0.0 0.0 0.0 0.0
0.0 234.0 1931.0 0.0 0.0 0.0 0.0 0.0 0.0 0.0 0.0 0.0 0.0 0.0 0.0 5.0 5.0 0.0 0.0 0.0 0.0 1.0 0.0 0.0 71.0 255.0 1.0 0.0 0.01 0.05 0.0 0.0 0.0 0.0
0.0 236.0 2015.0 0.0 0.0 0.0 0.0 0.0 0.0 0.0 0.0 0.0 0.0 0.0 0.0 15.0 15.0 0.0 0.0 0.0 0.0 1.0 0.0 0.0 81.0 255.0 1.0 0.0 0.01 0.05 0.0 0.0 0.0 0.0
0.0 231.0 2313.0 0.0 0.0 0.0 0.0 0.0 0.0 0.0 0.0 0.0 0.0 0.0 0.0 25.0 25.0 0.0 0.0 0.0 0.0 1.0 0.0 0.0 91.0 255.0 1.0 0.0 0.01 0.05 0.0 0.0 0.0 0.0
0.0 250.0 261.0 0.0 0.0 0.0 0.0 0.0 0.0 0.0 0.0 0.0 0.0 0.0 0.0 7.0 7.0 0.0 0.0 0.0 0.0 1.0 0.0 0.0 101.0 255.0 1.0 0.0 0.01 0.05 0.0 0.0 0.0 0.0
0.0 250.0 409.0 0.0 0.0 0.0 0.0 0.0 0.0 0.0 0.0 0.0 0.0 0.0 0.0 17.0 17.0 0.0 0.0 0.0 0.0 1.0 0.0 0.0 111.0 255.0 1.0 0.0 0.01 0.05 0.0 0.0 0.0 0.0
0.0 264.0 1398.0 0.0 0.0 0.0 0.0 0.0 0.0 0.0 0.0 0.0 0.0 0.0 0.0 27.0 27.0 0.0 0.0 0.0 0.0 1.0 0.0 0.0 121.0 255.0 1.0 0.0 0.01 0.05 0.0 0.0 0.0 0.0
0.0 349.0 1374.0 0.0 0.0 0.0 0.0 0.0 0.0 0.0 0.0 0.0 0.0 0.0 0.0 2.0 42.0 0.0 0.0 0.0 0.0 1.0 0.0 0.05 131.0 255.0 1.0 0.0 0.01 0.05 0.0 0.0 0.0 0.0
0.0 352.0 762.0 0.0 0.0 0.0 0.0 0.0 0.0 0.0 0.0 0.0 0.0 0.0 0.0 12.0 52.0 0.08 0.02 0.0 0.0 1.0 0.0 0.04 141.0 255.0 1.0 0.0 0.01 0.05 0.01 0.0 0.0 0.0
0.0 352.0 2015.0 0.0 0.0 0.0 0.0 0.0 0.0 0.0 0.0 0.0 0.0 0.0 0.0 22.0 48.0 0.05 0.02 0.0 0.0 1.0 0.0 0.04 151.0 255.0 1.0 0.0 0.01 0.05 0.01 0.0 0.0 0.0
0.0 513.0 7750.0 0.0 0.0 0.0 0.0 0.0 0.0 0.0 0.0 0.0 0.0 0.0 0.0 4.0 4.0 0.0 0.0 0.0 0.0 1.0 0.0 0.0 161.0 255.0 1.0 0.0 0.01 0.05 0.01 0.0 0.0 0.0
0.0 382.0 255.0 0.0 0.0 0.0 0.0 0.0 0.0 0.0 0.0 0.0 0.0 0.0 0.0 14.0 14.0 0.0 0.0 0.0 0.0 1.0 0.0 0.0 171.0 255.0 1.0 0.0 0.01 0.04 0.01 0.0 0.0 0.0
0.0 352.0 762.0 0.0 0.0 0.0 0.0 0.0 0.0 0.0 0.0 0.0 0.0 0.0 0.0 7.0 7.0 0.0 0.0 0.0 0.0 1.0 0.0 0.0 181.0 255.0 1.0 0.0 0.01 0.04 0.01 0.0 0.0 0.0
0.0 346.0 258.0 0.0 0.0 0.0 0.0 0.0 0.0 0.0 0.0 0.0 0.0 0.0 0.0 17.0 20.0 0.0 0.0 0.0 0.0 1.0 0.0 0.1 191.0 255.0 1.0 0.0 0.01 0.04 0.01 0.0 0.0 0.0
0.0 343.0 255.0 0.0 0.0 0.0 0.0 0.0 0.0 0.0 0.0 0.0 0.0 0.0 0.0 27.0 38.0 0.0 0.0 0.0 0.0 1.0 0.0 0.05 201.0 255.0 1.0 0.0 0.0 0.04 0.0 0.0 0.0 0.0
0.0 368.0 1412.0 0.0 0.0 0.0 0.0 0.0 0.0 0.0 0.0 0.0 0.0 0.0 0.0 9.0 9.0 0.0 0.0 0.0 0.0 1.0 0.0 0.0 211.0 255.0 1.0 0.0 0.0 0.03 0.0 0.0 0.0 0.0
0.0 376.0 10054.0 0.0 0.0 0.0 0.0 0.0 0.0 0.0 0.0 0.0 0.0 0.0 0.0 19.0 19.0 0.0 0.0 0.0 0.0 1.0 0.0 0.0 221.0 255.0 1.0 0.0 0.0 0.03 0.0 0.0 0.0 0.0
0.0 243.0 1247.0 0.0 0.0 0.0 0.0 0.0 0.0 0.0 0.0 0.0 0.0 0.0 0.0 8.0 8.0 0.0 0.0 0.0 0.0 1.0 0.0 0.0 231.0 255.0 1.0 0.0 0.0 0.03 0.0 0.0 0.0 0.0
0.0 242.0 1404.0 0.0 0.0 0.0 0.0 0.0 0.0 0.0 0.0 0.0 0.0 0.0 0.0 18.0 18.0 0.0 0.0 0.0 0.0 1.0 0.0 0.0 241.0 255.0 1.0 0.0 0.0 0.01 0.0 0.0 0.0 0.0
0.0 249.0 1931.0 0.0 0.0 0.0 0.0 0.0 0.0 0.0 0.0 0.0 0.0 0.0 0.0 28.0 28.0 0.0 0.0 0.0 0.0 1.0 0.0 0.0 251.0 255.0 1.0 0.0 0.0 0.01 0.0 0.0 0.0 0.0
0.0 271.0 4146.0 0.0 0.0 0.0 0.0 0.0 0.0 0.0 0.0 0.0 0.0 0.0 0.0 10.0 10.0 0.0 0.0 0.0 0.0 1.0 0.0 0.0 255.0 255.0 1.0 0.0 0.0 0.0 0.0 0.0 0.0 0.0
0.0 262.0 4019.0 0.0 0.0 0.0 0.0 0.0 0.0 0.0 0.0 0.0 0.0 0.0 0.0 20.0 20.0 0.0 0.0 0.0 0.0 1.0 0.0 0.0 255.0 255.0 1.0 0.0 0.0 0.0 0.0 0.0 0.0 0.0
0.0 374.0 267.0 0.0 0.0 0.0 0.0 0.0 0.0 0.0 0.0 0.0 0.0 0.0 0.0 3.0 3.0 0.0 0.0 0.0 0.0 1.0 0.0 0.0 255.0 255.0 1.0 0.0 0.0 0.0 0.0 0.0 0.0 0.0
0.0 366.0 13784.0 0.0 0.0 0.0 0.0 0.0 0.0 0.0 0.0 0.0 0.0 0.0 0.0 13.0 13.0 0.0 0.0 0.0 0.0 1.0 0.0 0.0 255.0 255.0 1.0 0.0 0.0 0.0 0.0 0.0 0.0 0.0
0.0 248.0 1374.0 0.0 0.0 0.0 0.0 0.0 0.0 0.0 0.0 0.0 0.0 0.0 0.0 6.0 6.0 0.0 0.0 0.0 0.0 1.0 0.0 0.0 255.0 255.0 1.0 0.0 0.0 0.0 0.0 0.0 0.0 0.0
0.0 250.0 11485.0 0.0 0.0 0.0 0.0 0.0 0.0 0.0 0.0 0.0 0.0 0.0 0.0 16.0 16.0 0.0 0.0 0.0 0.0 1.0 0.0 0.0 255.0 255.0 1.0 0.0 0.0 0.0 0.0 0.0 0.0 0.0
0.0 246.0 2313.0 0.0 0.0 0.0 0.0 0.0 0.0 0.0 0.0 0.0 0.0 0.0 0.0 26.0 26.0 0.0 0.0 0.0 0.0 1.0 0.0 0.0 255.0 255.0 1.0 0.0 0.0 0.0 0.0 0.0 0.0 0.0
0.0 350.0 1931.0 0.0 0.0 0.0 0.0 0.0 0.0 0.0 0.0 0.0 0.0 0.0 0.0 8.0 8.0 0.0 0.0 0.0 0.0 1.0 0.0 0.0 255.0 255.0 1.0 0.0 0.0 0.0 0.0 0.0 0.0 0.0
0.0 347.0 807.0 0.0 0.0 0.0 0.0 0.0 0.0 0.0 0.0 0.0 0.0 0.0 0.0 18.0 18.0 0.0 0.0 0.0 0.0 1.0 0.0 0.0 255.0 255.0 1.0 0.0 0.0 0.0 0.0 0.0 0.0 0.0
0.0 351.0 608.0 0.0 0.0 0.0 0.0 0.0 0.0 0.0 0.0 0.0 0.0 0.0 0.0 28.0 28.0 0.0 0.0 0.0 0.0 1.0 0.0 0.0 255.0 255.0 1.0 0.0 0.0 0.0 0.0 0.0 0.0 0.0
0.0 427.0 338.0 0.0 0.0 0.0 0.0 0.0 0.0 0.0 0.0 0.0 0.0 0.0 0.0 10.0 10.0 0.0 0.0 0.0 0.0 1.0 0.0 0.0 255.0 255.0 1.0 0.0 0.0 0.0 0.0 0.0 0.0 0.0
0.0 265.0 261.0 0.0 0.0 0.0 0.0 0.0 0.0 0.0 0.0 0.0 0.0 0.0 0.0 1.0 21.0 0.0 0.0 0.0 0.0 1.0 0.0 0.24 255.0 255.0 1.0 0.0 0.0 0.0 0.0 0.0 0.0 0.0
0.0 278.0 895.0 0.0 0.0 0.0 0.0 0.0 0.0 0.0 0.0 0.0 0.0 0.0 0.0 11.0 39.0 0.0 0.0 0.0 0.0 1.0 0.0 0.08 255.0 255.0 1.0 0.0 0.0 0.0 0.0 0.0 0.0 0.0
