0.0 0.0 0.0 0.0 0.0 0.0 0.0 0.0 0.0 0.0 0.0 0.0 0.0 0.0 0.0 1.0 1.0 0.0 0.0 1.0 1.0 1.0 0.0 0.0 57.0 2.0 0.02 1.0 0.02 1.0 0.0 0.0 0.98 1.0
0.0 0.0 0.0 0.0 0.0 0.0 0.0 0.0 0.0 0.0 0.0 0.0 0.0 0.0 0.0 1.0 1.0 0.0 0.0 1.0 1.0 1.0 0.0 0.0 67.0 2.0 0.01 1.0 0.01 1.0 0.0 0.0 0.97 1.0
0.0 64.0 0.0 0.0 0.0 0.0 0.0 0.0 0.0 0.0 0.0 0.0 0.0 0.0 0.0 1.0 1.0 0.0 0.0 0.0 0.0 1.0 0.0 0.0 77.0 1.0 0.01 0.94 0.01 0.0 0.0 0.0 0.9 0.0
0.0 1231.0 389.0 0.0 0.0 0.0 0.0 0.0 0.0 0.0 0.0 0.0 0.0 0.0 0.0 1.0 1.0 0.0 0.0 0.0 0.0 1.0 0.0 0.0 87.0 56.0 0.14 0.83 0.01 0.04 0.0 0.0 0.79 0.04
0.0 776.0 388.0 0.0 0.0 0.0 0.0 0.0 0.0 0.0 0.0 0.0 0.0 0.0 0.0 1.0 1.0 0.0 0.0 0.0 0.0 1.0 0.0 0.0 97.0 62.0 0.19 0.74 0.01 0.03 0.01 0.0 0.71 0.03
0.0 74.0 0.0 0.0 0.0 0.0 0.0 0.0 0.0 0.0 0.0 0.0 0.0 0.0 0.0 2.0 2.0 0.0 0.0 0.0 0.0 1.0 0.0 0.0 107.0 12.0 0.06 0.67 0.05 0.17 0.01 0.0 0.64 0.17
0.0 7940.0 0.0 0.0 0.0 0.0 0.0 0.0 0.0 0.0 0.0 2.0 0.0 0.0 0.0 9.0 9.0 0.0 0.0 0.0 0.0 1.0 0.0 0.0 117.0 22.0 0.14 0.62 0.13 0.09 0.01 0.0 0.59 0.09
13368.0 2987.0 58843.0 0.0 0.0 1.0 0.0 2.0 1.0 0.0 2.0 15.0 0.0 0.0 0.0 1.0 1.0 0.0 0.0 0.0 0.0 1.0 0.0 0.0 127.0 11.0 0.08 0.57 0.01 0.18 0.01 0.09 0.54 0.18
0.0 12617.0 1857.0 0.0 0.0 0.0 0.0 0.0 0.0 0.0 0.0 0.0 0.0 0.0 0.0 1.0 1.0 0.0 0.0 0.0 0.0 1.0 0.0 0.0 137.0 75.0 0.23 0.53 0.01 0.03 0.01 0.0 0.5 0.03
2.0 1949.0 553.0 0.0 0.0 0.0 0.0 0.0 0.0 0.0 0.0 0.0 0.0 0.0 0.0 1.0 1.0 0.0 0.0 0.0 0.0 1.0 0.0 0.0 147.0 83.0 0.27 0.49 0.01 0.02 0.01 0.0 0.47 0.02
0.0 10.0 147.0 0.0 0.0 0.0 0.0 0.0 0.0 0.0 0.0 0.0 0.0 0.0 0.0 1.0 1.0 0.0 0.0 0.0 0.0 1.0 0.0 0.0 157.0 7.0 0.03 0.46 0.01 0.29 0.01 0.0 0.44 0.0
2.0 0.0 133.0 0.0 0.0 0.0 0.0 0.0 0.0 0.0 0.0 0.0 0.0 0.0 0.0 1.0 1.0 0.0 0.0 1.0 1.0 1.0 0.0 0.0 2.0 2.0 0.5 1.0 0.5 1.0 0.0 0.0 1.0 1.0
0.0 0.0 0.0 0.0 0.0 0.0 0.0 0.0 0.0 0.0 0.0 0.0 0.0 0.0 0.0 1.0 1.0 0.0 0.0 1.0 1.0 1.0 0.0 0.0 12.0 2.0 0.08 1.0 0.08 1.0 0.0 0.0 0.92 1.0
0.0 0.0 0.0 0.0 0.0 0.0 0.0 0.0 0.0 0.0 0.0 0.0 0.0 0.0 0.0 1.0 1.0 0.0 0.0 1.0 1.0 1.0 0.0 0.0 22.0 2.0 0.05 1.0 0.05 1.0 0.0 0.0 0.91 1.0
0.0 0.0 0.0 0.0 0.0 0.0 0.0 0.0 0.0 0.0 0.0 0.0 0.0 0.0 0.0 1.0 1.0 0.0 0.0 1.0 1.0 1.0 0.0 0.0 32.0 2.0 0.03 1.0 0.03 1.0 0.0 0.0 0.94 1.0
0.0 0.0 0.0 0.0 0.0 0.0 0.0 0.0 0.0 0.0 0.0 0.0 0.0 0.0 0.0 1.0 1.0 0.0 0.0 1.0 1.0 1.0 0.0 0.0 42.0 2.0 0.02 1.0 0.02 1.0 0.0 0.0 0.93 1.0
0.0 0.0 0.0 0.0 0.0 0.0 0.0 0.0 0.0 0.0 0.0 0.0 0.0 0.0 0.0 1.0 1.0 0.0 0.0 1.0 1.0 1.0 0.0 0.0 52.0 2.0 0.02 1.0 0.02 1.0 0.0 0.0 0.92 1.0
0.0 0.0 0.0 0.0 0.0 0.0 0.0 0.0 0.0 0.0 0.0 0.0 0.0 0.0 0.0 1.0 1.0 0.0 0.0 1.0 1.0 1.0 0.0 0.0 62.0 2.0 0.02 1.0 0.02 1.0 0.0 0.0 0.92 1.0
0.0 748.0 0.0 0.0 0.0 0.0 0.0 0.0 0.0 0.0 9.0 0.0 0.0 0.0 0.0 1.0 1.0 0.0 0.0 0.0 0.0 1.0 0.0 0.0 72.0 25.0 0.03 0.99 0.01 0.08 0.0 0.0 0.92 0.08
0.0 730.0 305.0 0.0 0.0 0.0 0.0 0.0 0.0 0.0 0.0 0.0 0.0 0.0 0.0 1.0 1.0 0.0 0.0 0.0 0.0 1.0 0.0 0.0 82.0 67.0 0.06 0.87 0.01 0.04 0.0 0.0 0.8 0.03
0.0 793.0 302.0 0.0 0.0 0.0 0.0 0.0 0.0 0.0 0.0 0.0 0.0 0.0 0.0 1.0 1.0 0.0 0.0 0.0 0.0 1.0 0.0 0.0 92.0 65.0 0.11 0.77 0.01 0.03 0.0 0.0 0.72 0.02
0.0 956.0 331.0 0.0 0.0 0.0 0.0 0.0 0.0 0.0 0.0 0.0 0.0 0.0 0.0 1.0 1.0 0.0 0.0 0.0 0.0 1.0 0.0 0.0 102.0 74.0 0.2 0.7 0.01 0.03 0.0 0.0 0.65 0.0
0.0 129.0 238.0 0.0 0.0 0.0 0.0 0.0 0.0 0.0 0.0 0.0 0.0 0.0 0.0 1.0 1.0 0.0 0.0 0.0 0.0 1.0 0.0 0.0 112.0 83.0 0.26 0.63 0.01 0.02 0.0 0.0 0.59 0.0
0.0 383.0 0.0 0.0 0.0 0.0 0.0 0.0 0.0 0.0 0.0 0.0 0.0 0.0 0.0 2.0 2.0 0.0 0.0 0.0 0.0 1.0 0.0 0.0 122.0 38.0 0.13 0.58 0.12 0.05 0.0 0.0 0.54 0.03
94.0 1441.0 331.0 0.0 0.0 0.0 0.0 0.0 0.0 0.0 0.0 0.0 0.0 0.0 0.0 1.0 1.0 0.0 0.0 0.0 0.0 1.0 0.0 0.0 132.0 96.0 0.32 0.54 0.01 0.02 0.0 0.0 0.5 0.0
338.0 2546.0 331.0 0.0 0.0 0.0 0.0 0.0 0.0 0.0 0.0 0.0 0.0 0.0 0.0 1.0 1.0 0.0 0.0 0.0 0.0 1.0 0.0 0.0 142.0 106.0 0.37 0.5 0.01 0.02 0.0 0.0 0.46 0.0
0.0 383.0 0.0 0.0 0.0 0.0 0.0 0.0 0.0 0.0 0.0 0.0 0.0 0.0 0.0 2.0 2.0 0.0 0.0 0.0 0.0 1.0 0.0 0.0 152.0 44.0 0.14 0.47 0.14 0.05 0.0 0.0 0.43 0.02
0.0 373.0 0.0 0.0 0.0 0.0 0.0 0.0 0.0 0.0 0.0 0.0 0.0 0.0 0.0 7.0 7.0 0.0 0.0 0.0 0.0 1.0 0.0 0.0 162.0 54.0 0.2 0.44 0.19 0.04 0.0 0.0 0.41 0.02
0.0 59.0 0.0 0.0 0.0 0.0 0.0 0.0 0.0 0.0 0.0 0.0 0.0 0.0 0.0 17.0 17.0 0.0 0.0 0.0 0.0 1.0 0.0 0.0 172.0 64.0 0.24 0.41 0.24 0.03 0.0 0.0 0.38 0.02
0.0 844.0 313.0 0.0 0.0 0.0 0.0 0.0 0.0 0.0 0.0 0.0 0.0 0.0 0.0 1.0 2.0 0.0 0.0 0.0 0.0 1.0 0.0 1.0 182.0 103.0 0.34 0.39 0.01 0.02 0.0 0.0 0.36 0.0
0.0 748.0 0.0 0.0 0.0 0.0 0.0 0.0 0.0 0.0 9.0 0.0 0.0 0.0 0.0 1.0 1.0 0.0 0.0 0.0 0.0 1.0 0.0 0.0 192.0 72.0 0.26 0.37 0.26 0.03 0.0 0.0 0.34 0.01
0.0 764.0 311.0 0.0 0.0 0.0 0.0 0.0 0.0 0.0 0.0 0.0 0.0 0.0 0.0 1.0 2.0 0.0 0.0 0.0 0.0 1.0 0.0 1.0 202.0 112.0 0.38 0.35 0.0 0.02 0.0 0.0 0.33 0.0
0.0 0.0 0.0 0.0 0.0 0.0 0.0 0.0 0.0 0.0 0.0 0.0 0.0 0.0 0.0 1.0 1.0 0.0 0.0 1.0 1.0 1.0 0.0 0.0 8.0 2.0 0.12 1.0 0.12 1.0 0.0 0.0 0.88 1.0
2.0 0.0 4.0 0.0 0.0 0.0 0.0 0.0 0.0 0.0 0.0 0.0 0.0 0.0 0.0 1.0 1.0 0.0 0.0 0.0 0.0 1.0 0.0 0.0 18.0 2.0 0.06 1.0 0.06 1.0 0.0 0.0 0.89 0.0
0.0 0.0 0.0 0.0 0.0 0.0 0.0 0.0 0.0 0.0 0.0 0.0 0.0 0.0 0.0 1.0 1.0 0.0 0.0 1.0 1.0 1.0 0.0 0.0 28.0 2.0 0.04 1.0 0.04 1.0 0.0 0.0 0.93 1.0
0.0 0.0 0.0 0.0 0.0 0.0 0.0 0.0 0.0 0.0 0.0 0.0 0.0 0.0 0.0 1.0 1.0 0.0 0.0 1.0 1.0 1.0 0.0 0.0 38.0 2.0 0.03 1.0 0.03 1.0 0.0 0.0 0.92 1.0
0.0 0.0 0.0 0.0 0.0 0.0 0.0 0.0 0.0 0.0 0.0 0.0 0.0 0.0 0.0 1.0 1.0 0.0 0.0 1.0 1.0 1.0 0.0 0.0 48.0 2.0 0.02 1.0 0.02 1.0 0.0 0.0 0.94 1.0
0.0 0.0 0.0 0.0 0.0 0.0 0.0 0.0 0.0 0.0 0.0 0.0 0.0 0.0 0.0 1.0 1.0 0.0 0.0 1.0 1.0 1.0 0.0 0.0 58.0 2.0 0.02 1.0 0.02 1.0 0.0 0.0 0.93 1.0
0.0 0.0 0.0 0.0 0.0 0.0 0.0 0.0 0.0 0.0 0.0 0.0 0.0 0.0 0.0 1.0 1.0 0.0 0.0 1.0 1.0 1.0 0.0 0.0 68.0 2.0 0.01 1.0 0.01 1.0 0.0 0.0 0.93 1.0
0.0 259.0 0.0 0.0 0.0 0.0 0.0 0.0 0.0 0.0 1.0 0.0 0.0 0.0 0.0 2.0 2.0 0.0 0.0 0.0 0.0 1.0 0.0 0.0 78.0 55.0 0.04 0.91 0.03 0.04 0.0 0.0 0.85 0.02
0.0 748.0 0.0 0.0 0.0 0.0 0.0 0.0 0.0 0.0 9.0 0.0 0.0 0.0 0.0 1.0 1.0 0.0 0.0 0.0 0.0 1.0 0.0 0.0 88.0 64.0 0.14 0.81 0.12 0.03 0.0 0.0 0.75 0.02
0.0 383.0 0.0 0.0 0.0 0.0 0.0 0.0 0.0 0.0 0.0 0.0 0.0 0.0 0.0 2.0 2.0 0.0 0.0 0.0 0.0 1.0 0.0 0.0 98.0 73.0 0.21 0.72 0.2 0.03 0.0 0.0 0.67 0.01
0.0 192.0 0.0 0.0 0.0 0.0 0.0 0.0 0.0 0.0 0.0 0.0 0.0 0.0 0.0 2.0 2.0 0.0 0.0 0.0 0.0 1.0 0.0 0.0 108.0 81.0 0.27 0.66 0.26 0.02 0.0 0.0 0.61 0.01
0.0 10261.0 0.0 0.0 0.0 0.0 0.0 0.0 0.0 0.0 0.0 0.0 0.0 0.0 0.0 8.0 8.0 0.0 0.0 0.0 0.0 1.0 0.0 0.0 118.0 91.0 0.33 0.6 0.32 0.02 0.0 0.0 0.56 0.01
0.0 192.0 0.0 0.0 0.0 0.0 0.0 0.0 0.0 0.0 0.0 0.0 0.0 0.0 0.0 2.0 2.0 0.0 0.0 0.0 0.0 1.0 0.0 0.0 128.0 94.0 0.38 0.55 0.37 0.02 0.0 0.0 0.52 0.01
0.0 9198.0 0.0 0.0 0.0 0.0 0.0 0.0 0.0 0.0 0.0 0.0 0.0 0.0 0.0 8.0 8.0 0.0 0.0 0.0 0.0 1.0 0.0 0.0 138.0 100.0 0.42 0.51 0.41 0.02 0.0 0.0 0.48 0.01
4.0 1042.0 342.0 0.0 0.0 0.0 0.0 0.0 0.0 0.0 0.0 0.0 0.0 0.0 0.0 1.0 1.0 0.0 0.0 0.0 0.0 1.0 0.0 0.0 148.0 79.0 0.1 0.48 0.01 0.03 0.0 0.0 0.45 0.0
63.0 7.0 224.0 0.0 0.0 0.0 0.0 0.0 0.0 0.0 0.0 0.0 0.0 0.0 0.0 1.0 1.0 0.0 0.0 0.0 0.0 1.0 0.0 0.0 158.0 8.0 0.03 0.45 0.01 0.25 0.0 0.0 0.42 0.0
449.0 1473.0 449.0 0.0 0.0 0.0 0.0 0.0 0.0 0.0 0.0 0.0 0.0 0.0 0.0 1.0 1.0 0.0 0.0 0.0 0.0 1.0 0.0 0.0 168.0 78.0 0.2 0.42 0.01 0.03 0.0 0.0 0.39 0.0
0.0 383.0 0.0 0.0 0.0 0.0 0.0 0.0 0.0 0.0 0.0 0.0 0.0 0.0 0.0 2.0 2.0 0.0 0.0 0.0 0.0 1.0 0.0 0.0 178.0 104.0 0.39 0.4 0.39 0.02 0.0 0.0 0.37 0.01
0.0 644.0 313.0 0.0 0.0 0.0 0.0 0.0 0.0 0.0 0.0 0.0 0.0 0.0 0.0 1.0 1.0 0.0 0.0 0.0 0.0 1.0 0.0 0.0 188.0 74.0 0.22 0.38 0.01 0.03 0.0 0.0 0.35 0.0
0.0 0.0 0.0 0.0 0.0 0.0 0.0 0.0 0.0 0.0 0.0 0.0 0.0 0.0 0.0 1.0 1.0 0.0 0.0 1.0 1.0 1.0 0.0 0.0 1.0 108.0 1.0 0.0 1.0 0.03 0.0 0.0 1.0 0.02
0.0 0.0 0.0 0.0 0.0 0.0 0.0 0.0 0.0 0.0 0.0 0.0 0.0 0.0 0.0 1.0 1.0 0.0 0.0 1.0 1.0 1.0 0.0 0.0 11.0 2.0 0.09 1.0 0.09 1.0 0.0 0.0 0.91 1.0
0.0 0.0 0.0 0.0 0.0 0.0 0.0 0.0 0.0 0.0 0.0 0.0 0.0 0.0 0.0 1.0 1.0 0.0 0.0 1.0 1.0 1.0 0.0 0.0 21.0 2.0 0.05 1.0 0.05 1.0 0.0 0.0 0.9 1.0
0.0 0.0 0.0 0.0 0.0 0.0 0.0 0.0 0.0 0.0 0.0 0.0 0.0 0.0 0.0 1.0 1.0 0.0 0.0 1.0 1.0 1.0 0.0 0.0 31.0 2.0 0.03 1.0 0.03 1.0 0.0 0.0 0.94 1.0
0.0 0.0 0.0 0.0 0.0 0.0 0.0 0.0 0.0 0.0 0.0 0.0 0.0 0.0 0.0 1.0 1.0 0.0 0.0 1.0 1.0 1.0 0.0 0.0 41.0 2.0 0.02 1.0 0.02 1.0 0.0 0.0 0.95 1.0
0.0 0.0 0.0 0.0 0.0 0.0 0.0 0.0 0.0 0.0 0.0 0.0 0.0 0.0 0.0 1.0 1.0 0.0 0.0 1.0 1.0 1.0 0.0 0.0 51.0 2.0 0.02 1.0 0.02 1.0 0.0 0.0 0.96 0.5
0.0 0.0 0.0 0.0 0.0 0.0 0.0 0.0 0.0 0.0 0.0 0.0 0.0 0.0 0.0 1.0 1.0 0.0 0.0 1.0 1.0 1.0 0.0 0.0 61.0 2.0 0.02 1.0 0.02 1.0 0.0 0.0 0.95 1.0
0.0 0.0 0.0 0.0 0.0 0.0 0.0 0.0 0.0 0.0 0.0 0.0 0.0 0.0 0.0 1.0 1.0 0.0 0.0 1.0 1.0 1.0 0.0 0.0 71.0 2.0 0.01 1.0 0.01 1.0 0.0 0.0 0.96 1.0
0.0 37.0 0.0 0.0 0.0 0.0 0.0 0.0 0.0 0.0 0.0 0.0 0.0 0.0 0.0 1.0 1.0 0.0 0.0 0.0 0.0 1.0 0.0 0.0 81.0 76.0 0.05 0.88 0.04 0.03 0.0 0.0 0.84 0.01
0.0 14052.0 0.0 0.0 0.0 0.0 0.0 0.0 0.0 0.0 0.0 0.0 0.0 0.0 0.0 1.0 1.0 0.0 0.0 0.0 0.0 1.0 0.0 0.0 91.0 86.0 0.15 0.78 0.14 0.02 0.0 0.0 0.75 0.01
0.0 40494.0 0.0 0.0 0.0 0.0 0.0 0.0 0.0 0.0 0.0 0.0 0.0 0.0 0.0 11.0 11.0 0.0 0.0 0.0 0.0 1.0 0.0 0.0 101.0 96.0 0.24 0.7 0.23 0.02 0.0 0.0 0.67 0.01
0.0 37.0 0.0 0.0 0.0 0.0 0.0 0.0 0.0 0.0 0.0 0.0 0.0 0.0 0.0 1.0 1.0 0.0 0.0 0.0 0.0 1.0 0.0 0.0 111.0 106.0 0.31 0.64 0.3 0.02 0.0 0.0 0.61 0.01
0.0 5319.0 0.0 0.0 0.0 0.0 0.0 0.0 0.0 0.0 0.0 0.0 0.0 0.0 0.0 7.0 7.0 0.0 0.0 0.0 0.0 1.0 0.0 0.0 121.0 116.0 0.36 0.59 0.36 0.02 0.0 0.0 0.56 0.01
0.0 5891.0 0.0 0.0 0.0 0.0 0.0 0.0 0.0 0.0 0.0 0.0 0.0 0.0 0.0 13.0 13.0 0.0 0.0 0.0 0.0 1.0 0.0 0.0 131.0 126.0 0.41 0.54 0.4 0.02 0.0 0.0 0.52 0.01
0.0 7.0 0.0 0.0 0.0 0.0 0.0 0.0 0.0 0.0 0.0 0.0 0.0 0.0 0.0 1.0 1.0 0.0 0.0 0.0 0.0 1.0 0.0 0.0 141.0 11.0 0.04 0.5 0.01 0.18 0.0 0.0 0.48 0.0
0.0 854.0 0.0 0.0 0.0 0.0 0.0 0.0 0.0 0.0 0.0 0.0 0.0 0.0 0.0 2.0 2.0 0.0 0.0 0.0 0.0 1.0 0.0 0.0 151.0 119.0 0.42 0.47 0.41 0.02 0.0 0.0 0.45 0.01
0.0 59.0 0.0 0.0 0.0 0.0 0.0 0.0 0.0 0.0 0.0 0.0 0.0 0.0 0.0 12.0 12.0 0.0 0.0 0.0 0.0 1.0 0.0 0.0 161.0 121.0 0.45 0.44 0.45 0.02 0.0 0.0 0.42 0.01
0.0 854.0 0.0 0.0 0.0 0.0 0.0 0.0 0.0 0.0 0.0 0.0 0.0 0.0 0.0 4.0 4.0 0.0 0.0 0.0 0.0 1.0 0.0 0.0 171.0 122.0 0.49 0.42 0.48 0.02 0.0 0.0 0.4 0.01
1.0 2132.0 589.0 0.0 0.0 0.0 0.0 0.0 0.0 0.0 0.0 0.0 0.0 0.0 0.0 1.0 3.0 0.0 0.0 0.0 0.0 1.0 0.0 1.0 181.0 56.0 0.09 0.39 0.01 0.04 0.0 0.0 0.38 0.02
1.0 1062.0 443.0 0.0 0.0 0.0 0.0 0.0 0.0 0.0 0.0 0.0 0.0 0.0 0.0 1.0 2.0 0.0 0.0 0.0 0.0 1.0 0.0 1.0 191.0 59.0 0.1 0.37 0.01 0.03 0.0 0.0 0.36 0.02
6.0 0.0 15.0 0.0 0.0 0.0 0.0 0.0 0.0 0.0 0.0 0.0 0.0 0.0 0.0 1.0 1.0 0.0 0.0 1.0 1.0 1.0 0.0 0.0 3.0 2.0 0.33 1.0 0.33 1.0 0.0 0.0 1.0 1.0
0.0 0.0 0.0 0.0 0.0 0.0 0.0 0.0 0.0 0.0 0.0 0.0 0.0 0.0 0.0 1.0 1.0 0.0 0.0 1.0 1.0 1.0 0.0 0.0 13.0 2.0 0.08 1.0 0.08 1.0 0.0 0.0 0.92 1.0
0.0 0.0 0.0 0.0 0.0 0.0 0.0 0.0 0.0 0.0 0.0 0.0 0.0 0.0 0.0 1.0 1.0 0.0 0.0 1.0 1.0 1.0 0.0 0.0 23.0 2.0 0.04 1.0 0.04 1.0 0.0 0.0 0.91 1.0
0.0 0.0 0.0 0.0 0.0 0.0 0.0 0.0 0.0 0.0 0.0 0.0 0.0 0.0 0.0 1.0 1.0 0.0 0.0 1.0 1.0 1.0 0.0 0.0 33.0 2.0 0.03 1.0 0.03 1.0 0.0 0.0 0.94 1.0
0.0 0.0 0.0 0.0 0.0 0.0 0.0 0.0 0.0 0.0 0.0 0.0 0.0 0.0 0.0 1.0 1.0 0.0 0.0 1.0 1.0 1.0 0.0 0.0 43.0 2.0 0.02 1.0 0.02 1.0 0.0 0.0 0.93 1.0
0.0 0.0 0.0 0.0 0.0 0.0 0.0 0.0 0.0 0.0 0.0 0.0 0.0 0.0 0.0 1.0 1.0 0.0 0.0 1.0 1.0 1.0 0.0 0.0 53.0 2.0 0.02 1.0 0.02 1.0 0.0 0.0 0.92 1.0
0.0 0.0 0.0 0.0 0.0 0.0 0.0 0.0 0.0 0.0 0.0 0.0 0.0 0.0 0.0 1.0 1.0 0.0 0.0 1.0 1.0 1.0 0.0 0.0 63.0 2.0 0.02 1.0 0.02 1.0 0.0 0.0 0.92 1.0
0.0 2041.0 339.0 0.0 0.0 0.0 0.0 0.0 0.0 0.0 0.0 0.0 0.0 0.0 0.0 1.0 1.0 0.0 0.0 0.0 0.0 1.0 0.0 0.0 73.0 29.0 0.04 0.97 0.01 0.07 0.0 0.0 0.9 0.0
0.0 125.0 234.0 0.0 0.0 0.0 0.0 0.0 0.0 0.0 0.0 0.0 0.0 0.0 0.0 1.0 1.0 0.0 0.0 0.0 0.0 1.0 0.0 0.0 83.0 39.0 0.16 0.86 0.01 0.05 0.01 0.03 0.82 0.05
0.0 383.0 0.0 0.0 0.0 0.0 0.0 0.0 0.0 0.0 0.0 0.0 0.0 0.0 0.0 2.0 2.0 0.0 0.0 0.0 0.0 1.0 0.0 0.0 93.0 100.0 0.04 0.76 0.03 0.02 0.01 0.0 0.73 0.01
0.0 134.0 241.0 0.0 0.0 0.0 0.0 0.0 0.0 0.0 0.0 0.0 0.0 0.0 0.0 1.0 1.0 0.0 0.0 0.0 0.0 1.0 0.0 0.0 103.0 53.0 0.26 0.69 0.01 0.04 0.01 0.02 0.66 0.04
180.0 2420.0 330.0 0.0 0.0 0.0 0.0 0.0 0.0 0.0 0.0 0.0 0.0 0.0 0.0 1.0 1.0 0.0 0.0 0.0 0.0 1.0 0.0 0.0 113.0 63.0 0.33 0.63 0.01 0.03 0.01 0.02 0.6 0.03
234.0 1077.0 329.0 0.0 0.0 0.0 0.0 0.0 0.0 0.0 0.0 0.0 0.0 0.0 0.0 1.0 1.0 0.0 0.0 0.0 0.0 1.0 0.0 0.0 123.0 67.0 0.33 0.58 0.01 0.03 0.01 0.01 0.55 0.03
0.0 1857.0 304.0 0.0 0.0 0.0 0.0 0.0 0.0 0.0 0.0 0.0 0.0 0.0 0.0 1.0 1.0 0.0 0.0 0.0 0.0 1.0 0.0 0.0 133.0 74.0 0.38 0.53 0.01 0.03 0.01 0.01 0.51 0.03
0.0 965.0 304.0 0.0 0.0 0.0 0.0 0.0 0.0 0.0 0.0 0.0 0.0 0.0 0.0 1.0 1.0 0.0 0.0 0.0 0.0 1.0 0.0 0.0 143.0 78.0 0.39 0.5 0.01 0.03 0.01 0.01 0.48 0.03
0.0 0.0 0.0 0.0 0.0 0.0 0.0 0.0 0.0 0.0 0.0 0.0 0.0 0.0 0.0 1.0 1.0 0.0 0.0 1.0 1.0 1.0 0.0 0.0 10.0 2.0 0.1 1.0 0.1 1.0 0.0 0.0 0.8 1.0
0.0 0.0 0.0 0.0 0.0 0.0 0.0 0.0 0.0 0.0 0.0 0.0 0.0 0.0 0.0 1.0 1.0 0.0 0.0 1.0 1.0 1.0 0.0 0.0 20.0 2.0 0.05 1.0 0.05 1.0 0.0 0.0 0.85 1.0
0.0 0.0 0.0 0.0 0.0 0.0 0.0 0.0 0.0 0.0 0.0 0.0 0.0 0.0 0.0 1.0 1.0 0.0 0.0 1.0 1.0 1.0 0.0 0.0 30.0 2.0 0.03 1.0 0.03 1.0 0.0 0.0 0.9 1.0
0.0 0.0 0.0 0.0 0.0 0.0 0.0 0.0 0.0 0.0 0.0 0.0 0.0 0.0 0.0 1.0 1.0 0.0 0.0 1.0 1.0 1.0 0.0 0.0 40.0 2.0 0.03 1.0 0.03 1.0 0.0 0.0 0.9 1.0
0.0 0.0 0.0 0.0 0.0 0.0 0.0 0.0 0.0 0.0 0.0 0.0 0.0 0.0 0.0 1.0 1.0 0.0 0.0 1.0 1.0 1.0 0.0 0.0 50.0 2.0 0.02 1.0 0.02 1.0 0.0 0.0 0.92 1.0
2.0 0.0 0.0 0.0 0.0 0.0 0.0 0.0 0.0 0.0 0.0 0.0 0.0 0.0 0.0 1.0 1.0 0.0 0.0 0.0 0.0 1.0 0.0 0.0 60.0 4.0 0.02 1.0 0.02 0.5 0.0 0.0 0.9 0.0
0.0 0.0 0.0 0.0 0.0 0.0 0.0 0.0 0.0 0.0 0.0 0.0 0.0 0.0 0.0 1.0 1.0 0.0 0.0 1.0 1.0 1.0 0.0 0.0 70.0 2.0 0.01 1.0 0.01 1.0 0.0 0.0 0.91 1.0
0.0 748.0 0.0 0.0 0.0 0.0 0.0 0.0 0.0 0.0 9.0 0.0 0.0 0.0 0.0 1.0 1.0 0.0 0.0 0.0 0.0 1.0 0.0 0.0 80.0 37.0 0.03 0.89 0.01 0.08 0.0 0.0 0.81 0.05
27.0 1481.0 4152.0 0.0 0.0 30.0 0.0 0.0 0.0 0.0 0.0 0.0 0.0 0.0 0.0 1.0 1.0 0.0 0.0 0.0 0.0 1.0 0.0 0.0 90.0 9.0 0.09 0.79 0.01 0.22 0.0 0.0 0.72 0.22
1.0 1253.0 321.0 0.0 0.0 0.0 0.0 0.0 0.0 0.0 0.0 0.0 0.0 0.0 0.0 1.0 2.0 0.0 0.0 0.0 0.0 1.0 0.0 1.0 100.0 71.0 0.06 0.71 0.01 0.04 0.0 0.01 0.65 0.03
0.0 383.0 0.0 0.0 0.0 0.0 0.0 0.0 0.0 0.0 0.0 0.0 0.0 0.0 0.0 2.0 2.0 0.0 0.0 0.0 0.0 1.0 0.0 0.0 110.0 34.0 0.16 0.65 0.15 0.06 0.0 0.0 0.59 0.06
0.0 810.0 301.0 0.0 0.0 0.0 0.0 0.0 0.0 0.0 0.0 0.0 0.0 0.0 0.0 1.0 1.0 0.0 0.0 0.0 0.0 1.0 0.0 0.0 120.0 68.0 0.11 0.59 0.01 0.03 0.0 0.01 0.54 0.03
0.0 641.0 0.0 0.0 0.0 0.0 0.0 0.0 0.0 0.0 0.0 0.0 0.0 0.0 0.0 1.0 1.0 0.0 0.0 0.0 0.0 1.0 0.0 0.0 130.0 46.0 0.24 0.55 0.23 0.04 0.0 0.0 0.5 0.02
0.0 245.0 0.0 0.0 0.0 0.0 0.0 0.0 0.0 0.0 1.0 0.0 0.0 0.0 0.0 2.0 2.0 0.0 0.0 0.0 0.0 1.0 0.0 0.0 140.0 50.0 0.25 0.51 0.24 0.04 0.0 0.0 0.46 0.02
22.0 339.0 1072.0 0.0 0.0 6.0 0.0 0.0 0.0 0.0 0.0 0.0 0.0 0.0 0.0 1.0 1.0 0.0 0.0 0.0 0.0 1.0 0.0 0.0 150.0 26.0 0.17 0.47 0.01 0.0 0.0 0.0 0.43 0.04
27.0 1033.0 3081.0 0.0 0.0 22.0 0.0 0.0 0.0 0.0 0.0 0.0 0.0 0.0 0.0 1.0 1.0 0.0 0.0 0.0 0.0 1.0 0.0 0.0 160.0 29.0 0.18 0.44 0.01 0.0 0.0 0.0 0.41 0.03
22.0 236.0 774.0 0.0 0.0 4.0 0.0 0.0 0.0 0.0 0.0 0.0 0.0 0.0 0.0 1.0 1.0 0.0 0.0 0.0 0.0 1.0 0.0 0.0 170.0 35.0 0.21 0.42 0.01 0.0 0.0 0.0 0.38 0.03
33.0 1175.0 3380.0 0.0 0.0 24.0 0.0 0.0 0.0 0.0 0.0 0.0 0.0 0.0 0.0 1.0 1.0 0.0 0.0 0.0 0.0 1.0 0.0 0.0 180.0 41.0 0.23 0.39 0.01 0.0 0.0 0.0 0.36 0.02
61.0 231.0 767.0 0.0 0.0 4.0 0.0 0.0 0.0 0.0 0.0 0.0 0.0 0.0 0.0 1.0 1.0 0.0 0.0 0.0 0.0 1.0 0.0 0.0 190.0 45.0 0.24 0.37 0.01 0.0 0.0 0.0 0.34 0.02
355.0 248.0 776.0 0.0 0.0 4.0 0.0 0.0 0.0 0.0 0.0 0.0 0.0 0.0 0.0 1.0 1.0 0.0 0.0 0.0 0.0 1.0 0.0 0.0 200.0 49.0 0.25 0.35 0.0 0.0 0.0 0.0 0.32 0.02
249.0 690.0 2077.0 0.0 0.0 14.0 0.0 0.0 0.0 0.0 0.0 0.0 0.0 0.0 0.0 1.0 1.0 0.0 0.0 0.0 0.0 1.0 0.0 0.0 210.0 56.0 0.27 0.34 0.0 0.0 0.0 0.0 0.31 0.02
397.0 2405.0 330.0 0.0 0.0 0.0 0.0 0.0 0.0 0.0 0.0 0.0 0.0 0.0 0.0 1.0 1.0 0.0 0.0 0.0 0.0 1.0 0.0 0.0 220.0 67.0 0.2 0.32 0.0 0.03 0.0 0.0 0.3 0.0
285.0 949.0 329.0 0.0 0.0 0.0 0.0 0.0 0.0 0.0 0.0 0.0 0.0 0.0 0.0 1.0 1.0 0.0 0.0 0.0 0.0 1.0 0.0 0.0 230.0 68.0 0.22 0.31 0.0 0.03 0.0 0.0 0.28 0.0
0.0 512.0 307.0 0.0 0.0 0.0 0.0 0.0 0.0 0.0 0.0 0.0 0.0 0.0 0.0 1.0 1.0 0.0 0.0 0.0 0.0 1.0 0.0 0.0 240.0 67.0 0.24 0.3 0.01 0.03 0.0 0.0 0.27 0.0
0.0 991.0 303.0 0.0 0.0 0.0 0.0 0.0 0.0 0.0 0.0 0.0 0.0 0.0 0.0 1.0 1.0 0.0 0.0 0.0 0.0 1.0 0.0 0.0 250.0 65.0 0.25 0.28 0.0 0.03 0.0 0.0 0.26 0.0
6.0 0.0 15.0 0.0 0.0 0.0 0.0 0.0 0.0 0.0 0.0 0.0 0.0 0.0 0.0 1.0 1.0 0.0 0.0 0.0 0.0 1.0 0.0 0.0 4.0 1.0 0.25 1.0 0.25 0.0 0.0 0.0 0.75 0.0
0.0 0.0 0.0 0.0 0.0 0.0 0.0 0.0 0.0 0.0 0.0 0.0 0.0 0.0 0.0 1.0 1.0 0.0 0.0 1.0 1.0 1.0 0.0 0.0 14.0 1.0 0.07 1.0 0.07 0.0 0.0 0.0 0.86 1.0
0.0 0.0 0.0 0.0 0.0 0.0 0.0 0.0 0.0 0.0 0.0 0.0 0.0 0.0 0.0 1.0 1.0 0.0 0.0 1.0 1.0 1.0 0.0 0.0 24.0 1.0 0.04 1.0 0.04 0.0 0.0 0.0 0.88 1.0
6.0 0.0 0.0 0.0 0.0 0.0 0.0 0.0 0.0 0.0 0.0 0.0 0.0 0.0 0.0 1.0 1.0 0.0 0.0 0.0 0.0 1.0 0.0 0.0 34.0 1.0 0.03 1.0 0.03 0.0 0.0 0.0 0.88 0.0
0.0 0.0 0.0 0.0 0.0 0.0 0.0 0.0 0.0 0.0 0.0 0.0 0.0 0.0 0.0 1.0 1.0 0.0 0.0 1.0 1.0 1.0 0.0 0.0 44.0 1.0 0.02 1.0 0.02 0.0 0.0 0.0 0.91 1.0
0.0 0.0 0.0 0.0 0.0 0.0 0.0 0.0 0.0 0.0 0.0 0.0 0.0 0.0 0.0 1.0 1.0 0.0 0.0 1.0 1.0 1.0 0.0 0.0 54.0 1.0 0.02 1.0 0.02 0.0 0.0 0.0 0.91 1.0
0.0 0.0 0.0 0.0 0.0 0.0 0.0 0.0 0.0 0.0 0.0 0.0 0.0 0.0 0.0 1.0 1.0 0.0 0.0 1.0 1.0 1.0 0.0 0.0 64.0 1.0 0.02 1.0 0.02 0.0 0.0 0.0 0.91 1.0
0.0 1160.0 303.0 0.0 0.0 0.0 0.0 0.0 0.0 0.0 0.0 0.0 0.0 0.0 0.0 1.0 1.0 0.0 0.0 0.0 0.0 1.0 0.0 0.0 74.0 68.0 0.05 0.96 0.01 0.03 0.0 0.0 0.88 0.0
0.0 910.0 306.0 0.0 0.0 0.0 0.0 0.0 0.0 0.0 0.0 0.0 0.0 0.0 0.0 1.0 1.0 0.0 0.0 0.0 0.0 1.0 0.0 0.0 84.0 76.0 0.17 0.85 0.01 0.03 0.0 0.0 0.77 0.0
1.0 2872.0 328.0 0.0 0.0 0.0 0.0 0.0 0.0 0.0 0.0 0.0 0.0 0.0 0.0 1.0 5.0 0.0 0.0 0.0 0.0 1.0 0.0 1.0 94.0 84.0 0.24 0.76 0.01 0.02 0.0 0.0 0.69 0.0
0.0 748.0 0.0 0.0 0.0 0.0 0.0 0.0 0.0 0.0 9.0 0.0 0.0 0.0 0.0 1.0 1.0 0.0 0.0 0.0 0.0 1.0 0.0 0.0 104.0 36.0 0.02 0.68 0.01 0.06 0.0 0.0 0.62 0.03
151.0 16447.0 328.0 0.0 0.0 0.0 0.0 0.0 0.0 0.0 0.0 0.0 0.0 0.0 0.0 1.0 1.0 0.0 0.0 0.0 0.0 1.0 0.0 0.0 114.0 95.0 0.32 0.62 0.01 0.02 0.0 0.0 0.57 0.0
0.0 641.0 0.0 0.0 0.0 0.0 0.0 0.0 0.0 0.0 0.0 0.0 0.0 0.0 0.0 1.0 3.0 0.0 0.0 0.0 0.0 1.0 0.0 1.0 124.0 34.0 0.09 0.57 0.08 0.06 0.0 0.0 0.52 0.03
0.0 768.0 0.0 0.0 0.0 0.0 0.0 0.0 0.0 0.0 0.0 0.0 0.0 0.0 0.0 9.0 10.0 0.0 0.0 0.0 0.0 1.0 0.0 0.2 134.0 37.0 0.16 0.53 0.15 0.05 0.0 0.0 0.49 0.03
205.0 1357.0 331.0 0.0 0.0 0.0 0.0 0.0 0.0 0.0 0.0 0.0 0.0 0.0 0.0 1.0 1.0 0.0 0.0 0.0 0.0 1.0 0.0 0.0 144.0 94.0 0.31 0.49 0.01 0.02 0.0 0.0 0.45 0.0
0.0 2686.0 330.0 0.0 0.0 0.0 0.0 0.0 0.0 0.0 0.0 0.0 0.0 0.0 0.0 1.0 1.0 0.0 0.0 0.0 0.0 1.0 0.0 0.0 154.0 99.0 0.35 0.46 0.01 0.02 0.0 0.0 0.42 0.0
0.0 0.0 0.0 0.0 0.0 0.0 0.0 0.0 0.0 0.0 0.0 0.0 0.0 0.0 0.0 1.0 1.0 0.0 0.0 1.0 1.0 1.0 0.0 0.0 7.0 2.0 0.14 1.0 0.14 1.0 0.0 0.0 0.86 1.0
0.0 0.0 0.0 0.0 0.0 0.0 0.0 0.0 0.0 0.0 0.0 0.0 0.0 0.0 0.0 1.0 1.0 0.0 0.0 1.0 1.0 1.0 0.0 0.0 17.0 2.0 0.06 1.0 0.06 1.0 0.0 0.0 0.94 1.0
0.0 0.0 0.0 0.0 0.0 0.0 0.0 0.0 0.0 0.0 0.0 0.0 0.0 0.0 0.0 1.0 1.0 0.0 0.0 1.0 1.0 1.0 0.0 0.0 27.0 2.0 0.04 1.0 0.04 1.0 0.0 0.0 0.93 1.0
0.0 0.0 0.0 0.0 0.0 0.0 0.0 0.0 0.0 0.0 0.0 0.0 0.0 0.0 0.0 1.0 1.0 0.0 0.0 1.0 1.0 1.0 0.0 0.0 37.0 2.0 0.03 1.0 0.03 1.0 0.0 0.0 0.92 1.0
0.0 0.0 0.0 0.0 0.0 0.0 0.0 0.0 0.0 0.0 0.0 0.0 0.0 0.0 0.0 1.0 1.0 0.0 0.0 1.0 1.0 1.0 0.0 0.0 47.0 2.0 0.02 1.0 0.02 1.0 0.0 0.0 0.94 1.0
0.0 0.0 0.0 0.0 0.0 0.0 0.0 0.0 0.0 0.0 0.0 0.0 0.0 0.0 0.0 1.0 1.0 0.0 0.0 1.0 1.0 1.0 0.0 0.0 57.0 2.0 0.02 1.0 0.02 1.0 0.0 0.0 0.93 1.0
0.0 0.0 0.0 0.0 0.0 0.0 0.0 0.0 0.0 0.0 0.0 0.0 0.0 0.0 0.0 1.0 1.0 0.0 0.0 1.0 1.0 1.0 0.0 0.0 67.0 2.0 0.01 1.0 0.01 1.0 0.0 0.0 0.93 1.0
1.0 977.0 332.0 0.0 0.0 0.0 0.0 0.0 0.0 0.0 0.0 0.0 0.0 0.0 0.0 1.0 1.0 0.0 0.0 0.0 0.0 1.0 0.0 0.0 77.0 75.0 0.09 0.92 0.01 0.04 0.0 0.0 0.86 0.0
0.0 1361.0 309.0 0.0 0.0 0.0 0.0 0.0 0.0 0.0 0.0 0.0 0.0 0.0 0.0 1.0 1.0 0.0 0.0 0.0 0.0 1.0 0.0 0.0 87.0 74.0 0.13 0.82 0.01 0.04 0.0 0.0 0.76 0.0
0.0 1996.0 331.0 0.0 0.0 0.0 0.0 0.0 0.0 0.0 0.0 0.0 0.0 0.0 0.0 1.0 1.0 0.0 0.0 0.0 0.0 1.0 0.0 0.0 97.0 77.0 0.21 0.73 0.01 0.04 0.0 0.0 0.68 0.0
0.0 128.0 242.0 0.0 0.0 0.0 0.0 0.0 0.0 0.0 0.0 0.0 0.0 0.0 0.0 1.0 1.0 0.0 0.0 0.0 0.0 1.0 0.0 0.0 107.0 84.0 0.27 0.66 0.01 0.02 0.0 0.0 0.62 0.0
0.0 7.0 278.0 0.0 0.0 0.0 0.0 0.0 0.0 0.0 0.0 0.0 0.0 0.0 0.0 1.0 1.0 0.0 0.0 0.0 0.0 1.0 0.0 0.0 117.0 13.0 0.07 0.61 0.01 0.15 0.0 0.0 0.56 0.0
0.0 383.0 0.0 0.0 0.0 0.0 0.0 0.0 0.0 0.0 0.0 0.0 0.0 0.0 0.0 2.0 2.0 0.0 0.0 0.0 0.0 1.0 0.0 0.0 127.0 39.0 0.09 0.56 0.09 0.05 0.0 0.0 0.52 0.03
0.0 960.0 0.0 0.0 0.0 0.0 0.0 0.0 0.0 0.0 0.0 0.0 0.0 0.0 0.0 1.0 1.0 0.0 0.0 0.0 0.0 1.0 0.0 0.0 137.0 49.0 0.16 0.52 0.15 0.04 0.0 0.0 0.48 0.02
0.0 26408.0 0.0 0.0 0.0 0.0 0.0 0.0 0.0 0.0 0.0 0.0 0.0 0.0 0.0 10.0 10.0 0.0 0.0 0.0 0.0 1.0 0.0 0.0 147.0 59.0 0.22 0.48 0.21 0.03 0.0 0.0 0.45 0.02
30.0 1141.0 368.0 0.0 0.0 0.0 0.0 0.0 0.0 0.0 0.0 0.0 0.0 0.0 0.0 1.0 1.0 0.0 0.0 0.0 0.0 1.0 0.0 0.0 157.0 95.0 0.25 0.45 0.01 0.02 0.0 0.0 0.42 0.0
0.0 1199.0 0.0 0.0 0.0 0.0 0.0 0.0 0.0 0.0 0.0 0.0 0.0 0.0 0.0 1.0 1.0 0.0 0.0 0.0 0.0 1.0 0.0 0.0 167.0 75.0 0.29 0.43 0.28 0.03 0.0 0.0 0.4 0.01
0.0 7233.0 0.0 0.0 0.0 0.0 0.0 0.0 0.0 0.0 0.0 0.0 0.0 0.0 0.0 11.0 11.0 0.0 0.0 0.0 0.0 1.0 0.0 0.0 177.0 85.0 0.33 0.4 0.32 0.02 0.0 0.0 0.37 0.01
1.0 1987.0 337.0 0.0 0.0 0.0 0.0 0.0 0.0 0.0 0.0 0.0 0.0 0.0 0.0 1.0 4.0 0.0 0.0 0.0 0.0 1.0 0.0 1.0 187.0 85.0 0.26 0.38 0.01 0.02 0.0 0.0 0.35 0.0
1.0 2829.0 369.0 0.0 0.0 0.0 0.0 0.0 0.0 0.0 0.0 0.0 0.0 0.0 0.0 1.0 3.0 0.0 0.0 0.0 0.0 1.0 0.0 1.0 197.0 86.0 0.29 0.36 0.01 0.02 0.0 0.0 0.34 0.0
0.0 12165.0 0.0 0.0 0.0 0.0 0.0 0.0 0.0 0.0 0.0 0.0 0.0 0.0 0.0 1.0 1.0 0.0 0.0 0.0 0.0 1.0 0.0 0.0 207.0 92.0 0.34 0.34 0.33 0.02 0.0 0.0 0.32 0.01
0.0 0.0 0.0 0.0 0.0 0.0 0.0 0.0 0.0 0.0 0.0 0.0 0.0 0.0 0.0 1.0 1.0 0.0 0.0 1.0 1.0 1.0 0.0 0.0 1.0 100.0 1.0 0.0 1.0 0.03 0.0 0.0 1.0 0.02
0.0 0.0 0.0 0.0 0.0 0.0 0.0 0.0 0.0 0.0 0.0 0.0 0.0 0.0 0.0 1.0 1.0 0.0 0.0 1.0 1.0 1.0 0.0 0.0 11.0 2.0 0.09 1.0 0.09 1.0 0.0 0.0 0.91 1.0
0.0 0.0 0.0 0.0 0.0 0.0 0.0 0.0 0.0 0.0 0.0 0.0 0.0 0.0 0.0 1.0 1.0 0.0 0.0 1.0 1.0 1.0 0.0 0.0 21.0 2.0 0.05 1.0 0.05 1.0 0.0 0.0 0.9 1.0
0.0 0.0 0.0 0.0 0.0 0.0 0.0 0.0 0.0 0.0 0.0 0.0 0.0 0.0 0.0 1.0 1.0 0.0 0.0 1.0 1.0 1.0 0.0 0.0 31.0 2.0 0.03 1.0 0.03 1.0 0.0 0.0 0.94 1.0
0.0 0.0 0.0 0.0 0.0 0.0 0.0 0.0 0.0 0.0 0.0 0.0 0.0 0.0 0.0 1.0 1.0 0.0 0.0 1.0 1.0 1.0 0.0 0.0 41.0 2.0 0.02 1.0 0.02 1.0 0.0 0.0 0.93 1.0
7.0 0.0 0.0 0.0 0.0 0.0 0.0 0.0 0.0 0.0 0.0 0.0 0.0 0.0 0.0 1.0 1.0 0.0 0.0 0.0 0.0 1.0 0.0 0.0 51.0 2.0 0.02 1.0 0.02 1.0 0.0 0.0 0.92 0.0
0.0 0.0 0.0 0.0 0.0 0.0 0.0 0.0 0.0 0.0 0.0 0.0 0.0 0.0 0.0 1.0 1.0 0.0 0.0 1.0 1.0 1.0 0.0 0.0 61.0 2.0 0.02 1.0 0.02 1.0 0.0 0.0 0.92 1.0
0.0 0.0 0.0 0.0 0.0 0.0 0.0 0.0 0.0 0.0 0.0 0.0 0.0 0.0 0.0 1.0 1.0 0.0 0.0 1.0 1.0 1.0 0.0 0.0 71.0 2.0 0.01 1.0 0.01 1.0 0.0 0.0 0.93 1.0
0.0 1432.0 384.0 0.0 0.0 0.0 0.0 0.0 0.0 0.0 0.0 0.0 0.0 0.0 0.0 1.0 1.0 0.0 0.0 0.0 0.0 1.0 0.0 0.0 81.0 72.0 0.14 0.88 0.01 0.03 0.0 0.0 0.81 0.0
0.0 6234.0 1628.0 0.0 0.0 0.0 0.0 0.0 0.0 0.0 0.0 0.0 0.0 0.0 0.0 1.0 1.0 0.0 0.0 1.0 1.0 1.0 0.0 0.0 91.0 75.0 0.15 0.78 0.01 0.03 0.0 0.0 0.74 0.01
2.0 131.0 239.0 0.0 0.0 0.0 0.0 0.0 0.0 0.0 0.0 0.0 0.0 0.0 0.0 1.0 1.0 0.0 0.0 0.0 0.0 1.0 0.0 0.0 101.0 84.0 0.23 0.7 0.01 0.02 0.0 0.0 0.66 0.01
0.0 641.0 0.0 0.0 0.0 0.0 0.0 0.0 0.0 0.0 0.0 0.0 0.0 0.0 0.0 2.0 2.0 0.0 0.0 0.0 0.0 1.0 0.0 0.0 111.0 89.0 0.12 0.64 0.11 0.02 0.0 0.0 0.6 0.01
0.0 125.0 235.0 0.0 0.0 0.0 0.0 0.0 0.0 0.0 0.0 0.0 0.0 0.0 0.0 1.0 1.0 0.0 0.0 0.0 0.0 1.0 0.0 0.0 121.0 91.0 0.3 0.59 0.01 0.02 0.0 0.0 0.55 0.01
0.0 884.0 0.0 0.0 0.0 0.0 0.0 0.0 0.0 0.0 0.0 0.0 0.0 0.0 0.0 2.0 2.0 0.0 0.0 0.0 0.0 1.0 0.0 0.0 131.0 93.0 0.16 0.54 0.15 0.02 0.0 0.0 0.51 0.01
1.0 1185.0 406.0 0.0 0.0 0.0 0.0 0.0 0.0 0.0 0.0 0.0 0.0 0.0 0.0 1.0 1.0 0.0 0.0 0.0 0.0 1.0 0.0 0.0 141.0 86.0 0.34 0.5 0.01 0.02 0.0 0.0 0.48 0.01
274.0 1005.0 326.0 0.0 0.0 0.0 0.0 0.0 0.0 0.0 0.0 0.0 0.0 0.0 0.0 1.0 1.0 0.0 0.0 0.0 0.0 1.0 0.0 0.0 151.0 87.0 0.38 0.47 0.01 0.02 0.0 0.0 0.44 0.01
1.0 13545.0 1429.0 0.0 0.0 0.0 0.0 0.0 0.0 0.0 0.0 0.0 0.0 0.0 0.0 1.0 4.0 0.0 0.0 0.0 0.0 1.0 0.0 1.0 161.0 93.0 0.42 0.44 0.01 0.02 0.0 0.0 0.42 0.01
0.0 1312.0 310.0 0.0 0.0 0.0 0.0 0.0 0.0 0.0 0.0 0.0 0.0 2.0 0.0 1.0 1.0 0.0 0.0 0.0 0.0 1.0 0.0 0.0 171.0 97.0 0.43 0.42 0.01 0.02 0.0 0.0 0.41 0.04
0.0 0.0 0.0 0.0 0.0 0.0 0.0 0.0 0.0 0.0 0.0 0.0 0.0 0.0 0.0 1.0 1.0 0.0 0.0 1.0 1.0 1.0 0.0 0.0 1.0 77.0 1.0 0.0 1.0 0.04 0.0 0.0 1.0 0.03
0.0 0.0 0.0 0.0 0.0 0.0 0.0 0.0 0.0 0.0 0.0 0.0 0.0 0.0 0.0 1.0 1.0 0.0 0.0 1.0 1.0 1.0 0.0 0.0 11.0 2.0 0.09 1.0 0.09 1.0 0.0 0.0 0.73 1.0
0.0 0.0 0.0 0.0 0.0 0.0 0.0 0.0 0.0 0.0 0.0 0.0 0.0 0.0 0.0 1.0 1.0 0.0 0.0 1.0 1.0 1.0 0.0 0.0 21.0 2.0 0.05 1.0 0.05 1.0 0.0 0.0 0.81 1.0
0.0 0.0 0.0 0.0 0.0 0.0 0.0 0.0 0.0 0.0 0.0 0.0 0.0 0.0 0.0 1.0 1.0 0.0 0.0 1.0 1.0 1.0 0.0 0.0 31.0 2.0 0.03 1.0 0.03 1.0 0.0 0.0 0.87 1.0
0.0 0.0 0.0 0.0 0.0 0.0 0.0 0.0 0.0 0.0 0.0 0.0 0.0 0.0 0.0 1.0 1.0 0.0 0.0 1.0 1.0 1.0 0.0 0.0 41.0 2.0 0.02 1.0 0.02 1.0 0.0 0.0 0.88 1.0
6.0 0.0 77.0 0.0 0.0 0.0 0.0 0.0 0.0 0.0 0.0 0.0 0.0 0.0 0.0 1.0 1.0 0.0 0.0 1.0 1.0 1.0 0.0 0.0 51.0 2.0 0.02 1.0 0.02 1.0 0.0 0.0 0.9 0.5
6.0 0.0 0.0 0.0 0.0 0.0 0.0 0.0 0.0 0.0 0.0 0.0 0.0 0.0 0.0 1.0 1.0 0.0 0.0 0.0 0.0 1.0 0.0 0.0 61.0 2.0 0.02 1.0 0.02 1.0 0.0 0.0 0.89 0.5
0.0 0.0 0.0 0.0 0.0 0.0 0.0 0.0 0.0 0.0 0.0 0.0 0.0 0.0 0.0 1.0 1.0 0.0 0.0 1.0 1.0 1.0 0.0 0.0 71.0 2.0 0.01 1.0 0.01 1.0 0.0 0.0 0.9 1.0
0.0 689.0 475.0 0.0 0.0 0.0 0.0 0.0 0.0 0.0 0.0 0.0 0.0 0.0 0.0 1.0 1.0 0.0 0.0 0.0 0.0 1.0 0.0 0.0 81.0 92.0 0.12 0.89 0.01 0.02 0.0 0.0 0.79 0.07
0.0 383.0 0.0 0.0 0.0 0.0 0.0 0.0 0.0 0.0 0.0 0.0 0.0 0.0 0.0 2.0 2.0 0.0 0.0 0.0 0.0 1.0 0.0 0.0 91.0 29.0 0.04 0.79 0.03 0.07 0.0 0.0 0.7 0.03
0.0 748.0 0.0 0.0 0.0 0.0 0.0 0.0 0.0 0.0 9.0 0.0 0.0 0.0 0.0 1.0 2.0 0.0 0.0 0.0 0.0 1.0 0.0 1.0 101.0 37.0 0.12 0.71 0.11 0.05 0.0 0.0 0.63 0.03
0.0 641.0 0.0 0.0 0.0 0.0 0.0 0.0 0.0 0.0 0.0 0.0 0.0 0.0 0.0 1.0 1.0 0.0 0.0 0.0 0.0 1.0 0.0 0.0 111.0 45.0 0.18 0.65 0.17 0.04 0.0 0.0 0.58 0.02
0.0 15377.0 0.0 0.0 0.0 0.0 0.0 0.0 0.0 0.0 0.0 0.0 0.0 0.0 0.0 9.0 9.0 0.0 0.0 0.0 0.0 1.0 0.0 0.0 121.0 55.0 0.25 0.6 0.24 0.04 0.0 0.0 0.53 0.02
0.0 965.0 0.0 0.0 0.0 0.0 0.0 0.0 0.0 0.0 0.0 0.0 0.0 0.0 0.0 19.0 19.0 0.0 0.0 0.0 0.0 1.0 0.0 0.0 131.0 65.0 0.31 0.55 0.3 0.03 0.0 0.0 0.49 0.02
0.0 748.0 0.0 0.0 0.0 0.0 0.0 0.0 0.0 0.0 9.0 0.0 0.0 0.0 0.0 1.0 1.0 0.0 0.0 0.0 0.0 1.0 0.0 0.0 141.0 71.0 0.33 0.51 0.32 0.03 0.0 0.0 0.45 0.01
0.0 1868.0 540.0 0.0 0.0 0.0 0.0 0.0 0.0 0.0 0.0 0.0 0.0 0.0 0.0 1.0 2.0 0.0 0.0 0.0 0.0 1.0 0.0 1.0 151.0 106.0 0.19 0.48 0.01 0.02 0.0 0.0 0.42 0.06
0.0 1552.0 481.0 0.0 0.0 0.0 0.0 0.0 0.0 0.0 0.0 0.0 0.0 0.0 0.0 1.0 1.0 0.0 0.0 0.0 0.0 1.0 0.0 0.0 161.0 111.0 0.24 0.45 0.01 0.02 0.0 0.0 0.4 0.05
0.0 311.0 447.0 0.0 0.0 0.0 0.0 0.0 0.0 0.0 0.0 0.0 0.0 0.0 0.0 1.0 10.0 0.0 0.0 0.0 0.0 1.0 0.0 0.2 2.0 3.0 1.0 0.0 0.5 0.67 0.0 0.0 0.0 0.0
0.0 310.0 5717.0 0.0 0.0 0.0 0.0 0.0 0.0 0.0 0.0 0.0 0.0 0.0 0.0 10.0 10.0 0.0 0.0 0.0 0.0 1.0 0.0 0.0 12.0 13.0 1.0 0.0 0.08 0.15 0.0 0.0 0.0 0.0
0.0 315.0 2445.0 0.0 0.0 0.0 0.0 0.0 0.0 0.0 0.0 0.0 0.0 0.0 0.0 20.0 20.0 0.0 0.0 0.0 0.0 1.0 0.0 0.0 22.0 23.0 1.0 0.0 0.05 0.09 0.0 0.0 0.0 0.0
0.0 316.0 3092.0 0.0 0.0 0.0 0.0 0.0 0.0 0.0 0.0 0.0 0.0 0.0 0.0 30.0 30.0 0.0 0.0 0.0 0.0 1.0 0.0 0.0 32.0 33.0 1.0 0.0 0.03 0.06 0.0 0.0 0.0 0.0
0.0 311.0 8611.0 0.0 0.0 0.0 0.0 0.0 0.0 0.0 0.0 0.0 0.0 0.0 0.0 40.0 40.0 0.0 0.0 0.0 0.0 1.0 0.0 0.0 42.0 43.0 1.0 0.0 0.02 0.05 0.0 0.0 0.0 0.0
0.0 149.0 27730.0 0.0 0.0 0.0 0.0 0.0 0.0 0.0 0.0 0.0 0.0 0.0 0.0 1.0 1.0 0.0 0.0 0.0 0.0 1.0 0.0 0.0 52.0 53.0 1.0 0.0 0.02 0.04 0.0 0.0 0.0 0.0
0.0 216.0 303.0 0.0 0.0 0.0 0.0 0.0 0.0 0.0 0.0 0.0 0.0 0.0 0.0 11.0 15.0 0.0 0.0 0.0 0.0 1.0 0.0 0.13 62.0 63.0 1.0 0.0 0.02 0.03 0.0 0.0 0.0 0.0
0.0 216.0 1168.0 0.0 0.0 0.0 0.0 0.0 0.0 0.0 0.0 0.0 0.0 0.0 0.0 9.0 14.0 0.0 0.0 0.0 0.0 1.0 0.0 0.21 72.0 73.0 1.0 0.0 0.01 0.03 0.0 0.0 0.0 0.0
0.0 307.0 26392.0 0.0 0.0 0.0 0.0 0.0 0.0 0.0 0.0 0.0 0.0 0.0 0.0 4.0 5.0 0.0 0.0 0.0 0.0 1.0 0.0 0.4 82.0 83.0 1.0 0.0 0.01 0.02 0.0 0.0 0.0 0.0
122.0 286.0 487.0 0.0 0.0 0.0 0.0 0.0 0.0 0.0 0.0 0.0 0.0 0.0 0.0 1.0 22.0 0.0 0.0 0.0 0.0 1.0 0.0 0.09 92.0 93.0 1.0 0.0 0.01 0.02 0.0 0.0 0.0 0.0
0.0 250.0 1286.0 0.0 0.0 0.0 0.0 0.0 0.0 0.0 0.0 0.0 0.0 0.0 0.0 1.0 7.0 0.0 0.0 0.0 0.0 1.0 0.0 0.29 102.0 103.0 1.0 0.0 0.01 0.02 0.0 0.0 0.0 0.0
0.0 151.0 435.0 0.0 0.0 0.0 0.0 0.0 0.0 0.0 0.0 0.0 0.0 0.0 0.0 1.0 1.0 0.0 0.0 0.0 0.0 1.0 0.0 0.0 112.0 113.0 1.0 0.0 0.01 0.02 0.0 0.0 0.0 0.0
0.0 215.0 640.0 0.0 0.0 0.0 0.0 0.0 0.0 0.0 0.0 0.0 0.0 0.0 0.0 5.0 5.0 0.0 0.0 0.0 0.0 1.0 0.0 0.0 122.0 123.0 1.0 0.0 0.01 0.02 0.0 0.0 0.0 0.0
0.0 219.0 721.0 0.0 0.0 0.0 0.0 0.0 0.0 0.0 0.0 0.0 0.0 0.0 0.0 5.0 12.0 0.0 0.0 0.0 0.0 1.0 0.0 0.25 132.0 133.0 1.0 0.0 0.01 0.02 0.0 0.0 0.0 0.0
0.0 226.0 1499.0 0.0 0.0 0.0 0.0 0.0 0.0 0.0 0.0 0.0 0.0 0.0 0.0 15.0 23.0 0.0 0.0 0.0 0.0 1.0 0.0 0.13 142.0 143.0 1.0 0.0 0.01 0.01 0.0 0.0 0.0 0.0
0.0 217.0 1351.0 0.0 0.0 0.0 0.0 0.0 0.0 0.0 0.0 0.0 0.0 0.0 0.0 25.0 33.0 0.0 0.0 0.0 0.0 1.0 0.0 0.09 152.0 152.0 1.0 0.0 0.01 0.0 0.0 0.0 0.0 0.0
0.0 225.0 6970.0 0.0 0.0 0.0 0.0 0.0 0.0 0.0 0.0 0.0 0.0 0.0 0.0 35.0 43.0 0.0 0.0 0.0 0.0 1.0 0.0 0.07 162.0 162.0 1.0 0.0 0.01 0.0 0.0 0.0 0.0 0.0
