0.0 203.0 2696.0 0.0 0.0 0.0 0.0 0.0 0.0 0.0 0.0 0.0 0.0 0.0 0.0 25.0 25.0 0.0 0.0 0.0 0.0 1.0 0.0 0.0 255.0 255.0 1.0 0.0 0.0 0.0 0.0 0.0 0.0 0.0
0.0 262.0 614.0 0.0 0.0 0.0 0.0 0.0 0.0 0.0 0.0 0.0 0.0 0.0 0.0 3.0 3.0 0.0 0.0 0.0 0.0 1.0 0.0 0.0 255.0 255.0 1.0 0.0 0.0 0.0 0.0 0.0 0.0 0.0
0.0 258.0 298.0 0.0 0.0 0.0 0.0 0.0 0.0 0.0 0.0 0.0 0.0 0.0 0.0 13.0 13.0 0.0 0.0 0.0 0.0 1.0 0.0 0.0 255.0 255.0 1.0 0.0 0.0 0.0 0.0 0.0 0.0 0.0
0.0 260.0 618.0 0.0 0.0 0.0 0.0 0.0 0.0 0.0 0.0 0.0 0.0 0.0 0.0 23.0 24.0 0.0 0.0 0.0 0.0 1.0 0.0 0.08 255.0 255.0 1.0 0.0 0.0 0.0 0.0 0.0 0.0 0.0
0.0 232.0 3817.0 0.0 0.0 0.0 0.0 0.0 0.0 0.0 0.0 0.0 0.0 0.0 0.0 18.0 18.0 0.0 0.0 0.0 0.0 1.0 0.0 0.0 255.0 255.0 1.0 0.0 0.0 0.0 0.0 0.0 0.0 0.0
0.0 168.0 20222.0 0.0 0.0 0.0 0.0 0.0 0.0 0.0 0.0 0.0 0.0 0.0 0.0 1.0 8.0 0.0 0.0 0.0 0.0 1.0 0.0 0.25 4.0 255.0 1.0 0.0 0.25 0.01 0.0 0.0 0.0 0.0
0.0 272.0 12992.0 0.0 0.0 0.0 0.0 0.0 0.0 0.0 0.0 0.0 0.0 0.0 0.0 5.0 12.0 0.0 0.0 0.0 0.0 1.0 0.0 0.17 14.0 255.0 1.0 0.0 0.07 0.01 0.0 0.0 0.0 0.0
0.0 240.0 20222.0 0.0 0.0 0.0 0.0 0.0 0.0 0.0 0.0 0.0 0.0 0.0 0.0 1.0 20.0 0.0 0.0 0.0 0.0 1.0 0.0 0.15 24.0 255.0 1.0 0.0 0.04 0.01 0.0 0.0 0.0 0.0
0.0 271.0 15947.0 0.0 0.0 0.0 0.0 0.0 0.0 0.0 0.0 0.0 0.0 0.0 0.0 2.0 5.0 0.0 0.0 0.0 0.0 1.0 0.0 0.4 34.0 255.0 1.0 0.0 0.03 0.01 0.0 0.0 0.0 0.0
0.0 182.0 15947.0 0.0 0.0 0.0 0.0 0.0 0.0 0.0 0.0 0.0 0.0 0.0 0.0 1.0 1.0 0.0 0.0 0.0 0.0 1.0 0.0 0.0 44.0 255.0 1.0 0.0 0.02 0.01 0.0 0.0 0.0 0.0
0.0 253.0 8622.0 0.0 0.0 0.0 0.0 0.0 0.0 0.0 0.0 0.0 0.0 0.0 0.0 5.0 14.0 0.0 0.0 0.0 0.0 1.0 0.0 0.21 54.0 255.0 1.0 0.0 0.02 0.01 0.0 0.0 0.0 0.0
0.0 292.0 1892.0 0.0 0.0 0.0 0.0 0.0 0.0 0.0 0.0 0.0 0.0 0.0 0.0 4.0 40.0 0.0 0.0 0.0 0.0 1.0 0.0 0.1 4.0 255.0 1.0 0.0 0.25 0.01 0.0 0.0 0.0 0.0
0.0 228.0 5201.0 0.0 0.0 0.0 0.0 0.0 0.0 0.0 0.0 0.0 0.0 0.0 0.0 4.0 4.0 0.0 0.0 0.0 0.0 1.0 0.0 0.0 4.0 255.0 1.0 0.0 0.25 0.02 0.0 0.0 0.0 0.0
0.0 288.0 3755.0 0.0 0.0 0.0 0.0 0.0 0.0 0.0 0.0 0.0 0.0 0.0 0.0 5.0 24.0 0.0 0.0 0.0 0.0 1.0 0.0 0.08 5.0 255.0 1.0 0.0 0.2 0.02 0.0 0.0 0.0 0.0
0.0 298.0 2107.0 0.0 0.0 0.0 0.0 0.0 0.0 0.0 0.0 0.0 0.0 0.0 0.0 6.0 6.0 0.0 0.0 0.0 0.0 1.0 0.0 0.0 15.0 255.0 1.0 0.0 0.07 0.02 0.0 0.0 0.0 0.0
0.0 307.0 2107.0 0.0 0.0 0.0 0.0 0.0 0.0 0.0 0.0 0.0 0.0 0.0 0.0 6.0 6.0 0.0 0.0 0.0 0.0 1.0 0.0 0.0 25.0 255.0 1.0 0.0 0.04 0.02 0.0 0.0 0.0 0.0
0.0 300.0 363.0 0.0 0.0 0.0 0.0 0.0 0.0 0.0 0.0 0.0 0.0 0.0 0.0 4.0 4.0 0.0 0.0 0.0 0.0 1.0 0.0 0.0 35.0 255.0 1.0 0.0 0.03 0.02 0.0 0.0 0.0 0.0
0.0 308.0 2641.0 0.0 0.0 0.0 0.0 0.0 0.0 0.0 0.0 0.0 0.0 0.0 0.0 3.0 3.0 0.0 0.0 0.0 0.0 1.0 0.0 0.0 45.0 255.0 1.0 0.0 0.02 0.02 0.0 0.0 0.0 0.0
0.0 309.0 2545.0 0.0 0.0 0.0 0.0 0.0 0.0 0.0 0.0 0.0 0.0 0.0 0.0 13.0 13.0 0.0 0.0 0.0 0.0 1.0 0.0 0.0 55.0 255.0 1.0 0.0 0.02 0.02 0.0 0.0 0.0 0.0
0.0 302.0 2343.0 0.0 0.0 0.0 0.0 0.0 0.0 0.0 0.0 0.0 0.0 0.0 0.0 1.0 2.0 0.0 0.0 0.0 0.0 1.0 0.0 1.0 65.0 255.0 1.0 0.0 0.02 0.02 0.0 0.0 0.0 0.0
0.0 243.0 128.0 0.0 0.0 0.0 0.0 0.0 0.0 0.0 0.0 0.0 0.0 0.0 0.0 1.0 11.0 0.0 0.0 0.0 0.0 1.0 0.0 0.36 75.0 255.0 1.0 0.0 0.01 0.02 0.0 0.0 0.0 0.0
0.0 288.0 3755.0 0.0 0.0 0.0 0.0 0.0 0.0 0.0 0.0 0.0 0.0 0.0 0.0 5.0 5.0 0.0 0.0 0.0 0.0 1.0 0.0 0.0 85.0 255.0 1.0 0.0 0.01 0.02 0.0 0.0 0.0 0.0
0.0 299.0 2913.0 0.0 0.0 0.0 0.0 0.0 0.0 0.0 0.0 0.0 0.0 0.0 0.0 6.0 6.0 0.0 0.0 0.0 0.0 1.0 0.0 0.0 95.0 255.0 1.0 0.0 0.01 0.02 0.0 0.0 0.0 0.0
48.0 311.0 128.0 0.0 0.0 0.0 0.0 0.0 0.0 0.0 0.0 0.0 0.0 0.0 0.0 6.0 6.0 0.0 0.0 0.0 0.0 1.0 0.0 0.0 105.0 255.0 1.0 0.0 0.01 0.02 0.0 0.0 0.0 0.0
0.0 302.0 2913.0 0.0 0.0 0.0 0.0 0.0 0.0 0.0 0.0 0.0 0.0 0.0 0.0 4.0 4.0 0.0 0.0 0.0 0.0 1.0 0.0 0.0 115.0 255.0 1.0 0.0 0.01 0.02 0.0 0.0 0.0 0.0
0.0 302.0 2766.0 0.0 0.0 0.0 0.0 0.0 0.0 0.0 0.0 0.0 0.0 0.0 0.0 3.0 3.0 0.0 0.0 0.0 0.0 1.0 0.0 0.0 125.0 255.0 1.0 0.0 0.01 0.02 0.0 0.0 0.0 0.0
0.0 304.0 2677.0 0.0 0.0 0.0 0.0 0.0 0.0 0.0 0.0 0.0 0.0 0.0 0.0 3.0 13.0 0.0 0.0 0.0 0.0 1.0 0.0 0.15 135.0 255.0 1.0 0.0 0.01 0.02 0.0 0.0 0.0 0.0
0.0 300.0 2663.0 0.0 0.0 0.0 0.0 0.0 0.0 0.0 0.0 0.0 0.0 0.0 0.0 1.0 1.0 0.0 0.0 0.0 0.0 1.0 0.0 0.0 145.0 255.0 1.0 0.0 0.01 0.02 0.0 0.0 0.0 0.0
0.0 243.0 128.0 0.0 0.0 0.0 0.0 0.0 0.0 0.0 0.0 0.0 0.0 0.0 0.0 1.0 1.0 0.0 0.0 0.0 0.0 1.0 0.0 0.0 155.0 255.0 1.0 0.0 0.01 0.02 0.0 0.0 0.0 0.0
0.0 306.0 5470.0 0.0 0.0 0.0 0.0 0.0 0.0 0.0 0.0 0.0 0.0 0.0 0.0 5.0 6.0 0.0 0.0 0.0 0.0 1.0 0.0 0.33 5.0 255.0 1.0 0.0 0.2 0.02 0.0 0.0 0.0 0.0
0.0 254.0 6550.0 0.0 0.0 0.0 0.0 0.0 0.0 0.0 0.0 0.0 0.0 0.0 0.0 1.0 1.0 0.0 0.0 0.0 0.0 1.0 0.0 0.0 15.0 255.0 1.0 0.0 0.07 0.02 0.0 0.0 0.0 0.0
0.0 216.0 1182.0 0.0 0.0 0.0 0.0 0.0 0.0 0.0 0.0 0.0 0.0 0.0 0.0 8.0 15.0 0.0 0.0 0.0 0.0 1.0 0.0 0.27 9.0 255.0 1.0 0.0 0.11 0.02 0.0 0.0 0.0 0.0
0.0 194.0 1643.0 0.0 0.0 0.0 0.0 0.0 0.0 0.0 0.0 0.0 0.0 0.0 0.0 8.0 8.0 0.0 0.0 0.0 0.0 1.0 0.0 0.0 8.0 255.0 1.0 0.0 0.12 0.03 0.0 0.0 0.0 0.0
0.0 201.0 2569.0 0.0 0.0 0.0 0.0 0.0 0.0 0.0 0.0 0.0 0.0 0.0 0.0 18.0 18.0 0.0 0.0 0.0 0.0 1.0 0.0 0.0 18.0 255.0 1.0 0.0 0.06 0.03 0.0 0.0 0.0 0.0
0.0 205.0 1672.0 0.0 0.0 0.0 0.0 0.0 0.0 0.0 0.0 0.0 0.0 0.0 0.0 6.0 6.0 0.0 0.0 0.0 0.0 1.0 0.0 0.0 28.0 255.0 1.0 0.0 0.04 0.03 0.0 0.0 0.0 0.0
0.0 196.0 1820.0 0.0 0.0 0.0 0.0 0.0 0.0 0.0 0.0 0.0 0.0 0.0 0.0 2.0 2.0 0.0 0.0 0.0 0.0 1.0 0.0 0.0 38.0 255.0 1.0 0.0 0.03 0.03 0.0 0.0 0.0 0.0
0.0 202.0 4220.0 0.0 0.0 0.0 0.0 0.0 0.0 0.0 0.0 0.0 0.0 0.0 0.0 12.0 12.0 0.0 0.0 0.0 0.0 1.0 0.0 0.0 48.0 255.0 1.0 0.0 0.02 0.03 0.0 0.0 0.0 0.0
0.0 196.0 1942.0 0.0 0.0 0.0 0.0 0.0 0.0 0.0 0.0 0.0 0.0 0.0 0.0 22.0 22.0 0.0 0.0 0.0 0.0 1.0 0.0 0.0 58.0 255.0 1.0 0.0 0.02 0.03 0.0 0.0 0.0 0.0
0.0 206.0 5480.0 0.0 0.0 0.0 0.0 0.0 0.0 0.0 0.0 0.0 0.0 0.0 0.0 7.0 7.0 0.0 0.0 0.0 0.0 1.0 0.0 0.0 68.0 255.0 1.0 0.0 0.01 0.02 0.0 0.0 0.0 0.0
0.0 202.0 1569.0 0.0 0.0 0.0 0.0 0.0 0.0 0.0 0.0 0.0 0.0 0.0 0.0 3.0 3.0 0.0 0.0 0.0 0.0 1.0 0.0 0.0 78.0 255.0 1.0 0.0 0.01 0.02 0.0 0.0 0.0 0.0
0.0 201.0 1742.0 0.0 0.0 0.0 0.0 0.0 0.0 0.0 0.0 0.0 0.0 0.0 0.0 13.0 13.0 0.0 0.0 0.0 0.0 1.0 0.0 0.0 88.0 255.0 1.0 0.0 0.01 0.02 0.0 0.0 0.0 0.0
0.0 277.0 1672.0 0.0 0.0 0.0 0.0 0.0 0.0 0.0 0.0 0.0 0.0 0.0 0.0 5.0 5.0 0.0 0.0 0.0 0.0 1.0 0.0 0.0 98.0 255.0 1.0 0.0 0.01 0.02 0.0 0.0 0.0 0.0
0.0 280.0 2447.0 0.0 0.0 0.0 0.0 0.0 0.0 0.0 0.0 0.0 0.0 0.0 0.0 15.0 15.0 0.0 0.0 0.0 0.0 1.0 0.0 0.0 108.0 255.0 1.0 0.0 0.01 0.02 0.0 0.0 0.0 0.0
0.0 291.0 2081.0 0.0 0.0 0.0 0.0 0.0 0.0 0.0 0.0 0.0 0.0 0.0 0.0 3.0 3.0 0.0 0.0 0.0 0.0 1.0 0.0 0.0 118.0 255.0 1.0 0.0 0.01 0.02 0.0 0.0 0.0 0.0
0.0 287.0 5480.0 0.0 0.0 0.0 0.0 0.0 0.0 0.0 0.0 0.0 0.0 0.0 0.0 13.0 13.0 0.0 0.0 0.0 0.0 1.0 0.0 0.0 128.0 255.0 1.0 0.0 0.01 0.02 0.0 0.0 0.0 0.0
0.0 277.0 1672.0 0.0 0.0 0.0 0.0 0.0 0.0 0.0 0.0 0.0 0.0 0.0 0.0 9.0 9.0 0.0 0.0 0.0 0.0 1.0 0.0 0.0 138.0 255.0 1.0 0.0 0.01 0.02 0.0 0.0 0.0 0.0
0.0 283.0 1787.0 0.0 0.0 0.0 0.0 0.0 0.0 0.0 0.0 0.0 0.0 0.0 0.0 19.0 19.0 0.0 0.0 0.0 0.0 1.0 0.0 0.0 148.0 255.0 1.0 0.0 0.01 0.02 0.0 0.0 0.0 0.0
0.0 286.0 1820.0 0.0 0.0 0.0 0.0 0.0 0.0 0.0 0.0 0.0 0.0 0.0 0.0 4.0 4.0 0.0 0.0 0.0 0.0 1.0 0.0 0.0 158.0 255.0 1.0 0.0 0.01 0.02 0.0 0.0 0.0 0.0
0.0 287.0 1576.0 0.0 0.0 0.0 0.0 0.0 0.0 0.0 0.0 0.0 0.0 0.0 0.0 14.0 14.0 0.0 0.0 0.0 0.0 1.0 0.0 0.0 168.0 255.0 1.0 0.0 0.01 0.02 0.0 0.0 0.0 0.0
0.0 283.0 5480.0 0.0 0.0 0.0 0.0 0.0 0.0 0.0 0.0 0.0 0.0 0.0 0.0 10.0 10.0 0.0 0.0 0.0 0.0 1.0 0.0 0.0 178.0 255.0 1.0 0.0 0.01 0.02 0.0 0.0 0.0 0.0
0.0 237.0 1197.0 0.0 0.0 0.0 0.0 0.0 0.0 0.0 0.0 0.0 0.0 0.0 0.0 2.0 2.0 0.0 0.0 0.0 0.0 1.0 0.0 0.0 2.0 255.0 1.0 0.0 0.5 0.02 0.0 0.0 0.0 0.0
0.0 199.0 5346.0 0.0 0.0 0.0 0.0 0.0 0.0 0.0 0.0 0.0 0.0 0.0 0.0 1.0 2.0 0.0 0.0 0.0 0.0 1.0 0.0 1.0 12.0 255.0 1.0 0.0 0.08 0.02 0.0 0.0 0.0 0.0
0.0 227.0 2809.0 0.0 0.0 0.0 0.0 0.0 0.0 0.0 0.0 0.0 0.0 0.0 0.0 4.0 7.0 0.0 0.0 0.0 0.0 1.0 0.0 0.29 22.0 255.0 1.0 0.0 0.05 0.02 0.0 0.0 0.0 0.0
0.0 298.0 1197.0 0.0 0.0 0.0 0.0 0.0 0.0 0.0 0.0 0.0 0.0 0.0 0.0 2.0 2.0 0.0 0.0 0.0 0.0 1.0 0.0 0.0 7.0 255.0 1.0 0.0 0.14 0.03 0.0 0.0 0.0 0.0
0.0 300.0 1197.0 0.0 0.0 0.0 0.0 0.0 0.0 0.0 0.0 0.0 0.0 0.0 0.0 2.0 2.0 0.0 0.0 0.0 0.0 1.0 0.0 0.0 17.0 255.0 1.0 0.0 0.06 0.02 0.0 0.0 0.0 0.0
0.0 260.0 240.0 0.0 0.0 0.0 0.0 0.0 0.0 0.0 0.0 0.0 0.0 0.0 0.0 4.0 4.0 0.0 0.0 0.0 0.0 1.0 0.0 0.0 27.0 255.0 1.0 0.0 0.04 0.02 0.0 0.0 0.0 0.0
0.0 151.0 9551.0 0.0 0.0 0.0 0.0 0.0 0.0 0.0 0.0 0.0 0.0 0.0 0.0 1.0 1.0 0.0 0.0 0.0 0.0 1.0 0.0 0.0 37.0 255.0 1.0 0.0 0.03 0.02 0.0 0.0 0.0 0.0
0.0 255.0 2780.0 0.0 0.0 0.0 0.0 0.0 0.0 0.0 0.0 0.0 0.0 0.0 0.0 3.0 6.0 0.0 0.0 0.0 0.0 1.0 0.0 0.33 47.0 255.0 1.0 0.0 0.02 0.01 0.0 0.0 0.0 0.0
0.0 258.0 2687.0 0.0 0.0 0.0 0.0 0.0 0.0 0.0 0.0 0.0 0.0 0.0 0.0 1.0 1.0 0.0 0.0 0.0 0.0 1.0 0.0 0.0 57.0 255.0 1.0 0.0 0.02 0.01 0.0 0.0 0.0 0.0
0.0 239.0 2566.0 0.0 0.0 0.0 0.0 0.0 0.0 0.0 0.0 0.0 0.0 0.0 0.0 2.0 2.0 0.0 0.0 0.0 0.0 1.0 0.0 0.0 67.0 255.0 1.0 0.0 0.01 0.01 0.0 0.0 0.0 0.0
0.0 212.0 1197.0 0.0 0.0 0.0 0.0 0.0 0.0 0.0 0.0 0.0 0.0 0.0 0.0 2.0 2.0 0.0 0.0 0.0 0.0 1.0 0.0 0.0 77.0 255.0 1.0 0.0 0.01 0.01 0.0 0.0 0.0 0.0
0.0 265.0 2780.0 0.0 0.0 0.0 0.0 0.0 0.0 0.0 0.0 0.0 0.0 0.0 0.0 3.0 26.0 0.0 0.0 0.0 0.0 1.0 0.0 0.12 87.0 255.0 1.0 0.0 0.01 0.01 0.0 0.0 0.0 0.0
0.0 260.0 4922.0 0.0 0.0 0.0 0.0 0.0 0.0 0.0 0.0 0.0 0.0 0.0 0.0 2.0 2.0 0.0 0.0 0.0 0.0 1.0 0.0 0.0 97.0 255.0 1.0 0.0 0.01 0.01 0.0 0.0 0.0 0.0
0.0 227.0 1197.0 0.0 0.0 0.0 0.0 0.0 0.0 0.0 0.0 0.0 0.0 0.0 0.0 2.0 4.0 0.0 0.0 0.0 0.0 1.0 0.0 0.5 107.0 255.0 1.0 0.0 0.01 0.01 0.0 0.0 0.0 0.0
0.0 227.0 1197.0 0.0 0.0 0.0 0.0 0.0 0.0 0.0 0.0 0.0 0.0 0.0 0.0 2.0 4.0 0.0 0.0 0.0 0.0 1.0 0.0 0.5 117.0 255.0 1.0 0.0 0.01 0.01 0.0 0.0 0.0 0.0
0.0 229.0 2809.0 0.0 0.0 0.0 0.0 0.0 0.0 0.0 0.0 0.0 0.0 0.0 0.0 3.0 5.0 0.0 0.0 0.0 0.0 1.0 0.0 0.4 127.0 255.0 1.0 0.0 0.01 0.01 0.0 0.0 0.0 0.0
0.0 253.0 2817.0 0.0 0.0 0.0 0.0 0.0 0.0 0.0 0.0 0.0 0.0 0.0 0.0 1.0 1.0 0.0 0.0 0.0 0.0 1.0 0.0 0.0 137.0 255.0 1.0 0.0 0.01 0.01 0.0 0.0 0.0 0.0
0.0 304.0 651.0 0.0 0.0 0.0 0.0 0.0 0.0 0.0 0.0 0.0 0.0 0.0 0.0 3.0 7.0 0.0 0.0 0.0 0.0 1.0 0.0 0.43 147.0 255.0 1.0 0.0 0.01 0.01 0.0 0.0 0.0 0.0
0.0 267.0 8838.0 0.0 0.0 0.0 0.0 0.0 0.0 0.0 0.0 0.0 0.0 0.0 0.0 1.0 1.0 0.0 0.0 0.0 0.0 1.0 0.0 0.0 157.0 255.0 1.0 0.0 0.01 0.01 0.0 0.0 0.0 0.0
0.0 256.0 2566.0 0.0 0.0 0.0 0.0 0.0 0.0 0.0 0.0 0.0 0.0 0.0 0.0 2.0 9.0 0.0 0.0 0.0 0.0 1.0 0.0 0.33 167.0 255.0 1.0 0.0 0.01 0.01 0.0 0.0 0.0 0.0
0.0 233.0 651.0 0.0 0.0 0.0 0.0 0.0 0.0 0.0 0.0 0.0 0.0 0.0 0.0 2.0 3.0 0.0 0.0 0.0 0.0 1.0 0.0 0.67 177.0 255.0 1.0 0.0 0.01 0.01 0.0 0.0 0.0 0.0
0.0 241.0 486.0 0.0 0.0 0.0 0.0 0.0 0.0 0.0 0.0 0.0 0.0 0.0 0.0 1.0 4.0 0.0 0.0 0.0 0.0 1.0 0.0 0.75 187.0 255.0 1.0 0.0 0.01 0.01 0.0 0.0 0.0 0.0
0.0 300.0 2809.0 0.0 0.0 0.0 0.0 0.0 0.0 0.0 0.0 0.0 0.0 0.0 0.0 2.0 9.0 0.0 0.0 0.0 0.0 1.0 0.0 0.44 197.0 255.0 1.0 0.0 0.01 0.01 0.0 0.0 0.0 0.0
0.0 243.0 4088.0 0.0 0.0 0.0 0.0 0.0 0.0 0.0 0.0 0.0 0.0 0.0 0.0 2.0 2.0 0.0 0.0 0.0 0.0 1.0 0.0 0.0 207.0 255.0 1.0 0.0 0.0 0.01 0.0 0.0 0.0 0.0
0.0 170.0 11171.0 0.0 0.0 0.0 0.0 0.0 0.0 0.0 0.0 0.0 0.0 0.0 0.0 2.0 2.0 0.0 0.0 0.0 0.0 1.0 0.0 0.0 217.0 255.0 1.0 0.0 0.0 0.01 0.0 0.0 0.0 0.0
0.0 228.0 2809.0 0.0 0.0 0.0 0.0 0.0 0.0 0.0 0.0 0.0 0.0 0.0 0.0 3.0 6.0 0.0 0.0 0.0 0.0 1.0 0.0 0.33 227.0 255.0 1.0 0.0 0.01 0.01 0.0 0.0 0.0 0.0
0.0 216.0 651.0 0.0 0.0 0.0 0.0 0.0 0.0 0.0 0.0 0.0 0.0 0.0 0.0 1.0 1.0 0.0 0.0 0.0 0.0 1.0 0.0 0.0 237.0 255.0 1.0 0.0 0.0 0.01 0.0 0.0 0.0 0.0
0.0 216.0 651.0 0.0 0.0 0.0 0.0 0.0 0.0 0.0 0.0 0.0 0.0 0.0 0.0 3.0 10.0 0.0 0.0 0.0 0.0 1.0 0.0 0.3 247.0 255.0 1.0 0.0 0.01 0.01 0.0 0.0 0.0 0.0
0.0 261.0 6346.0 0.0 0.0 0.0 0.0 0.0 0.0 0.0 0.0 0.0 0.0 0.0 0.0 5.0 5.0 0.0 0.0 0.0 0.0 1.0 0.0 0.0 255.0 255.0 1.0 0.0 0.0 0.0 0.0 0.0 0.0 0.0
0.0 149.0 344.0 0.0 0.0 0.0 0.0 0.0 0.0 0.0 0.0 0.0 0.0 0.0 0.0 1.0 18.0 0.0 0.0 0.0 0.0 1.0 0.0 0.22 7.0 255.0 1.0 0.0 0.14 0.01 0.0 0.0 0.0 0.0
0.0 276.0 388.0 0.0 0.0 0.0 0.0 0.0 0.0 0.0 0.0 0.0 0.0 0.0 0.0 1.0 2.0 0.0 0.0 0.0 0.0 1.0 0.0 1.0 17.0 255.0 1.0 0.0 0.06 0.01 0.0 0.0 0.0 0.0
0.0 215.0 1400.0 0.0 0.0 0.0 0.0 0.0 0.0 0.0 0.0 0.0 0.0 0.0 0.0 1.0 1.0 0.0 0.0 0.0 0.0 1.0 0.0 0.0 1.0 255.0 1.0 0.0 1.0 0.03 0.0 0.0 0.0 0.0
0.0 205.0 545.0 0.0 0.0 0.0 0.0 0.0 0.0 0.0 0.0 0.0 0.0 0.0 0.0 1.0 1.0 0.0 0.0 0.0 0.0 1.0 0.0 0.0 1.0 255.0 1.0 0.0 1.0 0.04 0.0 0.0 0.0 0.0
0.0 302.0 1483.0 0.0 0.0 0.0 0.0 0.0 0.0 0.0 0.0 0.0 0.0 0.0 0.0 4.0 5.0 0.0 0.0 0.0 0.0 1.0 0.0 0.4 9.0 255.0 1.0 0.0 0.11 0.04 0.0 0.0 0.0 0.0
0.0 262.0 765.0 0.0 0.0 0.0 0.0 0.0 0.0 0.0 0.0 0.0 0.0 0.0 0.0 2.0 12.0 0.0 0.0 0.0 0.0 1.0 0.0 0.17 10.0 255.0 1.0 0.0 0.1 0.05 0.0 0.0 0.0 0.0
0.0 251.0 750.0 0.0 0.0 0.0 0.0 0.0 0.0 0.0 0.0 0.0 0.0 0.0 0.0 1.0 8.0 0.0 0.0 0.0 0.0 1.0 0.0 0.38 20.0 255.0 1.0 0.0 0.05 0.05 0.0 0.0 0.0 0.0
0.0 251.0 750.0 0.0 0.0 0.0 0.0 0.0 0.0 0.0 0.0 0.0 0.0 0.0 0.0 1.0 19.0 0.0 0.0 0.0 0.0 1.0 0.0 0.26 30.0 255.0 1.0 0.0 0.03 0.05 0.0 0.0 0.0 0.0
0.0 259.0 750.0 0.0 0.0 0.0 0.0 0.0 0.0 0.0 0.0 0.0 0.0 0.0 0.0 1.0 18.0 0.0 0.0 0.0 0.0 1.0 0.0 0.28 40.0 255.0 1.0 0.0 0.03 0.05 0.0 0.0 0.0 0.0
0.0 284.0 761.0 0.0 0.0 0.0 0.0 0.0 0.0 0.0 0.0 0.0 0.0 0.0 0.0 3.0 3.0 0.0 0.0 0.0 0.0 1.0 0.0 0.0 3.0 255.0 1.0 0.0 0.33 0.05 0.0 0.0 0.0 0.0
0.0 279.0 4304.0 0.0 0.0 0.0 0.0 0.0 0.0 0.0 0.0 0.0 0.0 0.0 0.0 13.0 13.0 0.0 0.0 0.0 0.0 1.0 0.0 0.0 13.0 255.0 1.0 0.0 0.08 0.05 0.0 0.0 0.0 0.0
0.0 274.0 787.0 0.0 0.0 0.0 0.0 0.0 0.0 0.0 0.0 0.0 0.0 0.0 0.0 23.0 23.0 0.0 0.0 0.0 0.0 1.0 0.0 0.0 23.0 255.0 1.0 0.0 0.04 0.05 0.0 0.0 0.0 0.0
0.0 288.0 787.0 0.0 0.0 0.0 0.0 0.0 0.0 0.0 0.0 0.0 0.0 0.0 0.0 3.0 3.0 0.0 0.0 0.0 0.0 1.0 0.0 0.0 33.0 255.0 1.0 0.0 0.03 0.05 0.0 0.0 0.0 0.0
0.0 301.0 1280.0 0.0 0.0 0.0 0.0 0.0 0.0 0.0 0.0 0.0 0.0 0.0 0.0 2.0 2.0 0.0 0.0 0.0 0.0 1.0 0.0 0.0 43.0 255.0 1.0 0.0 0.02 0.05 0.0 0.0 0.0 0.0
0.0 213.0 267.0 0.0 0.0 0.0 0.0 0.0 0.0 0.0 0.0 0.0 0.0 0.0 0.0 1.0 1.0 0.0 0.0 0.0 0.0 1.0 0.0 0.0 1.0 255.0 1.0 0.0 1.0 0.06 0.0 0.0 0.0 0.0
0.0 209.0 1476.0 0.0 0.0 0.0 0.0 0.0 0.0 0.0 0.0 0.0 0.0 0.0 0.0 4.0 4.0 0.0 0.0 0.0 0.0 1.0 0.0 0.0 4.0 255.0 1.0 0.0 0.25 0.06 0.0 0.0 0.0 0.0
0.0 296.0 442.0 0.0 0.0 0.0 0.0 0.0 0.0 0.0 0.0 0.0 0.0 0.0 0.0 7.0 7.0 0.0 0.0 0.0 0.0 1.0 0.0 0.0 14.0 255.0 1.0 0.0 0.07 0.06 0.0 0.0 0.0 0.0
0.0 189.0 291.0 0.0 0.0 0.0 0.0 0.0 0.0 0.0 0.0 0.0 0.0 0.0 0.0 1.0 1.0 0.0 0.0 0.0 0.0 1.0 0.0 0.0 10.0 255.0 1.0 0.0 0.1 0.07 0.0 0.0 0.0 0.0
0.0 175.0 1499.0 0.0 0.0 0.0 0.0 0.0 0.0 0.0 0.0 0.0 0.0 0.0 0.0 3.0 3.0 0.0 0.0 0.0 0.0 1.0 0.0 0.0 3.0 255.0 1.0 0.0 0.33 0.07 0.0 0.0 0.0 0.0
0.0 216.0 5077.0 0.0 0.0 0.0 0.0 0.0 0.0 0.0 0.0 0.0 0.0 0.0 0.0 2.0 2.0 0.0 0.0 0.0 0.0 1.0 0.0 0.0 2.0 255.0 1.0 0.0 0.5 0.08 0.0 0.0 0.0 0.0
0.0 290.0 3360.0 0.0 0.0 0.0 0.0 0.0 0.0 0.0 0.0 0.0 0.0 0.0 0.0 1.0 1.0 0.0 0.0 0.0 0.0 1.0 0.0 0.0 12.0 255.0 1.0 0.0 0.08 0.08 0.0 0.0 0.0 0.0
0.0 297.0 5077.0 0.0 0.0 0.0 0.0 0.0 0.0 0.0 0.0 0.0 0.0 0.0 0.0 2.0 2.0 0.0 0.0 0.0 0.0 1.0 0.0 0.0 22.0 255.0 1.0 0.0 0.05 0.08 0.0 0.0 0.0 0.0
0.0 298.0 2510.0 0.0 0.0 0.0 0.0 0.0 0.0 0.0 0.0 0.0 0.0 0.0 0.0 3.0 3.0 0.0 0.0 0.0 0.0 1.0 0.0 0.0 32.0 255.0 1.0 0.0 0.03 0.08 0.0 0.0 0.0 0.0
0.0 240.0 1569.0 0.0 0.0 0.0 0.0 0.0 0.0 0.0 0.0 0.0 0.0 0.0 0.0 2.0 10.0 0.0 0.0 0.0 0.0 1.0 0.0 0.2 42.0 255.0 1.0 0.0 0.05 0.08 0.0 0.0 0.0 0.0
0.0 295.0 1740.0 0.0 0.0 0.0 0.0 0.0 0.0 0.0 0.0 0.0 0.0 0.0 0.0 5.0 28.0 0.0 0.0 0.0 0.0 1.0 0.0 0.07 5.0 255.0 1.0 0.0 0.2 0.08 0.0 0.0 0.0 0.0
0.0 296.0 13260.0 0.0 0.0 0.0 0.0 0.0 0.0 0.0 0.0 0.0 0.0 0.0 0.0 15.0 38.0 0.0 0.0 0.0 0.0 1.0 0.0 0.05 15.0 255.0 1.0 0.0 0.07 0.07 0.0 0.0 0.0 0.0
0.0 296.0 1527.0 0.0 0.0 0.0 0.0 0.0 0.0 0.0 0.0 0.0 0.0 0.0 0.0 25.0 48.0 0.0 0.0 0.0 0.0 1.0 0.0 0.04 25.0 255.0 1.0 0.0 0.04 0.07 0.0 0.0 0.0 0.0
0.0 224.0 2294.0 0.0 0.0 0.0 0.0 0.0 0.0 0.0 0.0 0.0 0.0 0.0 0.0 3.0 48.0 0.0 0.0 0.0 0.0 1.0 0.0 0.15 35.0 255.0 1.0 0.0 0.03 0.06 0.0 0.0 0.0 0.0
0.0 222.0 2031.0 0.0 0.0 0.0 0.0 0.0 0.0 0.0 0.0 0.0 0.0 0.0 0.0 13.0 58.0 0.0 0.0 0.0 0.0 1.0 0.0 0.12 45.0 255.0 1.0 0.0 0.02 0.05 0.0 0.0 0.0 0.0
0.0 223.0 1904.0 0.0 0.0 0.0 0.0 0.0 0.0 0.0 0.0 0.0 0.0 0.0 0.0 23.0 68.0 0.0 0.0 0.0 0.0 1.0 0.0 0.1 55.0 255.0 1.0 0.0 0.02 0.04 0.0 0.0 0.0 0.0
0.0 297.0 1913.0 0.0 0.0 0.0 0.0 0.0 0.0 0.0 0.0 0.0 0.0 0.0 0.0 2.0 3.0 0.0 0.0 0.0 0.0 1.0 0.0 0.67 65.0 255.0 1.0 0.0 0.02 0.04 0.0 0.0 0.0 0.0
0.0 296.0 1891.0 0.0 0.0 0.0 0.0 0.0 0.0 0.0 0.0 0.0 0.0 0.0 0.0 12.0 13.0 0.0 0.0 0.0 0.0 1.0 0.0 0.15 75.0 255.0 1.0 0.0 0.01 0.04 0.0 0.0 0.0 0.0
0.0 310.0 791.0 0.0 0.0 0.0 0.0 0.0 0.0 0.0 0.0 0.0 0.0 0.0 0.0 22.0 23.0 0.0 0.0 0.0 0.0 1.0 0.0 0.09 85.0 255.0 1.0 0.0 0.02 0.04 0.0 0.0 0.0 0.0
0.0 295.0 3838.0 0.0 0.0 0.0 0.0 0.0 0.0 0.0 0.0 0.0 0.0 0.0 0.0 32.0 33.0 0.0 0.0 0.0 0.0 1.0 0.0 0.06 95.0 255.0 1.0 0.0 0.01 0.04 0.0 0.0 0.0 0.0
0.0 231.0 1309.0 0.0 0.0 0.0 0.0 0.0 0.0 0.0 0.0 0.0 0.0 0.0 0.0 10.0 11.0 0.0 0.0 0.0 0.0 1.0 0.0 0.18 10.0 255.0 1.0 0.0 0.1 0.04 0.0 0.0 0.0 0.0
0.0 302.0 1309.0 0.0 0.0 0.0 0.0 0.0 0.0 0.0 0.0 0.0 0.0 0.0 0.0 1.0 1.0 0.0 0.0 0.0 0.0 1.0 0.0 0.0 20.0 255.0 1.0 0.0 0.05 0.04 0.0 0.0 0.0 0.0
0.0 299.0 1517.0 0.0 0.0 0.0 0.0 0.0 0.0 0.0 0.0 0.0 0.0 0.0 0.0 11.0 11.0 0.0 0.0 0.0 0.0 1.0 0.0 0.0 30.0 255.0 1.0 0.0 0.03 0.04 0.0 0.0 0.0 0.0
0.0 296.0 588.0 0.0 0.0 0.0 0.0 0.0 0.0 0.0 0.0 0.0 0.0 0.0 0.0 2.0 3.0 0.0 0.0 0.0 0.0 1.0 0.0 0.67 40.0 255.0 1.0 0.0 0.03 0.04 0.0 0.0 0.0 0.0
0.0 322.0 2309.0 0.0 0.0 0.0 0.0 0.0 0.0 0.0 0.0 0.0 0.0 0.0 0.0 1.0 1.0 0.0 0.0 0.0 0.0 1.0 0.0 0.0 50.0 255.0 1.0 0.0 0.02 0.04 0.0 0.0 0.0 0.0
0.0 189.0 1558.0 0.0 0.0 0.0 0.0 0.0 0.0 0.0 0.0 0.0 0.0 0.0 0.0 4.0 6.0 0.0 0.0 0.0 0.0 1.0 0.0 0.5 6.0 255.0 1.0 0.0 0.17 0.04 0.0 0.0 0.0 0.0
0.0 291.0 142.0 0.0 0.0 0.0 0.0 0.0 0.0 0.0 0.0 0.0 0.0 0.0 0.0 10.0 10.0 0.0 0.0 0.0 0.0 1.0 0.0 0.0 10.0 255.0 1.0 0.0 0.1 0.04 0.0 0.0 0.0 0.0
0.0 258.0 504.0 0.0 0.0 0.0 0.0 0.0 0.0 0.0 0.0 0.0 0.0 0.0 0.0 7.0 9.0 0.0 0.0 0.0 0.0 1.0 0.0 0.22 10.0 255.0 1.0 0.0 0.1 0.04 0.0 0.0 0.0 0.0
0.0 248.0 487.0 0.0 0.0 0.0 0.0 0.0 0.0 0.0 0.0 0.0 0.0 0.0 0.0 17.0 19.0 0.0 0.0 0.0 0.0 1.0 0.0 0.11 20.0 255.0 1.0 0.0 0.05 0.04 0.0 0.0 0.0 0.0
0.0 219.0 254.0 0.0 0.0 0.0 0.0 0.0 0.0 0.0 0.0 0.0 0.0 0.0 0.0 2.0 11.0 0.0 0.0 0.0 0.0 1.0 0.0 0.27 30.0 255.0 1.0 0.0 0.03 0.04 0.0 0.0 0.0 0.0
0.0 185.0 504.0 0.0 0.0 0.0 0.0 0.0 0.0 0.0 0.0 0.0 0.0 0.0 0.0 12.0 22.0 0.0 0.0 0.0 0.0 1.0 0.0 0.18 40.0 255.0 1.0 0.0 0.03 0.03 0.0 0.0 0.0 0.0
0.0 226.0 2324.0 0.0 0.0 0.0 0.0 0.0 0.0 0.0 0.0 0.0 0.0 0.0 0.0 2.0 6.0 0.0 0.0 0.0 0.0 1.0 0.0 0.33 50.0 255.0 1.0 0.0 0.02 0.03 0.0 0.0 0.0 0.0
0.0 304.0 2964.0 0.0 0.0 0.0 0.0 0.0 0.0 0.0 0.0 0.0 0.0 0.0 0.0 10.0 10.0 0.0 0.0 0.0 0.0 1.0 0.0 0.0 10.0 255.0 1.0 0.0 0.1 0.03 0.0 0.0 0.0 0.0
0.0 324.0 1835.0 0.0 0.0 0.0 0.0 0.0 0.0 0.0 0.0 0.0 0.0 0.0 0.0 6.0 7.0 0.0 0.0 0.0 0.0 1.0 0.0 0.29 20.0 255.0 1.0 0.0 0.05 0.03 0.0 0.0 0.0 0.0
0.0 237.0 336.0 0.0 0.0 0.0 0.0 0.0 0.0 0.0 0.0 0.0 0.0 0.0 0.0 2.0 2.0 0.0 0.0 0.0 0.0 1.0 0.0 0.0 30.0 255.0 1.0 0.0 0.03 0.03 0.0 0.0 0.0 0.0
0.0 242.0 2529.0 0.0 0.0 0.0 0.0 0.0 0.0 0.0 0.0 0.0 0.0 0.0 0.0 12.0 12.0 0.0 0.0 0.0 0.0 1.0 0.0 0.0 40.0 255.0 1.0 0.0 0.03 0.03 0.0 0.0 0.0 0.0
0.0 305.0 364.0 0.0 0.0 0.0 0.0 0.0 0.0 0.0 0.0 0.0 0.0 0.0 0.0 9.0 9.0 0.0 0.0 0.0 0.0 1.0 0.0 0.0 9.0 255.0 1.0 0.0 0.11 0.03 0.0 0.0 0.0 0.0
0.0 299.0 2661.0 0.0 0.0 0.0 0.0 0.0 0.0 0.0 0.0 0.0 0.0 0.0 0.0 19.0 19.0 0.0 0.0 0.0 0.0 1.0 0.0 0.0 19.0 255.0 1.0 0.0 0.05 0.03 0.0 0.0 0.0 0.0
0.0 302.0 1947.0 0.0 0.0 0.0 0.0 0.0 0.0 0.0 0.0 0.0 0.0 0.0 0.0 29.0 29.0 0.0 0.0 0.0 0.0 1.0 0.0 0.0 29.0 255.0 1.0 0.0 0.03 0.03 0.0 0.0 0.0 0.0
0.0 227.0 815.0 0.0 0.0 0.0 0.0 0.0 0.0 0.0 0.0 0.0 0.0 0.0 0.0 3.0 11.0 0.0 0.0 0.0 0.0 1.0 0.0 0.18 39.0 255.0 1.0 0.0 0.03 0.03 0.0 0.0 0.0 0.0
0.0 233.0 360.0 0.0 0.0 0.0 0.0 0.0 0.0 0.0 0.0 0.0 0.0 0.0 0.0 13.0 21.0 0.0 0.0 0.0 0.0 1.0 0.0 0.1 49.0 255.0 1.0 0.0 0.02 0.03 0.0 0.0 0.0 0.0
0.0 226.0 11697.0 0.0 0.0 0.0 0.0 0.0 0.0 0.0 0.0 0.0 0.0 0.0 0.0 23.0 31.0 0.0 0.0 0.0 0.0 1.0 0.0 0.06 59.0 255.0 1.0 0.0 0.02 0.03 0.0 0.0 0.0 0.0
0.0 216.0 260.0 0.0 0.0 0.0 0.0 0.0 0.0 0.0 0.0 0.0 0.0 0.0 0.0 33.0 41.0 0.0 0.0 0.0 0.0 1.0 0.0 0.05 69.0 255.0 1.0 0.0 0.01 0.03 0.0 0.0 0.0 0.0
0.0 216.0 5905.0 0.0 0.0 0.0 0.0 0.0 0.0 0.0 0.0 0.0 0.0 0.0 0.0 5.0 37.0 0.0 0.0 0.0 0.0 1.0 0.0 0.05 5.0 255.0 1.0 0.0 0.2 0.04 0.0 0.0 0.0 0.0
0.0 237.0 16371.0 0.0 0.0 0.0 0.0 0.0 0.0 0.0 0.0 0.0 0.0 0.0 0.0 6.0 7.0 0.0 0.0 0.0 0.0 1.0 0.0 0.29 15.0 255.0 1.0 0.0 0.07 0.04 0.0 0.0 0.0 0.0
0.0 258.0 21544.0 0.0 0.0 0.0 0.0 0.0 0.0 0.0 0.0 0.0 0.0 0.0 0.0 1.0 1.0 0.0 0.0 0.0 0.0 1.0 0.0 0.0 25.0 255.0 1.0 0.0 0.04 0.04 0.0 0.0 0.0 0.0
0.0 320.0 4202.0 0.0 0.0 0.0 0.0 0.0 0.0 0.0 0.0 0.0 0.0 0.0 0.0 1.0 1.0 0.0 0.0 0.0 0.0 1.0 0.0 0.0 35.0 255.0 1.0 0.0 0.03 0.04 0.0 0.0 0.0 0.0
0.0 323.0 3723.0 0.0 0.0 0.0 0.0 0.0 0.0 0.0 0.0 0.0 0.0 0.0 0.0 11.0 11.0 0.0 0.0 0.0 0.0 1.0 0.0 0.0 45.0 255.0 1.0 0.0 0.02 0.04 0.0 0.0 0.0 0.0
0.0 366.0 13507.0 0.0 0.0 0.0 0.0 0.0 0.0 0.0 0.0 0.0 0.0 0.0 0.0 4.0 26.0 0.0 0.0 0.0 0.0 1.0 0.0 0.08 55.0 255.0 1.0 0.0 0.02 0.04 0.0 0.0 0.0 0.0
0.0 206.0 4352.0 0.0 0.0 0.0 0.0 0.0 0.0 0.0 0.0 0.0 0.0 0.0 0.0 6.0 6.0 0.0 0.0 0.0 0.0 1.0 0.0 0.0 65.0 255.0 1.0 0.0 0.02 0.04 0.0 0.0 0.0 0.0
0.0 203.0 4202.0 0.0 0.0 0.0 0.0 0.0 0.0 0.0 0.0 0.0 0.0 0.0 0.0 6.0 6.0 0.0 0.0 0.0 0.0 1.0 0.0 0.0 75.0 255.0 1.0 0.0 0.01 0.03 0.0 0.0 0.0 0.0
0.0 200.0 1170.0 0.0 0.0 0.0 0.0 0.0 0.0 0.0 0.0 0.0 0.0 0.0 0.0 16.0 16.0 0.0 0.0 0.0 0.0 1.0 0.0 0.0 85.0 255.0 1.0 0.0 0.01 0.02 0.0 0.0 0.0 0.0
0.0 149.0 21544.0 0.0 0.0 0.0 0.0 0.0 0.0 0.0 0.0 0.0 0.0 0.0 0.0 1.0 2.0 0.0 0.0 0.0 0.0 1.0 0.0 1.0 95.0 255.0 1.0 0.0 0.01 0.02 0.0 0.0 0.0 0.0
0.0 216.0 2922.0 0.0 0.0 0.0 0.0 0.0 0.0 0.0 0.0 0.0 0.0 0.0 0.0 2.0 2.0 0.0 0.0 0.0 0.0 1.0 0.0 0.0 105.0 255.0 1.0 0.0 0.01 0.02 0.0 0.0 0.0 0.0
0.0 210.0 407.0 0.0 0.0 0.0 0.0 0.0 0.0 0.0 0.0 0.0 0.0 0.0 0.0 12.0 12.0 0.0 0.0 0.0 0.0 1.0 0.0 0.0 115.0 255.0 1.0 0.0 0.01 0.02 0.0 0.0 0.0 0.0
0.0 239.0 1136.0 0.0 0.0 0.0 0.0 0.0 0.0 0.0 0.0 0.0 0.0 0.0 0.0 5.0 15.0 0.0 0.0 0.0 0.0 1.0 0.0 0.13 125.0 255.0 1.0 0.0 0.01 0.02 0.0 0.0 0.0 0.0
0.0 214.0 21482.0 0.0 0.0 0.0 0.0 0.0 0.0 0.0 0.0 0.0 0.0 0.0 0.0 7.0 7.0 0.0 0.0 0.0 0.0 1.0 0.0 0.0 135.0 255.0 1.0 0.0 0.01 0.02 0.0 0.0 0.0 0.0
0.0 211.0 581.0 0.0 0.0 0.0 0.0 0.0 0.0 0.0 0.0 0.0 0.0 0.0 0.0 8.0 9.0 0.0 0.0 0.0 0.0 1.0 0.0 0.22 145.0 255.0 1.0 0.0 0.01 0.02 0.0 0.0 0.0 0.0
0.0 250.0 2551.0 0.0 0.0 0.0 0.0 0.0 0.0 0.0 0.0 0.0 0.0 0.0 0.0 1.0 1.0 0.0 0.0 0.0 0.0 1.0 0.0 0.0 155.0 255.0 1.0 0.0 0.01 0.02 0.0 0.0 0.0 0.0
0.0 206.0 377.0 0.0 0.0 0.0 0.0 0.0 0.0 0.0 0.0 0.0 0.0 0.0 0.0 3.0 3.0 0.0 0.0 0.0 0.0 1.0 0.0 0.0 165.0 255.0 1.0 0.0 0.01 0.02 0.0 0.0 0.0 0.0
0.0 228.0 10266.0 0.0 0.0 0.0 0.0 0.0 0.0 0.0 0.0 0.0 0.0 0.0 0.0 4.0 4.0 0.0 0.0 0.0 0.0 1.0 0.0 0.0 175.0 255.0 1.0 0.0 0.01 0.02 0.0 0.0 0.0 0.0
0.0 218.0 1170.0 0.0 0.0 0.0 0.0 0.0 0.0 0.0 0.0 0.0 0.0 0.0 0.0 14.0 14.0 0.0 0.0 0.0 0.0 1.0 0.0 0.0 185.0 255.0 1.0 0.0 0.01 0.01 0.0 0.0 0.0 0.0
0.0 267.0 13507.0 0.0 0.0 0.0 0.0 0.0 0.0 0.0 0.0 0.0 0.0 0.0 0.0 7.0 7.0 0.0 0.0 0.0 0.0 1.0 0.0 0.0 195.0 255.0 1.0 0.0 0.01 0.01 0.0 0.0 0.0 0.0
0.0 324.0 1133.0 0.0 0.0 0.0 0.0 0.0 0.0 0.0 0.0 0.0 0.0 0.0 0.0 6.0 6.0 0.0 0.0 0.0 0.0 1.0 0.0 0.0 9.0 255.0 1.0 0.0 0.11 0.02 0.0 0.0 0.0 0.0
0.0 316.0 756.0 0.0 0.0 0.0 0.0 0.0 0.0 0.0 0.0 0.0 0.0 0.0 0.0 16.0 16.0 0.0 0.0 0.0 0.0 1.0 0.0 0.0 19.0 255.0 1.0 0.0 0.05 0.02 0.0 0.0 0.0 0.0
0.0 311.0 809.0 0.0 0.0 0.0 0.0 0.0 0.0 0.0 0.0 0.0 0.0 0.0 0.0 26.0 26.0 0.0 0.0 0.0 0.0 1.0 0.0 0.0 29.0 255.0 1.0 0.0 0.03 0.02 0.0 0.0 0.0 0.0
0.0 296.0 1133.0 0.0 0.0 0.0 0.0 0.0 0.0 0.0 0.0 0.0 0.0 0.0 0.0 7.0 9.0 0.0 0.0 0.0 0.0 1.0 0.0 0.33 39.0 255.0 1.0 0.0 0.03 0.02 0.0 0.0 0.0 0.0
0.0 294.0 400.0 0.0 0.0 0.0 0.0 0.0 0.0 0.0 0.0 0.0 0.0 0.0 0.0 17.0 20.0 0.0 0.0 0.0 0.0 1.0 0.0 0.2 49.0 255.0 1.0 0.0 0.02 0.02 0.0 0.0 0.0 0.0
0.0 295.0 451.0 0.0 0.0 0.0 0.0 0.0 0.0 0.0 0.0 0.0 0.0 0.0 0.0 27.0 33.0 0.0 0.0 0.0 0.0 1.0 0.0 0.12 59.0 255.0 1.0 0.0 0.02 0.01 0.0 0.0 0.0 0.0
0.0 342.0 2732.0 0.0 0.0 0.0 0.0 0.0 0.0 0.0 0.0 0.0 0.0 0.0 0.0 8.0 8.0 0.0 0.0 0.0 0.0 1.0 0.0 0.0 69.0 255.0 1.0 0.0 0.01 0.01 0.0 0.0 0.0 0.0
0.0 332.0 823.0 0.0 0.0 0.0 0.0 0.0 0.0 0.0 0.0 0.0 0.0 0.0 0.0 7.0 7.0 0.0 0.0 0.0 0.0 1.0 0.0 0.0 79.0 255.0 1.0 0.0 0.01 0.01 0.0 0.0 0.0 0.0
0.0 324.0 1054.0 0.0 0.0 0.0 0.0 0.0 0.0 0.0 0.0 0.0 0.0 0.0 0.0 16.0 16.0 0.0 0.0 0.0 0.0 1.0 0.0 0.0 89.0 255.0 1.0 0.0 0.01 0.01 0.0 0.0 0.0 0.0
0.0 333.0 5726.0 0.0 0.0 0.0 0.0 0.0 0.0 0.0 0.0 0.0 0.0 0.0 0.0 5.0 5.0 0.0 0.0 0.0 0.0 1.0 0.0 0.0 99.0 255.0 1.0 0.0 0.01 0.01 0.0 0.0 0.0 0.0
0.0 286.0 382.0 0.0 0.0 0.0 0.0 0.0 0.0 0.0 0.0 0.0 0.0 0.0 0.0 5.0 6.0 0.0 0.0 0.0 0.0 1.0 0.0 0.33 109.0 255.0 1.0 0.0 0.01 0.01 0.0 0.0 0.0 0.0
0.0 304.0 691.0 0.0 0.0 0.0 0.0 0.0 0.0 0.0 0.0 0.0 0.0 0.0 0.0 15.0 16.0 0.0 0.0 0.0 0.0 1.0 0.0 0.12 119.0 255.0 1.0 0.0 0.01 0.01 0.0 0.0 0.0 0.0
0.0 313.0 1547.0 0.0 0.0 0.0 0.0 0.0 0.0 0.0 0.0 0.0 0.0 0.0 0.0 25.0 26.0 0.0 0.0 0.0 0.0 1.0 0.0 0.08 129.0 255.0 1.0 0.0 0.01 0.01 0.0 0.0 0.0 0.0
0.0 205.0 382.0 0.0 0.0 0.0 0.0 0.0 0.0 0.0 0.0 0.0 0.0 0.0 0.0 6.0 6.0 0.0 0.0 0.0 0.0 1.0 0.0 0.0 139.0 255.0 1.0 0.0 0.01 0.01 0.0 0.0 0.0 0.0
0.0 213.0 417.0 0.0 0.0 0.0 0.0 0.0 0.0 0.0 0.0 0.0 0.0 0.0 0.0 16.0 16.0 0.0 0.0 0.0 0.0 1.0 0.0 0.0 149.0 255.0 1.0 0.0 0.01 0.01 0.0 0.0 0.0 0.0
0.0 213.0 400.0 0.0 0.0 0.0 0.0 0.0 0.0 0.0 0.0 0.0 0.0 0.0 0.0 26.0 26.0 0.0 0.0 0.0 0.0 1.0 0.0 0.0 159.0 255.0 1.0 0.0 0.01 0.01 0.0 0.0 0.0 0.0
0.0 237.0 11208.0 0.0 0.0 0.0 0.0 0.0 0.0 0.0 0.0 0.0 0.0 0.0 0.0 8.0 8.0 0.0 0.0 0.0 0.0 1.0 0.0 0.0 169.0 255.0 1.0 0.0 0.01 0.01 0.0 0.0 0.0 0.0
0.0 223.0 823.0 0.0 0.0 0.0 0.0 0.0 0.0 0.0 0.0 0.0 0.0 0.0 0.0 7.0 7.0 0.0 0.0 0.0 0.0 1.0 0.0 0.0 179.0 255.0 1.0 0.0 0.01 0.01 0.0 0.0 0.0 0.0
0.0 223.0 408.0 0.0 0.0 0.0 0.0 0.0 0.0 0.0 0.0 0.0 0.0 0.0 0.0 14.0 14.0 0.0 0.0 0.0 0.0 1.0 0.0 0.0 189.0 255.0 1.0 0.0 0.01 0.01 0.0 0.0 0.0 0.0
0.0 221.0 382.0 0.0 0.0 0.0 0.0 0.0 0.0 0.0 0.0 0.0 0.0 0.0 0.0 5.0 5.0 0.0 0.0 0.0 0.0 1.0 0.0 0.0 199.0 255.0 1.0 0.0 0.01 0.01 0.0 0.0 0.0 0.0
4.0 299.0 128.0 0.0 0.0 0.0 0.0 0.0 0.0 0.0 0.0 0.0 0.0 0.0 0.0 1.0 38.0 0.0 0.0 0.0 0.0 1.0 0.0 0.13 5.0 255.0 1.0 0.0 0.2 0.01 0.0 0.0 0.0 0.0
0.0 285.0 449.0 0.0 0.0 0.0 0.0 0.0 0.0 0.0 0.0 0.0 0.0 0.0 0.0 9.0 13.0 0.0 0.0 0.0 0.0 1.0 0.0 0.23 9.0 255.0 1.0 0.0 0.11 0.02 0.0 0.0 0.0 0.0
0.0 288.0 1627.0 0.0 0.0 0.0 0.0 0.0 0.0 0.0 0.0 0.0 0.0 0.0 0.0 19.0 25.0 0.0 0.0 0.0 0.0 1.0 0.0 0.12 19.0 255.0 1.0 0.0 0.05 0.02 0.0 0.0 0.0 0.0
0.0 286.0 11575.0 0.0 0.0 0.0 0.0 0.0 0.0 0.0 0.0 0.0 0.0 0.0 0.0 29.0 45.0 0.0 0.0 0.0 0.0 1.0 0.0 0.07 29.0 255.0 1.0 0.0 0.03 0.02 0.0 0.0 0.0 0.0
0.0 294.0 1901.0 0.0 0.0 0.0 0.0 0.0 0.0 0.0 0.0 0.0 0.0 0.0 0.0 10.0 10.0 0.0 0.0 0.0 0.0 1.0 0.0 0.0 10.0 255.0 1.0 0.0 0.1 0.02 0.0 0.0 0.0 0.0
0.0 228.0 1161.0 0.0 0.0 0.0 0.0 0.0 0.0 0.0 0.0 0.0 0.0 0.0 0.0 1.0 1.0 0.0 0.0 0.0 0.0 1.0 0.0 0.0 1.0 255.0 1.0 0.0 1.0 0.02 0.0 0.0 0.0 0.0
0.0 293.0 15125.0 0.0 0.0 0.0 0.0 0.0 0.0 0.0 0.0 0.0 0.0 0.0 0.0 6.0 6.0 0.0 0.0 0.0 0.0 1.0 0.0 0.0 10.0 255.0 1.0 0.0 0.1 0.03 0.0 0.0 0.0 0.0
0.0 294.0 18091.0 0.0 0.0 0.0 0.0 0.0 0.0 0.0 0.0 0.0 0.0 0.0 0.0 7.0 7.0 0.0 0.0 0.0 0.0 1.0 0.0 0.0 20.0 255.0 1.0 0.0 0.05 0.03 0.0 0.0 0.0 0.0
0.0 319.0 1303.0 0.0 0.0 0.0 0.0 0.0 0.0 0.0 0.0 0.0 0.0 0.0 0.0 2.0 2.0 0.0 0.0 0.0 0.0 1.0 0.0 0.0 8.0 255.0 1.0 0.0 0.12 0.03 0.0 0.0 0.0 0.0
0.0 167.0 4417.0 0.0 0.0 0.0 0.0 0.0 0.0 0.0 0.0 0.0 0.0 0.0 0.0 1.0 4.0 0.0 0.0 0.0 0.0 1.0 0.0 0.5 2.0 255.0 1.0 0.0 0.5 0.04 0.0 0.0 0.0 0.0
0.0 289.0 3361.0 0.0 0.0 0.0 0.0 0.0 0.0 0.0 0.0 0.0 0.0 0.0 0.0 7.0 7.0 0.0 0.0 0.0 0.0 1.0 0.0 0.0 7.0 255.0 1.0 0.0 0.14 0.04 0.0 0.0 0.0 0.0
0.0 298.0 2380.0 0.0 0.0 0.0 0.0 0.0 0.0 0.0 0.0 0.0 0.0 0.0 0.0 1.0 10.0 0.0 0.0 0.0 0.0 1.0 0.0 0.2 1.0 255.0 1.0 0.0 1.0 0.04 0.0 0.0 0.0 0.0
0.0 304.0 4011.0 0.0 0.0 0.0 0.0 0.0 0.0 0.0 0.0 0.0 0.0 0.0 0.0 11.0 20.0 0.09 0.05 0.0 0.0 1.0 0.0 0.1 11.0 255.0 1.0 0.0 0.09 0.04 0.09 0.0 0.0 0.0
0.0 320.0 4011.0 0.0 0.0 0.0 0.0 0.0 0.0 0.0 0.0 0.0 0.0 0.0 0.0 10.0 16.0 0.0 0.0 0.0 0.0 1.0 0.0 0.12 21.0 255.0 1.0 0.0 0.05 0.04 0.05 0.0 0.0 0.0
0.0 286.0 2695.0 0.0 0.0 0.0 0.0 0.0 0.0 0.0 0.0 0.0 0.0 0.0 0.0 9.0 10.0 0.0 0.0 0.0 0.0 1.0 0.0 0.2 31.0 255.0 1.0 0.0 0.03 0.04 0.03 0.0 0.0 0.0
0.0 379.0 1468.0 0.0 0.0 0.0 0.0 0.0 0.0 0.0 0.0 0.0 0.0 0.0 0.0 2.0 28.0 0.0 0.0 0.0 0.0 1.0 0.0 0.14 8.0 255.0 1.0 0.0 0.12 0.05 0.0 0.0 0.0 0.0
0.0 294.0 3292.0 0.0 0.0 0.0 0.0 0.0 0.0 0.0 0.0 0.0 0.0 0.0 0.0 4.0 4.0 0.0 0.0 0.0 0.0 1.0 0.0 0.0 18.0 255.0 1.0 0.0 0.06 0.05 0.0 0.0 0.0 0.0
0.0 326.0 9419.0 0.0 0.0 0.0 0.0 0.0 0.0 0.0 0.0 0.0 0.0 0.0 0.0 1.0 2.0 0.0 0.0 0.0 0.0 1.0 0.0 1.0 28.0 255.0 1.0 0.0 0.04 0.05 0.0 0.0 0.0 0.0
0.0 406.0 7609.0 0.0 0.0 0.0 0.0 0.0 0.0 0.0 0.0 0.0 0.0 0.0 0.0 2.0 2.0 0.0 0.0 0.0 0.0 1.0 0.0 0.0 38.0 255.0 1.0 0.0 0.03 0.05 0.0 0.0 0.0 0.0
0.0 224.0 3936.0 0.0 0.0 0.0 0.0 0.0 0.0 0.0 0.0 0.0 0.0 0.0 0.0 3.0 3.0 0.0 0.0 0.0 0.0 1.0 0.0 0.0 48.0 255.0 1.0 0.0 0.02 0.05 0.0 0.0 0.0 0.0
0.0 287.0 17098.0 0.0 0.0 0.0 0.0 0.0 0.0 0.0 0.0 0.0 0.0 0.0 0.0 4.0 4.0 0.0 0.0 0.0 0.0 1.0 0.0 0.0 58.0 255.0 1.0 0.0 0.02 0.05 0.0 0.0 0.0 0.0
0.0 261.0 1690.0 0.0 0.0 0.0 0.0 0.0 0.0 0.0 0.0 0.0 0.0 0.0 0.0 1.0 1.0 0.0 0.0 0.0 0.0 1.0 0.0 0.0 2.0 255.0 1.0 0.0 0.5 0.05 0.0 0.0 0.0 0.0
0.0 218.0 15237.0 0.0 0.0 0.0 0.0 0.0 0.0 0.0 0.0 0.0 0.0 0.0 0.0 1.0 1.0 0.0 0.0 0.0 0.0 1.0 0.0 0.0 9.0 255.0 1.0 0.0 0.11 0.05 0.0 0.0 0.0 0.0
0.0 187.0 3149.0 0.0 0.0 0.0 0.0 0.0 0.0 0.0 0.0 0.0 0.0 0.0 0.0 3.0 3.0 0.0 0.0 0.0 0.0 1.0 0.0 0.0 3.0 255.0 1.0 0.0 0.33 0.06 0.0 0.0 0.0 0.0
