0.0 311.0 1071.0 0.0 0.0 0.0 0.0 0.0 0.0 0.0 0.0 0.0 0.0 0.0 0.0 25.0 36.0 0.04 0.03 0.0 0.0 1.0 0.0 0.08 25.0 255.0 1.0 0.0 0.04 0.02 0.04 0.01 0.0 0.0
0.0 201.0 261.0 0.0 0.0 0.0 0.0 0.0 0.0 0.0 0.0 0.0 0.0 0.0 0.0 4.0 4.0 0.0 0.0 0.0 0.0 1.0 0.0 0.0 9.0 255.0 1.0 0.0 0.11 0.03 0.0 0.01 0.0 0.0
0.0 219.0 5767.0 0.0 0.0 0.0 0.0 0.0 0.0 0.0 0.0 0.0 0.0 0.0 0.0 4.0 4.0 0.0 0.0 0.0 0.0 1.0 0.0 0.0 19.0 255.0 1.0 0.0 0.05 0.03 0.0 0.01 0.0 0.0
0.0 285.0 2151.0 0.0 0.0 0.0 0.0 0.0 0.0 0.0 0.0 0.0 0.0 0.0 0.0 9.0 9.0 0.0 0.0 0.0 0.0 1.0 0.0 0.0 9.0 255.0 1.0 0.0 0.11 0.03 0.0 0.01 0.0 0.0
0.0 209.0 8036.0 0.0 0.0 0.0 0.0 0.0 0.0 0.0 0.0 0.0 0.0 0.0 0.0 5.0 6.0 0.0 0.0 0.0 0.0 1.0 0.0 0.33 5.0 255.0 1.0 0.0 0.2 0.04 0.0 0.01 0.0 0.0
0.0 212.0 261.0 0.0 0.0 0.0 0.0 0.0 0.0 0.0 0.0 0.0 0.0 0.0 0.0 15.0 20.0 0.0 0.0 0.0 0.0 1.0 0.0 0.15 15.0 255.0 1.0 0.0 0.07 0.04 0.0 0.01 0.0 0.0
0.0 203.0 1155.0 0.0 0.0 0.0 0.0 0.0 0.0 0.0 0.0 0.0 0.0 0.0 0.0 8.0 15.0 0.0 0.0 0.0 0.0 1.0 0.0 0.27 25.0 255.0 1.0 0.0 0.04 0.04 0.0 0.01 0.0 0.0
0.0 150.0 6203.0 0.0 0.0 0.0 0.0 0.0 0.0 0.0 0.0 0.0 0.0 0.0 0.0 1.0 1.0 0.0 0.0 0.0 0.0 1.0 0.0 0.0 1.0 255.0 1.0 0.0 1.0 0.04 0.0 0.01 0.0 0.0
0.0 246.0 3181.0 0.0 0.0 0.0 0.0 0.0 0.0 0.0 0.0 0.0 0.0 0.0 0.0 1.0 1.0 0.0 0.0 0.0 0.0 1.0 0.0 0.0 11.0 255.0 1.0 0.0 0.09 0.04 0.0 0.0 0.0 0.0
0.0 245.0 6903.0 0.0 0.0 0.0 0.0 0.0 0.0 0.0 0.0 0.0 0.0 0.0 0.0 5.0 22.0 0.0 0.0 0.0 0.0 1.0 0.0 0.18 21.0 255.0 1.0 0.0 0.05 0.04 0.0 0.0 0.0 0.0
0.0 245.0 8012.0 0.0 0.0 0.0 0.0 0.0 0.0 0.0 0.0 0.0 0.0 0.0 0.0 5.0 5.0 0.0 0.0 0.0 0.0 1.0 0.0 0.0 31.0 255.0 1.0 0.0 0.03 0.04 0.0 0.0 0.0 0.0
0.0 303.0 803.0 0.0 0.0 0.0 0.0 0.0 0.0 0.0 0.0 0.0 0.0 0.0 0.0 4.0 4.0 0.0 0.0 0.0 0.0 1.0 0.0 0.0 4.0 255.0 1.0 0.0 0.25 0.04 0.0 0.0 0.0 0.0
0.0 312.0 781.0 0.0 0.0 0.0 0.0 0.0 0.0 0.0 0.0 0.0 0.0 0.0 0.0 2.0 2.0 0.0 0.0 0.0 0.0 1.0 0.0 0.0 14.0 255.0 1.0 0.0 0.07 0.04 0.0 0.0 0.0 0.0
0.0 194.0 803.0 0.0 0.0 0.0 0.0 0.0 0.0 0.0 0.0 0.0 0.0 0.0 0.0 2.0 2.0 0.0 0.0 0.0 0.0 1.0 0.0 0.0 24.0 255.0 1.0 0.0 0.04 0.04 0.0 0.0 0.0 0.0
0.0 228.0 183.0 0.0 0.0 0.0 0.0 0.0 0.0 0.0 0.0 0.0 0.0 0.0 0.0 2.0 2.0 0.0 0.0 0.0 0.0 1.0 0.0 0.0 34.0 255.0 1.0 0.0 0.03 0.04 0.0 0.0 0.0 0.0
0.0 203.0 803.0 0.0 0.0 0.0 0.0 0.0 0.0 0.0 0.0 0.0 0.0 0.0 0.0 10.0 10.0 0.0 0.0 0.0 0.0 1.0 0.0 0.0 44.0 255.0 1.0 0.0 0.02 0.04 0.0 0.0 0.0 0.0
0.0 194.0 295.0 0.0 0.0 0.0 0.0 0.0 0.0 0.0 0.0 0.0 0.0 0.0 0.0 10.0 10.0 0.0 0.0 0.0 0.0 1.0 0.0 0.0 10.0 255.0 1.0 0.0 0.1 0.04 0.0 0.0 0.0 0.0
0.0 199.0 21843.0 0.0 0.0 0.0 0.0 0.0 0.0 0.0 0.0 0.0 0.0 0.0 0.0 6.0 17.0 0.0 0.0 0.0 0.0 1.0 0.0 0.12 20.0 255.0 1.0 0.0 0.05 0.04 0.0 0.0 0.0 0.0
0.0 198.0 3270.0 0.0 0.0 0.0 0.0 0.0 0.0 0.0 0.0 0.0 0.0 0.0 0.0 9.0 9.0 0.0 0.0 0.0 0.0 1.0 0.0 0.0 30.0 255.0 1.0 0.0 0.03 0.04 0.0 0.0 0.0 0.0
0.0 205.0 1127.0 0.0 0.0 0.0 0.0 0.0 0.0 0.0 0.0 0.0 0.0 0.0 0.0 5.0 42.0 0.0 0.0 0.0 0.0 1.0 0.0 0.07 40.0 255.0 1.0 0.0 0.03 0.04 0.0 0.0 0.0 0.0
0.0 202.0 14750.0 0.0 0.0 0.0 0.0 0.0 0.0 0.0 0.0 0.0 0.0 0.0 0.0 6.0 6.0 0.0 0.0 0.0 0.0 1.0 0.0 0.0 50.0 255.0 1.0 0.0 0.02 0.04 0.0 0.0 0.0 0.0
0.0 207.0 433.0 0.0 0.0 0.0 0.0 0.0 0.0 0.0 0.0 0.0 0.0 0.0 0.0 5.0 5.0 0.0 0.0 0.0 0.0 1.0 0.0 0.0 60.0 255.0 1.0 0.0 0.02 0.04 0.0 0.0 0.0 0.0
0.0 169.0 5459.0 0.0 0.0 0.0 0.0 0.0 0.0 0.0 0.0 0.0 0.0 0.0 0.0 1.0 1.0 0.0 0.0 0.0 0.0 1.0 0.0 0.0 70.0 255.0 1.0 0.0 0.01 0.04 0.0 0.0 0.0 0.0
0.0 207.0 433.0 0.0 0.0 0.0 0.0 0.0 0.0 0.0 0.0 0.0 0.0 0.0 0.0 4.0 4.0 0.0 0.0 0.0 0.0 1.0 0.0 0.0 80.0 255.0 1.0 0.0 0.01 0.04 0.0 0.0 0.0 0.0
0.0 212.0 1745.0 0.0 0.0 0.0 0.0 0.0 0.0 0.0 0.0 0.0 0.0 0.0 0.0 14.0 14.0 0.0 0.0 0.0 0.0 1.0 0.0 0.0 90.0 255.0 1.0 0.0 0.01 0.04 0.0 0.0 0.0 0.0
0.0 167.0 10676.0 0.0 0.0 0.0 0.0 0.0 0.0 0.0 0.0 0.0 0.0 0.0 0.0 1.0 31.0 0.0 0.0 0.0 0.0 1.0 0.0 0.13 100.0 255.0 1.0 0.0 0.01 0.04 0.0 0.0 0.0 0.0
0.0 211.0 1428.0 0.0 0.0 0.0 0.0 0.0 0.0 0.0 0.0 0.0 0.0 0.0 0.0 11.0 41.0 0.0 0.0 0.0 0.0 1.0 0.0 0.1 110.0 255.0 1.0 0.0 0.01 0.03 0.0 0.0 0.0 0.0
0.0 224.0 3019.0 0.0 0.0 0.0 0.0 0.0 0.0 0.0 0.0 0.0 0.0 0.0 0.0 10.0 10.0 0.0 0.0 0.0 0.0 1.0 0.0 0.0 10.0 255.0 1.0 0.0 0.1 0.04 0.0 0.0 0.0 0.0
0.0 246.0 19647.0 0.0 0.0 0.0 0.0 0.0 0.0 0.0 0.0 0.0 0.0 0.0 0.0 6.0 6.0 0.0 0.0 0.0 0.0 1.0 0.0 0.0 20.0 255.0 1.0 0.0 0.05 0.03 0.0 0.0 0.0 0.0
0.0 312.0 3449.0 0.0 0.0 0.0 0.0 0.0 0.0 0.0 0.0 0.0 0.0 0.0 0.0 2.0 2.0 0.0 0.0 0.0 0.0 1.0 0.0 0.0 2.0 255.0 1.0 0.0 0.5 0.03 0.0 0.0 0.0 0.0
0.0 195.0 1762.0 0.0 0.0 0.0 0.0 0.0 0.0 0.0 0.0 0.0 0.0 0.0 0.0 2.0 2.0 0.0 0.0 0.0 0.0 1.0 0.0 0.0 12.0 255.0 1.0 0.0 0.08 0.03 0.0 0.0 0.0 0.0
0.0 203.0 3449.0 0.0 0.0 0.0 0.0 0.0 0.0 0.0 0.0 0.0 0.0 0.0 0.0 2.0 2.0 0.0 0.0 0.0 0.0 1.0 0.0 0.0 22.0 255.0 1.0 0.0 0.05 0.03 0.0 0.0 0.0 0.0
0.0 151.0 2684.0 0.0 0.0 0.0 0.0 0.0 0.0 0.0 0.0 0.0 0.0 0.0 0.0 2.0 2.0 0.0 0.0 0.0 0.0 1.0 0.0 0.0 32.0 255.0 1.0 0.0 0.03 0.03 0.0 0.0 0.0 0.0
0.0 213.0 3449.0 0.0 0.0 0.0 0.0 0.0 0.0 0.0 0.0 0.0 0.0 0.0 0.0 2.0 2.0 0.0 0.0 0.0 0.0 1.0 0.0 0.0 42.0 255.0 1.0 0.0 0.02 0.02 0.0 0.0 0.0 0.0
0.0 201.0 25558.0 0.0 0.0 0.0 0.0 0.0 0.0 0.0 0.0 0.0 0.0 0.0 0.0 2.0 2.0 0.0 0.0 0.0 0.0 1.0 0.0 0.0 2.0 255.0 1.0 0.0 0.5 0.03 0.0 0.0 0.0 0.0
0.0 163.0 30042.0 0.0 0.0 0.0 0.0 0.0 0.0 0.0 0.0 0.0 0.0 0.0 0.0 2.0 2.0 0.0 0.0 0.0 0.0 1.0 0.0 0.0 12.0 255.0 1.0 0.0 0.08 0.03 0.0 0.0 0.0 0.0
0.0 212.0 2841.0 0.0 0.0 0.0 0.0 0.0 0.0 0.0 0.0 0.0 0.0 0.0 0.0 10.0 10.0 0.0 0.0 0.0 0.0 1.0 0.0 0.0 22.0 255.0 1.0 0.0 0.05 0.02 0.0 0.0 0.0 0.0
0.0 163.0 27086.0 0.0 0.0 0.0 0.0 0.0 0.0 0.0 0.0 0.0 0.0 0.0 0.0 1.0 1.0 0.0 0.0 0.0 0.0 1.0 0.0 0.0 32.0 255.0 1.0 0.0 0.03 0.02 0.0 0.0 0.0 0.0
0.0 211.0 2058.0 0.0 0.0 0.0 0.0 0.0 0.0 0.0 0.0 0.0 0.0 0.0 0.0 11.0 14.0 0.0 0.0 0.0 0.0 1.0 0.0 0.14 42.0 255.0 1.0 0.0 0.02 0.02 0.0 0.0 0.0 0.0
0.0 207.0 1704.0 0.0 0.0 0.0 0.0 0.0 0.0 0.0 0.0 0.0 0.0 0.0 0.0 6.0 6.0 0.0 0.0 0.0 0.0 1.0 0.0 0.0 52.0 255.0 1.0 0.0 0.02 0.02 0.0 0.0 0.0 0.0
0.0 212.0 2686.0 0.0 0.0 0.0 0.0 0.0 0.0 0.0 0.0 0.0 0.0 0.0 0.0 15.0 16.0 0.0 0.0 0.0 0.0 1.0 0.0 0.12 62.0 255.0 1.0 0.0 0.02 0.02 0.0 0.0 0.0 0.0
0.0 206.0 2171.0 0.0 0.0 0.0 0.0 0.0 0.0 0.0 0.0 0.0 0.0 0.0 0.0 5.0 5.0 0.0 0.0 0.0 0.0 1.0 0.0 0.0 72.0 255.0 1.0 0.0 0.01 0.02 0.0 0.0 0.0 0.0
0.0 209.0 8806.0 0.0 0.0 0.0 0.0 0.0 0.0 0.0 0.0 0.0 0.0 0.0 0.0 15.0 15.0 0.0 0.0 0.0 0.0 1.0 0.0 0.0 82.0 255.0 1.0 0.0 0.01 0.02 0.0 0.0 0.0 0.0
0.0 210.0 2841.0 0.0 0.0 0.0 0.0 0.0 0.0 0.0 0.0 0.0 0.0 0.0 0.0 6.0 6.0 0.0 0.0 0.0 0.0 1.0 0.0 0.0 92.0 255.0 1.0 0.0 0.01 0.02 0.0 0.0 0.0 0.0
0.0 208.0 2144.0 0.0 0.0 0.0 0.0 0.0 0.0 0.0 0.0 0.0 0.0 0.0 0.0 9.0 9.0 0.0 0.0 0.0 0.0 1.0 0.0 0.0 102.0 255.0 1.0 0.0 0.01 0.02 0.0 0.0 0.0 0.0
0.0 208.0 5947.0 0.0 0.0 0.0 0.0 0.0 0.0 0.0 0.0 0.0 0.0 0.0 0.0 19.0 22.0 0.0 0.0 0.0 0.0 1.0 0.0 0.09 112.0 255.0 1.0 0.0 0.01 0.02 0.0 0.0 0.0 0.0
0.0 322.0 3125.0 0.0 0.0 0.0 0.0 0.0 0.0 0.0 0.0 0.0 0.0 0.0 0.0 9.0 46.0 0.0 0.0 0.0 0.0 1.0 0.0 0.07 9.0 255.0 1.0 0.0 0.11 0.02 0.0 0.0 0.0 0.0
0.0 317.0 3820.0 0.0 0.0 0.0 0.0 0.0 0.0 0.0 0.0 0.0 0.0 0.0 0.0 5.0 6.0 0.0 0.0 0.0 0.0 1.0 0.0 0.33 19.0 255.0 1.0 0.0 0.05 0.02 0.0 0.0 0.0 0.0
0.0 318.0 230.0 0.0 0.0 0.0 0.0 0.0 0.0 0.0 0.0 0.0 0.0 0.0 0.0 15.0 16.0 0.0 0.0 0.0 0.0 1.0 0.0 0.12 29.0 255.0 1.0 0.0 0.03 0.02 0.0 0.0 0.0 0.0
0.0 290.0 5606.0 0.0 0.0 0.0 0.0 0.0 0.0 0.0 0.0 0.0 0.0 0.0 0.0 9.0 16.0 0.0 0.0 0.0 0.0 1.0 0.0 0.12 39.0 255.0 1.0 0.0 0.03 0.02 0.0 0.0 0.0 0.0
0.0 206.0 1029.0 0.0 0.0 0.0 0.0 0.0 0.0 0.0 0.0 0.0 0.0 0.0 0.0 5.0 7.0 0.0 0.0 0.0 0.0 1.0 0.0 0.29 49.0 255.0 1.0 0.0 0.02 0.02 0.0 0.0 0.0 0.0
0.0 202.0 1078.0 0.0 0.0 0.0 0.0 0.0 0.0 0.0 0.0 0.0 0.0 0.0 0.0 1.0 1.0 0.0 0.0 0.0 0.0 1.0 0.0 0.0 59.0 255.0 1.0 0.0 0.02 0.02 0.0 0.0 0.0 0.0
0.0 206.0 1029.0 0.0 0.0 0.0 0.0 0.0 0.0 0.0 0.0 0.0 0.0 0.0 0.0 11.0 11.0 0.0 0.0 0.0 0.0 1.0 0.0 0.0 69.0 255.0 1.0 0.0 0.01 0.02 0.0 0.0 0.0 0.0
0.0 210.0 1078.0 0.0 0.0 0.0 0.0 0.0 0.0 0.0 0.0 0.0 0.0 0.0 0.0 5.0 15.0 0.0 0.0 0.0 0.0 1.0 0.0 0.13 79.0 255.0 1.0 0.0 0.01 0.02 0.0 0.0 0.0 0.0
0.0 213.0 1003.0 0.0 0.0 0.0 0.0 0.0 0.0 0.0 0.0 0.0 0.0 0.0 0.0 1.0 30.0 0.0 0.0 0.0 0.0 1.0 0.0 0.07 89.0 255.0 1.0 0.0 0.01 0.02 0.0 0.0 0.0 0.0
0.0 214.0 468.0 0.0 0.0 0.0 0.0 0.0 0.0 0.0 0.0 0.0 0.0 0.0 0.0 11.0 40.0 0.0 0.0 0.0 0.0 1.0 0.0 0.05 99.0 255.0 1.0 0.0 0.01 0.01 0.0 0.0 0.0 0.0
0.0 211.0 16080.0 0.0 0.0 0.0 0.0 0.0 0.0 0.0 0.0 0.0 0.0 0.0 0.0 5.0 9.0 0.0 0.0 0.0 0.0 1.0 0.0 0.33 109.0 255.0 1.0 0.0 0.01 0.01 0.0 0.0 0.0 0.0
0.0 154.0 13918.0 0.0 0.0 0.0 0.0 0.0 0.0 0.0 0.0 0.0 0.0 0.0 0.0 1.0 1.0 0.0 0.0 0.0 0.0 1.0 0.0 0.0 119.0 255.0 1.0 0.0 0.01 0.01 0.0 0.0 0.0 0.0
0.0 210.0 1078.0 0.0 0.0 0.0 0.0 0.0 0.0 0.0 0.0 0.0 0.0 0.0 0.0 11.0 11.0 0.09 0.09 0.0 0.0 1.0 0.0 0.0 129.0 255.0 1.0 0.0 0.01 0.01 0.01 0.0 0.0 0.0
0.0 218.0 3820.0 0.0 0.0 0.0 0.0 0.0 0.0 0.0 0.0 0.0 0.0 0.0 0.0 5.0 10.0 0.0 0.0 0.0 0.0 1.0 0.0 0.2 139.0 255.0 1.0 0.0 0.01 0.01 0.01 0.0 0.0 0.0
0.0 164.0 13918.0 0.0 0.0 0.0 0.0 0.0 0.0 0.0 0.0 0.0 0.0 0.0 0.0 1.0 2.0 0.0 0.0 0.0 0.0 1.0 0.0 1.0 149.0 255.0 1.0 0.0 0.01 0.01 0.01 0.0 0.0 0.0
0.0 224.0 468.0 0.0 0.0 0.0 0.0 0.0 0.0 0.0 0.0 0.0 0.0 0.0 0.0 11.0 12.0 0.0 0.0 0.0 0.0 1.0 0.0 0.17 159.0 255.0 1.0 0.0 0.01 0.01 0.01 0.0 0.0 0.0
0.0 223.0 1020.0 0.0 0.0 0.0 0.0 0.0 0.0 0.0 0.0 0.0 0.0 0.0 0.0 1.0 1.0 0.0 0.0 0.0 0.0 1.0 0.0 0.0 5.0 255.0 1.0 0.0 0.2 0.01 0.0 0.0 0.0 0.0
0.0 200.0 5302.0 0.0 0.0 0.0 0.0 0.0 0.0 0.0 0.0 0.0 0.0 0.0 0.0 9.0 47.0 0.0 0.0 0.0 0.0 1.0 0.0 0.06 10.0 255.0 1.0 0.0 0.1 0.02 0.0 0.0 0.0 0.0
0.0 214.0 16728.0 0.0 0.0 0.0 0.0 0.0 0.0 0.0 0.0 0.0 0.0 0.0 0.0 3.0 13.0 0.0 0.0 0.0 0.0 1.0 0.0 0.15 20.0 255.0 1.0 0.0 0.05 0.02 0.0 0.0 0.0 0.0
0.0 210.0 5196.0 0.0 0.0 0.0 0.0 0.0 0.0 0.0 0.0 0.0 0.0 0.0 0.0 13.0 24.0 0.0 0.0 0.0 0.0 1.0 0.0 0.12 30.0 255.0 1.0 0.0 0.03 0.02 0.0 0.0 0.0 0.0
0.0 212.0 1402.0 0.0 0.0 0.0 0.0 0.0 0.0 0.0 0.0 0.0 0.0 0.0 0.0 23.0 26.0 0.0 0.0 0.0 0.0 1.0 0.0 0.12 40.0 255.0 1.0 0.0 0.03 0.02 0.0 0.0 0.0 0.0
0.0 215.0 5341.0 0.0 0.0 0.0 0.0 0.0 0.0 0.0 0.0 0.0 0.0 0.0 0.0 33.0 36.0 0.0 0.0 0.0 0.0 1.0 0.0 0.08 50.0 255.0 1.0 0.0 0.02 0.02 0.0 0.0 0.0 0.0
0.0 220.0 5083.0 0.0 0.0 0.0 0.0 0.0 0.0 0.0 0.0 0.0 0.0 0.0 0.0 7.0 7.0 0.0 0.0 0.0 0.0 1.0 0.0 0.0 60.0 255.0 1.0 0.0 0.02 0.02 0.0 0.0 0.0 0.0
0.0 220.0 5290.0 0.0 0.0 0.0 0.0 0.0 0.0 0.0 0.0 0.0 0.0 0.0 0.0 17.0 17.0 0.0 0.0 0.0 0.0 1.0 0.0 0.0 70.0 255.0 1.0 0.0 0.01 0.02 0.0 0.0 0.0 0.0
0.0 216.0 1402.0 0.0 0.0 0.0 0.0 0.0 0.0 0.0 0.0 0.0 0.0 0.0 0.0 10.0 11.0 0.0 0.0 0.0 0.0 1.0 0.0 0.18 80.0 255.0 1.0 0.0 0.01 0.02 0.0 0.0 0.0 0.0
0.0 164.0 3341.0 0.0 0.0 0.0 0.0 0.0 0.0 0.0 0.0 0.0 0.0 0.0 0.0 5.0 5.0 0.0 0.0 0.0 0.0 1.0 0.0 0.0 90.0 255.0 1.0 0.0 0.01 0.01 0.0 0.0 0.0 0.0
0.0 219.0 5083.0 0.0 0.0 0.0 0.0 0.0 0.0 0.0 0.0 0.0 0.0 0.0 0.0 15.0 15.0 0.0 0.0 0.0 0.0 1.0 0.0 0.0 100.0 255.0 1.0 0.0 0.01 0.01 0.0 0.0 0.0 0.0
0.0 219.0 5290.0 0.0 0.0 0.0 0.0 0.0 0.0 0.0 0.0 0.0 0.0 0.0 0.0 25.0 26.0 0.0 0.0 0.0 0.0 1.0 0.0 0.08 110.0 255.0 1.0 0.0 0.01 0.01 0.0 0.0 0.0 0.0
0.0 215.0 1208.0 0.0 0.0 0.0 0.0 0.0 0.0 0.0 0.0 0.0 0.0 0.0 0.0 9.0 9.0 0.0 0.0 0.0 0.0 1.0 0.0 0.0 120.0 255.0 1.0 0.0 0.01 0.01 0.0 0.0 0.0 0.0
0.0 202.0 5494.0 0.0 0.0 0.0 0.0 0.0 0.0 0.0 0.0 0.0 0.0 0.0 0.0 4.0 5.0 0.0 0.0 0.0 0.0 1.0 0.0 0.4 130.0 255.0 1.0 0.0 0.01 0.01 0.0 0.0 0.0 0.0
0.0 202.0 8673.0 0.0 0.0 0.0 0.0 0.0 0.0 0.0 0.0 0.0 0.0 0.0 0.0 14.0 15.0 0.0 0.0 0.0 0.0 1.0 0.0 0.13 140.0 255.0 1.0 0.0 0.01 0.01 0.0 0.0 0.0 0.0
0.0 214.0 5494.0 0.0 0.0 0.0 0.0 0.0 0.0 0.0 0.0 0.0 0.0 0.0 0.0 8.0 28.0 0.0 0.0 0.0 0.0 1.0 0.0 0.11 150.0 255.0 1.0 0.0 0.01 0.01 0.0 0.0 0.0 0.0
0.0 238.0 4368.0 0.0 0.0 0.0 0.0 0.0 0.0 0.0 0.0 0.0 0.0 0.0 0.0 1.0 1.0 0.0 0.0 0.0 0.0 1.0 0.0 0.0 1.0 255.0 1.0 0.0 1.0 0.02 0.0 0.0 0.0 0.0
0.0 185.0 3948.0 0.0 0.0 0.0 0.0 0.0 0.0 0.0 0.0 0.0 0.0 0.0 0.0 1.0 9.0 0.0 0.0 0.0 0.0 1.0 0.0 0.22 11.0 255.0 1.0 0.0 0.09 0.02 0.0 0.0 0.0 0.0
0.0 199.0 8999.0 0.0 0.0 0.0 0.0 0.0 0.0 0.0 0.0 0.0 0.0 0.0 0.0 5.0 5.0 0.0 0.0 0.0 0.0 1.0 0.0 0.0 5.0 255.0 1.0 0.0 0.2 0.03 0.0 0.0 0.0 0.0
0.0 197.0 6830.0 0.0 0.0 0.0 0.0 0.0 0.0 0.0 0.0 0.0 0.0 0.0 0.0 7.0 7.0 0.0 0.0 0.0 0.0 1.0 0.0 0.0 15.0 255.0 1.0 0.0 0.07 0.03 0.0 0.0 0.0 0.0
0.0 255.0 4044.0 0.0 0.0 0.0 0.0 0.0 0.0 0.0 0.0 0.0 0.0 0.0 0.0 2.0 2.0 0.0 0.0 0.0 0.0 1.0 0.0 0.0 9.0 255.0 1.0 0.0 0.11 0.04 0.0 0.0 0.0 0.0
0.0 222.0 4123.0 0.0 0.0 0.0 0.0 0.0 0.0 0.0 0.0 0.0 0.0 0.0 0.0 1.0 1.0 0.0 0.0 0.0 0.0 1.0 0.0 0.0 1.0 255.0 1.0 0.0 1.0 0.05 0.0 0.0 0.0 0.0
0.0 220.0 4872.0 0.0 0.0 0.0 0.0 0.0 0.0 0.0 0.0 0.0 0.0 0.0 0.0 1.0 1.0 0.0 0.0 0.0 0.0 1.0 0.0 0.0 11.0 255.0 1.0 0.0 0.09 0.05 0.0 0.0 0.0 0.0
0.0 234.0 742.0 0.0 0.0 0.0 0.0 0.0 0.0 0.0 0.0 0.0 0.0 0.0 0.0 1.0 2.0 0.0 0.0 0.0 0.0 1.0 0.0 1.0 1.0 255.0 1.0 0.0 1.0 0.05 0.0 0.0 0.0 0.0
0.0 339.0 14206.0 0.0 0.0 0.0 0.0 0.0 0.0 0.0 0.0 0.0 0.0 0.0 0.0 1.0 5.0 0.0 0.0 0.0 0.0 1.0 0.0 0.4 9.0 255.0 1.0 0.0 0.11 0.06 0.11 0.0 0.0 0.0
0.0 251.0 4282.0 0.0 0.0 0.0 0.0 0.0 0.0 0.0 0.0 0.0 0.0 0.0 0.0 2.0 21.0 0.0 0.0 0.0 0.0 1.0 0.0 0.1 19.0 255.0 1.0 0.0 0.05 0.05 0.05 0.0 0.0 0.0
0.0 235.0 4282.0 0.0 0.0 0.0 0.0 0.0 0.0 0.0 0.0 0.0 0.0 0.0 0.0 1.0 3.0 0.0 0.0 0.0 0.0 1.0 0.0 0.67 29.0 255.0 1.0 0.0 0.07 0.05 0.03 0.0 0.0 0.0
0.0 239.0 10047.0 0.0 0.0 0.0 0.0 0.0 0.0 0.0 0.0 0.0 0.0 0.0 0.0 1.0 8.0 0.0 0.0 0.0 0.0 1.0 0.0 0.25 39.0 255.0 1.0 0.0 0.03 0.05 0.03 0.0 0.0 0.0
0.0 337.0 14206.0 0.0 0.0 0.0 0.0 0.0 0.0 0.0 0.0 0.0 0.0 0.0 0.0 2.0 5.0 0.0 0.0 0.0 0.0 1.0 0.0 0.4 49.0 255.0 1.0 0.0 0.02 0.05 0.02 0.0 0.0 0.0
0.0 239.0 9986.0 0.0 0.0 0.0 0.0 0.0 0.0 0.0 0.0 0.0 0.0 0.0 0.0 2.0 14.0 0.0 0.0 0.0 0.0 1.0 0.0 0.21 8.0 255.0 1.0 0.0 0.12 0.06 0.0 0.0 0.0 0.0
0.0 278.0 9354.0 0.0 0.0 0.0 0.0 0.0 0.0 0.0 0.0 0.0 0.0 0.0 0.0 2.0 2.0 0.0 0.0 0.0 0.0 1.0 0.0 0.0 2.0 255.0 1.0 0.0 0.5 0.06 0.0 0.0 0.0 0.0
0.0 159.0 4342.0 0.0 0.0 0.0 0.0 0.0 0.0 0.0 0.0 0.0 0.0 0.0 0.0 1.0 1.0 0.0 0.0 0.0 0.0 1.0 0.0 0.0 12.0 255.0 1.0 0.0 0.08 0.06 0.0 0.0 0.0 0.0
0.0 206.0 3261.0 0.0 0.0 0.0 0.0 0.0 0.0 0.0 0.0 0.0 0.0 0.0 0.0 11.0 12.0 0.0 0.0 0.0 0.0 1.0 0.0 0.17 22.0 255.0 1.0 0.0 0.05 0.06 0.0 0.0 0.0 0.0
0.0 278.0 9354.0 0.0 0.0 0.0 0.0 0.0 0.0 0.0 0.0 0.0 0.0 0.0 0.0 10.0 19.0 0.0 0.0 0.0 0.0 1.0 0.0 0.16 32.0 255.0 1.0 0.0 0.03 0.06 0.0 0.0 0.0 0.0
0.0 354.0 571.0 0.0 0.0 0.0 0.0 0.0 0.0 0.0 0.0 0.0 0.0 0.0 0.0 7.0 7.0 0.0 0.0 0.0 0.0 1.0 0.0 0.0 7.0 255.0 1.0 0.0 0.14 0.07 0.0 0.0 0.0 0.0
0.0 230.0 1000.0 0.0 0.0 0.0 0.0 0.0 0.0 0.0 0.0 0.0 0.0 0.0 0.0 3.0 3.0 0.0 0.0 0.0 0.0 1.0 0.0 0.0 17.0 255.0 1.0 0.0 0.06 0.07 0.0 0.0 0.0 0.0
0.0 273.0 588.0 0.0 0.0 0.0 0.0 0.0 0.0 0.0 0.0 0.0 0.0 0.0 0.0 6.0 18.0 0.0 0.0 0.0 0.0 1.0 0.0 0.17 27.0 255.0 1.0 0.0 0.04 0.07 0.0 0.0 0.0 0.0
0.0 221.0 1179.0 0.0 0.0 0.0 0.0 0.0 0.0 0.0 0.0 0.0 0.0 0.0 0.0 2.0 2.0 0.0 0.0 0.0 0.0 1.0 0.0 0.0 9.0 255.0 1.0 0.0 0.11 0.07 0.0 0.0 0.0 0.0
0.0 303.0 15121.0 0.0 0.0 0.0 0.0 0.0 0.0 0.0 0.0 0.0 0.0 0.0 0.0 6.0 6.0 0.0 0.0 0.0 0.0 1.0 0.0 0.0 19.0 255.0 1.0 0.0 0.05 0.07 0.0 0.0 0.0 0.0
0.0 195.0 770.0 0.0 0.0 0.0 0.0 0.0 0.0 0.0 0.0 0.0 0.0 0.0 0.0 1.0 1.0 0.0 0.0 0.0 0.0 1.0 0.0 0.0 29.0 255.0 1.0 0.0 0.03 0.07 0.0 0.0 0.0 0.0
0.0 235.0 7003.0 0.0 0.0 0.0 0.0 0.0 0.0 0.0 0.0 0.0 0.0 0.0 0.0 3.0 3.0 0.0 0.0 0.0 0.0 1.0 0.0 0.0 39.0 255.0 1.0 0.0 0.03 0.07 0.0 0.0 0.0 0.0
0.0 190.0 500.0 0.0 0.0 0.0 0.0 0.0 0.0 0.0 0.0 0.0 0.0 0.0 0.0 1.0 10.0 0.0 0.0 0.0 0.0 1.0 0.0 0.3 49.0 255.0 1.0 0.0 0.02 0.07 0.0 0.0 0.0 0.0
0.0 146.0 2564.0 0.0 0.0 0.0 0.0 0.0 0.0 0.0 0.0 0.0 0.0 0.0 0.0 1.0 1.0 0.0 0.0 0.0 0.0 1.0 0.0 0.0 1.0 255.0 1.0 0.0 1.0 0.07 0.0 0.0 0.0 0.0
0.0 211.0 14270.0 0.0 0.0 0.0 0.0 0.0 0.0 0.0 0.0 0.0 0.0 0.0 0.0 7.0 13.0 0.0 0.0 0.0 0.0 1.0 0.0 0.23 11.0 255.0 1.0 0.0 0.09 0.06 0.0 0.0 0.0 0.0
0.0 156.0 9097.0 0.0 0.0 0.0 0.0 0.0 0.0 0.0 0.0 0.0 0.0 0.0 0.0 1.0 6.0 0.0 0.0 0.0 0.0 1.0 0.0 0.33 21.0 255.0 1.0 0.0 0.05 0.06 0.0 0.0 0.0 0.0
0.0 210.0 6709.0 0.0 0.0 0.0 0.0 0.0 0.0 0.0 0.0 0.0 0.0 0.0 0.0 2.0 38.0 0.0 0.0 0.0 0.0 1.0 0.0 0.11 31.0 255.0 1.0 0.0 0.03 0.05 0.0 0.0 0.0 0.0
0.0 211.0 12397.0 0.0 0.0 0.0 0.0 0.0 0.0 0.0 0.0 0.0 0.0 0.0 0.0 5.0 5.0 0.0 0.0 0.0 0.0 1.0 0.0 0.0 41.0 255.0 1.0 0.0 0.02 0.05 0.0 0.0 0.0 0.0
0.0 316.0 10755.0 0.0 0.0 0.0 0.0 0.0 0.0 0.0 0.0 0.0 0.0 0.0 0.0 2.0 2.0 0.5 0.5 0.0 0.0 1.0 0.0 0.0 51.0 255.0 1.0 0.0 0.02 0.04 0.02 0.01 0.0 0.0
0.0 328.0 12397.0 0.0 0.0 0.0 0.0 0.0 0.0 0.0 0.0 0.0 0.0 0.0 0.0 8.0 8.0 0.0 0.0 0.0 0.0 1.0 0.0 0.0 61.0 255.0 1.0 0.0 0.02 0.04 0.02 0.01 0.0 0.0
0.0 324.0 4150.0 0.0 0.0 0.0 0.0 0.0 0.0 0.0 0.0 0.0 0.0 0.0 0.0 2.0 2.0 0.0 0.0 0.0 0.0 1.0 0.0 0.0 71.0 255.0 1.0 0.0 0.01 0.03 0.01 0.01 0.0 0.0
0.0 327.0 6709.0 0.0 0.0 0.0 0.0 0.0 0.0 0.0 0.0 0.0 0.0 0.0 0.0 3.0 3.0 0.0 0.0 0.0 0.0 1.0 0.0 0.0 81.0 255.0 1.0 0.0 0.01 0.03 0.01 0.0 0.0 0.0
0.0 328.0 14270.0 0.0 0.0 0.0 0.0 0.0 0.0 0.0 0.0 0.0 0.0 0.0 0.0 6.0 6.0 0.0 0.0 0.0 0.0 1.0 0.0 0.0 91.0 255.0 1.0 0.0 0.01 0.03 0.01 0.0 0.0 0.0
0.0 206.0 1537.0 0.0 0.0 0.0 0.0 0.0 0.0 0.0 0.0 0.0 0.0 0.0 0.0 3.0 12.0 0.0 0.0 0.0 0.0 1.0 0.0 0.17 3.0 255.0 1.0 0.0 0.33 0.04 0.0 0.0 0.0 0.0
0.0 199.0 1058.0 0.0 0.0 0.0 0.0 0.0 0.0 0.0 0.0 0.0 0.0 0.0 0.0 13.0 22.0 0.0 0.0 0.0 0.0 1.0 0.0 0.09 13.0 255.0 1.0 0.0 0.08 0.04 0.0 0.0 0.0 0.0
0.0 197.0 895.0 0.0 0.0 0.0 0.0 0.0 0.0 0.0 0.0 0.0 0.0 0.0 0.0 23.0 32.0 0.0 0.0 0.0 0.0 1.0 0.0 0.06 23.0 255.0 1.0 0.0 0.04 0.03 0.0 0.0 0.0 0.0
0.0 206.0 854.0 0.0 0.0 0.0 0.0 0.0 0.0 0.0 0.0 0.0 0.0 0.0 0.0 6.0 6.0 0.0 0.0 0.0 0.0 1.0 0.0 0.0 33.0 255.0 1.0 0.0 0.03 0.03 0.0 0.0 0.0 0.0
0.0 228.0 6753.0 0.0 0.0 0.0 0.0 0.0 0.0 0.0 0.0 0.0 0.0 0.0 0.0 3.0 3.0 0.0 0.0 0.0 0.0 1.0 0.0 0.0 3.0 255.0 1.0 0.0 0.33 0.03 0.0 0.0 0.0 0.0
0.0 181.0 10582.0 0.0 0.0 0.0 0.0 0.0 0.0 0.0 0.0 0.0 0.0 0.0 0.0 2.0 2.0 0.0 0.0 0.0 0.0 1.0 0.0 0.0 13.0 255.0 1.0 0.0 0.08 0.03 0.0 0.0 0.0 0.0
0.0 239.0 355.0 0.0 0.0 0.0 0.0 0.0 0.0 0.0 0.0 0.0 0.0 0.0 0.0 1.0 1.0 0.0 0.0 0.0 0.0 1.0 0.0 0.0 23.0 255.0 1.0 0.0 0.04 0.03 0.0 0.0 0.0 0.0
0.0 184.0 1857.0 0.0 0.0 0.0 0.0 0.0 0.0 0.0 0.0 0.0 0.0 0.0 0.0 6.0 6.0 0.0 0.0 0.0 0.0 1.0 0.0 0.0 6.0 255.0 1.0 0.0 0.17 0.03 0.0 0.0 0.0 0.0
0.0 240.0 34492.0 0.0 0.0 0.0 0.0 0.0 0.0 0.0 0.0 0.0 0.0 0.0 0.0 16.0 16.0 0.0 0.0 0.0 0.0 1.0 0.0 0.0 16.0 255.0 1.0 0.0 0.06 0.03 0.0 0.0 0.0 0.0
0.0 322.0 2131.0 0.0 0.0 0.0 0.0 0.0 0.0 0.0 0.0 0.0 0.0 0.0 0.0 7.0 7.0 0.0 0.0 0.0 0.0 1.0 0.0 0.0 26.0 255.0 1.0 0.0 0.04 0.03 0.0 0.0 0.0 0.0
0.0 314.0 15150.0 0.0 0.0 0.0 0.0 0.0 0.0 0.0 0.0 0.0 0.0 0.0 0.0 17.0 17.0 0.0 0.0 0.0 0.0 1.0 0.0 0.0 36.0 255.0 1.0 0.0 0.03 0.03 0.0 0.0 0.0 0.0
0.0 167.0 1857.0 0.0 0.0 0.0 0.0 0.0 0.0 0.0 0.0 0.0 0.0 0.0 0.0 7.0 7.0 0.0 0.0 0.0 0.0 1.0 0.0 0.0 46.0 255.0 1.0 0.0 0.02 0.03 0.0 0.0 0.0 0.0
0.0 228.0 1068.0 0.0 0.0 0.0 0.0 0.0 0.0 0.0 0.0 0.0 0.0 0.0 0.0 17.0 17.0 0.0 0.0 0.0 0.0 1.0 0.0 0.0 56.0 255.0 1.0 0.0 0.02 0.03 0.0 0.0 0.0 0.0
0.0 163.0 3575.0 0.0 0.0 0.0 0.0 0.0 0.0 0.0 0.0 0.0 0.0 0.0 0.0 7.0 31.0 0.0 0.0 0.0 0.0 1.0 0.0 0.06 66.0 255.0 1.0 0.0 0.02 0.03 0.0 0.0 0.0 0.0
0.0 237.0 3590.0 0.0 0.0 0.0 0.0 0.0 0.0 0.0 0.0 0.0 0.0 0.0 0.0 17.0 41.0 0.0 0.0 0.0 0.0 1.0 0.0 0.05 76.0 255.0 1.0 0.0 0.01 0.03 0.0 0.0 0.0 0.0
0.0 247.0 2659.0 0.0 0.0 0.0 0.0 0.0 0.0 0.0 0.0 0.0 0.0 0.0 0.0 7.0 8.0 0.0 0.0 0.0 0.0 1.0 0.0 0.25 86.0 255.0 1.0 0.0 0.01 0.03 0.0 0.0 0.0 0.0
0.0 259.0 3064.0 0.0 0.0 0.0 0.0 0.0 0.0 0.0 0.0 0.0 0.0 0.0 0.0 9.0 9.0 0.0 0.0 0.0 0.0 1.0 0.0 0.0 96.0 255.0 1.0 0.0 0.01 0.02 0.0 0.0 0.0 0.0
0.0 286.0 379.0 0.0 0.0 0.0 0.0 0.0 0.0 0.0 0.0 0.0 0.0 0.0 0.0 4.0 4.0 0.0 0.0 0.0 0.0 1.0 0.0 0.0 4.0 255.0 1.0 0.0 0.25 0.03 0.0 0.0 0.0 0.0
0.0 284.0 4486.0 0.0 0.0 0.0 0.0 0.0 0.0 0.0 0.0 0.0 0.0 0.0 0.0 14.0 19.0 0.0 0.0 0.0 0.0 1.0 0.0 0.11 14.0 255.0 1.0 0.0 0.07 0.03 0.0 0.0 0.0 0.0
0.0 305.0 504.0 0.0 0.0 0.0 0.0 0.0 0.0 0.0 0.0 0.0 0.0 0.0 0.0 10.0 16.0 0.0 0.0 0.0 0.0 1.0 0.0 0.12 10.0 255.0 1.0 0.0 0.1 0.04 0.0 0.0 0.0 0.0
0.0 319.0 298.0 0.0 0.0 0.0 0.0 0.0 0.0 0.0 0.0 0.0 0.0 0.0 0.0 9.0 10.0 0.0 0.0 0.0 0.0 1.0 0.0 0.2 20.0 255.0 1.0 0.0 0.05 0.04 0.0 0.0 0.0 0.0
0.0 234.0 18800.0 0.0 0.0 0.0 0.0 0.0 0.0 0.0 0.0 0.0 0.0 0.0 0.0 1.0 2.0 0.0 0.0 0.0 0.0 1.0 0.0 1.0 1.0 255.0 1.0 0.0 1.0 0.05 0.0 0.0 0.0 0.0
0.0 283.0 293.0 0.0 0.0 0.0 0.0 0.0 0.0 0.0 0.0 0.0 0.0 0.0 0.0 9.0 10.0 0.0 0.0 0.0 0.0 1.0 0.0 0.2 11.0 255.0 1.0 0.0 0.09 0.05 0.0 0.0 0.0 0.0
0.0 290.0 10616.0 0.0 0.0 0.0 0.0 0.0 0.0 0.0 0.0 0.0 0.0 0.0 0.0 3.0 4.0 0.0 0.0 0.0 0.0 1.0 0.0 0.5 21.0 255.0 1.0 0.0 0.05 0.05 0.0 0.0 0.0 0.0
0.0 285.0 1260.0 0.0 0.0 0.0 0.0 0.0 0.0 0.0 0.0 0.0 0.0 0.0 0.0 2.0 3.0 0.0 0.0 0.0 0.0 1.0 0.0 0.67 31.0 255.0 1.0 0.0 0.03 0.05 0.0 0.0 0.0 0.0
0.0 289.0 3459.0 0.0 0.0 0.0 0.0 0.0 0.0 0.0 0.0 0.0 0.0 0.0 0.0 2.0 2.0 0.0 0.0 0.0 0.0 1.0 0.0 0.0 2.0 255.0 1.0 0.0 0.5 0.05 0.0 0.0 0.0 0.0
0.0 220.0 2777.0 0.0 0.0 0.0 0.0 0.0 0.0 0.0 0.0 0.0 0.0 0.0 0.0 2.0 3.0 0.0 0.0 0.0 0.0 1.0 0.0 0.67 2.0 255.0 1.0 0.0 0.5 0.05 0.0 0.0 0.0 0.0
0.0 290.0 1722.0 0.0 0.0 0.0 0.0 0.0 0.0 0.0 0.0 0.0 0.0 0.0 0.0 1.0 6.0 0.0 0.0 0.0 0.0 1.0 0.0 0.33 12.0 255.0 1.0 0.0 0.08 0.05 0.0 0.0 0.0 0.0
0.0 217.0 777.0 0.0 0.0 0.0 0.0 0.0 0.0 0.0 0.0 0.0 0.0 0.0 0.0 5.0 6.0 0.0 0.0 0.0 0.0 1.0 0.0 0.33 22.0 255.0 1.0 0.0 0.05 0.05 0.0 0.0 0.0 0.0
0.0 203.0 2777.0 0.0 0.0 0.0 0.0 0.0 0.0 0.0 0.0 0.0 0.0 0.0 0.0 5.0 5.0 0.0 0.0 0.0 0.0 1.0 0.0 0.0 32.0 255.0 1.0 0.0 0.03 0.05 0.0 0.0 0.0 0.0
0.0 221.0 1364.0 0.0 0.0 0.0 0.0 0.0 0.0 0.0 0.0 0.0 0.0 0.0 0.0 2.0 3.0 0.0 0.0 0.0 0.0 1.0 0.0 0.67 2.0 255.0 1.0 0.0 0.5 0.05 0.0 0.0 0.0 0.0
0.0 210.0 1997.0 0.0 0.0 0.0 0.0 0.0 0.0 0.0 0.0 0.0 0.0 0.0 0.0 2.0 8.0 0.0 0.0 0.0 0.0 1.0 0.0 0.5 12.0 255.0 1.0 0.0 0.08 0.05 0.0 0.0 0.0 0.0
0.0 151.0 120.0 0.0 0.0 0.0 0.0 0.0 0.0 0.0 0.0 0.0 0.0 0.0 0.0 1.0 1.0 0.0 0.0 0.0 0.0 1.0 0.0 0.0 4.0 255.0 1.0 0.0 0.25 0.05 0.0 0.0 0.0 0.0
0.0 294.0 1222.0 0.0 0.0 0.0 0.0 0.0 0.0 0.0 0.0 0.0 0.0 0.0 0.0 3.0 3.0 0.0 0.0 0.0 0.0 1.0 0.0 0.0 5.0 255.0 1.0 0.0 0.2 0.06 0.0 0.0 0.0 0.0
0.0 145.0 7977.0 0.0 0.0 0.0 0.0 0.0 0.0 0.0 0.0 0.0 0.0 0.0 0.0 1.0 19.0 0.0 0.0 0.0 0.0 1.0 0.0 0.26 15.0 255.0 1.0 0.0 0.07 0.06 0.0 0.0 0.0 0.0
0.0 217.0 1222.0 0.0 0.0 0.0 0.0 0.0 0.0 0.0 0.0 0.0 0.0 0.0 0.0 4.0 4.0 0.0 0.0 0.0 0.0 1.0 0.0 0.0 25.0 255.0 1.0 0.0 0.04 0.06 0.0 0.0 0.0 0.0
0.0 294.0 1415.0 0.0 0.0 0.0 0.0 0.0 0.0 0.0 0.0 0.0 0.0 0.0 0.0 7.0 9.0 0.0 0.0 0.0 0.0 1.0 0.0 0.22 7.0 255.0 1.0 0.0 0.14 0.06 0.0 0.0 0.0 0.0
0.0 298.0 1658.0 0.0 0.0 0.0 0.0 0.0 0.0 0.0 0.0 0.0 0.0 0.0 0.0 2.0 2.0 0.0 0.0 0.0 0.0 1.0 0.0 0.0 17.0 255.0 1.0 0.0 0.06 0.06 0.0 0.0 0.0 0.0
0.0 305.0 353.0 0.0 0.0 0.0 0.0 0.0 0.0 0.0 0.0 0.0 0.0 0.0 0.0 12.0 12.0 0.0 0.0 0.0 0.0 1.0 0.0 0.0 27.0 255.0 1.0 0.0 0.04 0.06 0.0 0.0 0.0 0.0
0.0 192.0 6163.0 0.0 0.0 0.0 0.0 0.0 0.0 0.0 0.0 0.0 0.0 0.0 0.0 6.0 6.0 0.0 0.0 0.0 0.0 1.0 0.0 0.0 6.0 255.0 1.0 0.0 0.17 0.07 0.0 0.0 0.0 0.0
0.0 218.0 12073.0 0.0 0.0 0.0 0.0 0.0 0.0 0.0 0.0 0.0 0.0 0.0 0.0 4.0 4.0 0.0 0.0 0.0 0.0 1.0 0.0 0.0 16.0 255.0 1.0 0.0 0.06 0.07 0.0 0.0 0.0 0.0
0.0 244.0 11939.0 0.0 0.0 0.0 0.0 0.0 0.0 0.0 0.0 0.0 0.0 0.0 0.0 5.0 5.0 0.0 0.0 0.0 0.0 1.0 0.0 0.0 26.0 255.0 1.0 0.0 0.04 0.07 0.0 0.0 0.0 0.0
0.0 241.0 12606.0 0.0 0.0 0.0 0.0 0.0 0.0 0.0 0.0 0.0 0.0 0.0 0.0 4.0 4.0 0.0 0.0 0.0 0.0 1.0 0.0 0.0 36.0 255.0 1.0 0.0 0.03 0.07 0.0 0.0 0.0 0.0
0.0 233.0 3636.0 0.0 0.0 0.0 0.0 0.0 0.0 0.0 0.0 0.0 0.0 0.0 0.0 5.0 5.0 0.0 0.0 0.0 0.0 1.0 0.0 0.0 46.0 255.0 1.0 0.0 0.02 0.06 0.0 0.0 0.0 0.0
0.0 294.0 12789.0 0.0 0.0 0.0 0.0 0.0 0.0 0.0 0.0 0.0 0.0 0.0 0.0 3.0 14.0 0.0 0.0 0.0 0.0 1.0 0.0 0.21 56.0 255.0 1.0 0.0 0.02 0.06 0.0 0.0 0.0 0.0
0.0 305.0 8505.0 0.0 0.0 0.0 0.0 0.0 0.0 0.0 0.0 0.0 0.0 0.0 0.0 4.0 4.0 0.0 0.0 0.0 0.0 1.0 0.0 0.0 66.0 255.0 1.0 0.0 0.02 0.06 0.0 0.0 0.0 0.0
0.0 261.0 8006.0 0.0 0.0 0.0 0.0 0.0 0.0 0.0 0.0 0.0 0.0 0.0 0.0 3.0 46.0 0.0 0.0 0.0 0.0 1.0 0.0 0.07 76.0 255.0 1.0 0.0 0.01 0.05 0.0 0.0 0.0 0.0
0.0 191.0 1600.0 0.0 0.0 0.0 0.0 0.0 0.0 0.0 0.0 0.0 0.0 0.0 0.0 4.0 5.0 0.0 0.0 0.0 0.0 1.0 0.0 0.4 4.0 255.0 1.0 0.0 0.25 0.05 0.0 0.0 0.0 0.0
0.0 208.0 5684.0 0.0 0.0 0.0 0.0 0.0 0.0 0.0 0.0 0.0 0.0 0.0 0.0 4.0 4.0 0.0 0.0 0.0 0.0 1.0 0.0 0.0 14.0 255.0 1.0 0.0 0.07 0.05 0.0 0.0 0.0 0.0
0.0 213.0 12236.0 0.0 0.0 0.0 0.0 0.0 0.0 0.0 0.0 0.0 0.0 0.0 0.0 4.0 4.0 0.0 0.0 0.0 0.0 1.0 0.0 0.0 24.0 255.0 1.0 0.0 0.04 0.05 0.0 0.0 0.0 0.0
0.0 205.0 5683.0 0.0 0.0 0.0 0.0 0.0 0.0 0.0 0.0 0.0 0.0 0.0 0.0 5.0 5.0 0.0 0.0 0.0 0.0 1.0 0.0 0.0 5.0 255.0 1.0 0.0 0.2 0.06 0.0 0.0 0.0 0.0
0.0 159.0 14995.0 0.0 0.0 0.0 0.0 0.0 0.0 0.0 0.0 0.0 0.0 0.0 0.0 1.0 1.0 0.0 0.0 0.0 0.0 1.0 0.0 0.0 15.0 255.0 1.0 0.0 0.07 0.05 0.0 0.0 0.0 0.0
0.0 199.0 291.0 0.0 0.0 0.0 0.0 0.0 0.0 0.0 0.0 0.0 0.0 0.0 0.0 7.0 7.0 0.0 0.0 0.0 0.0 1.0 0.0 0.0 25.0 255.0 1.0 0.0 0.04 0.05 0.0 0.0 0.0 0.0
0.0 217.0 291.0 0.0 0.0 0.0 0.0 0.0 0.0 0.0 0.0 0.0 0.0 0.0 0.0 1.0 1.0 0.0 0.0 0.0 0.0 1.0 0.0 0.0 35.0 255.0 1.0 0.0 0.03 0.05 0.0 0.0 0.0 0.0
0.0 215.0 292.0 0.0 0.0 0.0 0.0 0.0 0.0 0.0 0.0 0.0 0.0 0.0 0.0 11.0 11.0 0.0 0.0 0.0 0.0 1.0 0.0 0.0 45.0 255.0 1.0 0.0 0.02 0.05 0.0 0.0 0.0 0.0
0.0 221.0 345.0 0.0 0.0 0.0 0.0 0.0 0.0 0.0 0.0 0.0 0.0 0.0 0.0 2.0 19.0 0.0 0.0 0.0 0.0 1.0 0.0 0.11 55.0 255.0 1.0 0.0 0.02 0.04 0.0 0.0 0.0 0.0
0.0 211.0 361.0 0.0 0.0 0.0 0.0 0.0 0.0 0.0 0.0 0.0 0.0 0.0 0.0 12.0 29.0 0.0 0.0 0.0 0.0 1.0 0.0 0.07 65.0 255.0 1.0 0.0 0.02 0.04 0.0 0.0 0.0 0.0
0.0 194.0 361.0 0.0 0.0 0.0 0.0 0.0 0.0 0.0 0.0 0.0 0.0 0.0 0.0 4.0 4.0 0.0 0.0 0.0 0.0 1.0 0.0 0.0 75.0 255.0 1.0 0.0 0.01 0.04 0.0 0.0 0.0 0.0
0.0 204.0 345.0 0.0 0.0 0.0 0.0 0.0 0.0 0.0 0.0 0.0 0.0 0.0 0.0 14.0 14.0 0.0 0.0 0.0 0.0 1.0 0.0 0.0 85.0 255.0 1.0 0.0 0.01 0.03 0.0 0.0 0.0 0.0
0.0 335.0 251.0 0.0 0.0 0.0 0.0 0.0 0.0 0.0 0.0 0.0 0.0 0.0 0.0 3.0 3.0 0.0 0.0 0.0 0.0 1.0 0.0 0.0 3.0 255.0 1.0 0.0 0.33 0.04 0.0 0.0 0.0 0.0
0.0 334.0 259.0 0.0 0.0 0.0 0.0 0.0 0.0 0.0 0.0 0.0 0.0 0.0 0.0 3.0 5.0 0.0 0.0 0.0 0.0 1.0 0.0 0.6 13.0 255.0 1.0 0.0 0.08 0.04 0.0 0.0 0.0 0.0
0.0 223.0 1534.0 0.0 0.0 0.0 0.0 0.0 0.0 0.0 0.0 0.0 0.0 0.0 0.0 3.0 3.0 0.0 0.0 0.0 0.0 1.0 0.0 0.0 23.0 255.0 1.0 0.0 0.04 0.03 0.0 0.0 0.0 0.0
0.0 217.0 312.0 0.0 0.0 0.0 0.0 0.0 0.0 0.0 0.0 0.0 0.0 0.0 0.0 13.0 14.0 0.0 0.0 0.0 0.0 1.0 0.0 0.14 33.0 255.0 1.0 0.0 0.03 0.03 0.0 0.0 0.0 0.0
0.0 223.0 12161.0 0.0 0.0 0.0 0.0 0.0 0.0 0.0 0.0 0.0 0.0 0.0 0.0 1.0 2.0 0.0 0.0 0.0 0.0 1.0 0.0 1.0 2.0 255.0 1.0 0.0 0.5 0.04 0.0 0.0 0.0 0.0
0.0 219.0 674.0 0.0 0.0 0.0 0.0 0.0 0.0 0.0 0.0 0.0 0.0 0.0 0.0 10.0 11.0 0.0 0.0 0.0 0.0 1.0 0.0 0.18 10.0 255.0 1.0 0.0 0.1 0.04 0.0 0.0 0.0 0.0
0.0 214.0 1532.0 0.0 0.0 0.0 0.0 0.0 0.0 0.0 0.0 0.0 0.0 0.0 0.0 20.0 21.0 0.0 0.0 0.0 0.0 1.0 0.0 0.1 20.0 255.0 1.0 0.0 0.05 0.04 0.0 0.0 0.0 0.0
0.0 203.0 777.0 0.0 0.0 0.0 0.0 0.0 0.0 0.0 0.0 0.0 0.0 0.0 0.0 2.0 2.0 0.0 0.0 0.0 0.0 1.0 0.0 0.0 30.0 255.0 1.0 0.0 0.03 0.04 0.0 0.0 0.0 0.0
0.0 200.0 827.0 0.0 0.0 0.0 0.0 0.0 0.0 0.0 0.0 0.0 0.0 0.0 0.0 12.0 13.0 0.0 0.0 0.0 0.0 1.0 0.0 0.15 40.0 255.0 1.0 0.0 0.03 0.04 0.0 0.0 0.0 0.0
0.0 202.0 658.0 0.0 0.0 0.0 0.0 0.0 0.0 0.0 0.0 0.0 0.0 0.0 0.0 22.0 24.0 0.0 0.0 0.0 0.0 1.0 0.0 0.12 50.0 255.0 1.0 0.0 0.02 0.04 0.0 0.0 0.0 0.0
0.0 207.0 496.0 0.0 0.0 0.0 0.0 0.0 0.0 0.0 0.0 0.0 0.0 0.0 0.0 7.0 7.0 0.0 0.0 0.0 0.0 1.0 0.0 0.0 7.0 255.0 1.0 0.0 0.14 0.04 0.0 0.0 0.0 0.0
0.0 193.0 613.0 0.0 0.0 0.0 0.0 0.0 0.0 0.0 0.0 0.0 0.0 0.0 0.0 17.0 17.0 0.0 0.0 0.0 0.0 1.0 0.0 0.0 17.0 255.0 1.0 0.0 0.06 0.04 0.0 0.0 0.0 0.0
0.0 203.0 267.0 0.0 0.0 0.0 0.0 0.0 0.0 0.0 0.0 0.0 0.0 0.0 0.0 3.0 10.0 0.0 0.0 0.0 0.0 1.0 0.0 0.2 27.0 255.0 1.0 0.0 0.04 0.04 0.0 0.0 0.0 0.0
0.0 279.0 4426.0 0.0 0.0 0.0 0.0 0.0 0.0 0.0 0.0 0.0 0.0 0.0 0.0 9.0 9.0 0.0 0.0 0.0 0.0 1.0 0.0 0.0 9.0 255.0 1.0 0.0 0.11 0.04 0.0 0.0 0.0 0.0
0.0 318.0 5326.0 0.0 0.0 0.0 0.0 0.0 0.0 0.0 0.0 0.0 0.0 0.0 0.0 1.0 1.0 0.0 0.0 0.0 0.0 1.0 0.0 0.0 1.0 255.0 1.0 0.0 1.0 0.05 0.0 0.0 0.0 0.0
0.0 317.0 6599.0 0.0 0.0 0.0 0.0 0.0 0.0 0.0 0.0 0.0 0.0 0.0 0.0 11.0 11.0 0.0 0.0 0.0 0.0 1.0 0.0 0.0 11.0 255.0 1.0 0.0 0.09 0.05 0.0 0.0 0.0 0.0
0.0 201.0 6387.0 0.0 0.0 0.0 0.0 0.0 0.0 0.0 0.0 0.0 0.0 0.0 0.0 9.0 9.0 0.0 0.0 0.0 0.0 1.0 0.0 0.0 21.0 255.0 1.0 0.0 0.05 0.04 0.0 0.0 0.0 0.0
0.0 152.0 5238.0 0.0 0.0 0.0 0.0 0.0 0.0 0.0 0.0 0.0 0.0 0.0 0.0 7.0 11.0 0.0 0.0 0.0 0.0 1.0 0.0 0.18 31.0 255.0 1.0 0.0 0.03 0.04 0.0 0.0 0.0 0.0
0.0 211.0 5565.0 0.0 0.0 0.0 0.0 0.0 0.0 0.0 0.0 0.0 0.0 0.0 0.0 5.0 5.0 0.0 0.0 0.0 0.0 1.0 0.0 0.0 41.0 255.0 1.0 0.0 0.02 0.04 0.0 0.0 0.0 0.0
0.0 221.0 5565.0 0.0 0.0 0.0 0.0 0.0 0.0 0.0 0.0 0.0 0.0 0.0 0.0 3.0 18.0 0.0 0.0 0.0 0.0 1.0 0.0 0.17 51.0 255.0 1.0 0.0 0.02 0.04 0.0 0.0 0.0 0.0
0.0 192.0 1286.0 0.0 0.0 0.0 0.0 0.0 0.0 0.0 0.0 0.0 0.0 0.0 0.0 1.0 1.0 0.0 0.0 0.0 0.0 1.0 0.0 0.0 1.0 255.0 1.0 0.0 1.0 0.04 0.0 0.0 0.0 0.0
0.0 208.0 2201.0 0.0 0.0 0.0 0.0 0.0 0.0 0.0 0.0 0.0 0.0 0.0 0.0 1.0 1.0 0.0 0.0 0.0 0.0 1.0 0.0 0.0 11.0 255.0 1.0 0.0 0.09 0.04 0.0 0.0 0.0 0.0
0.0 207.0 5434.0 0.0 0.0 0.0 0.0 0.0 0.0 0.0 0.0 0.0 0.0 0.0 0.0 11.0 11.0 0.0 0.0 0.0 0.0 1.0 0.0 0.0 21.0 255.0 1.0 0.0 0.05 0.04 0.0 0.0 0.0 0.0
0.0 212.0 1821.0 0.0 0.0 0.0 0.0 0.0 0.0 0.0 0.0 0.0 0.0 0.0 0.0 6.0 6.0 0.0 0.0 0.0 0.0 1.0 0.0 0.0 31.0 255.0 1.0 0.0 0.03 0.04 0.0 0.0 0.0 0.0
0.0 224.0 2221.0 0.0 0.0 0.0 0.0 0.0 0.0 0.0 0.0 0.0 0.0 0.0 0.0 6.0 6.0 0.0 0.0 0.0 0.0 1.0 0.0 0.0 41.0 255.0 1.0 0.0 0.02 0.04 0.0 0.0 0.0 0.0
0.0 239.0 8075.0 0.0 0.0 0.0 0.0 0.0 0.0 0.0 0.0 0.0 0.0 0.0 0.0 1.0 1.0 0.0 0.0 0.0 0.0 1.0 0.0 0.0 1.0 255.0 1.0 0.0 1.0 0.04 0.0 0.0 0.0 0.0
0.0 296.0 549.0 0.0 0.0 0.0 0.0 0.0 0.0 0.0 0.0 0.0 0.0 0.0 0.0 11.0 11.0 0.0 0.0 0.0 0.0 1.0 0.0 0.0 11.0 255.0 1.0 0.0 0.09 0.04 0.0 0.0 0.0 0.0
