0.0 240.0 284.0 0.0 0.0 0.0 0.0 0.0 0.0 0.0 0.0 0.0 0.0 0.0 0.0 18.0 19.0 0.0 0.0 0.0 0.0 1.0 0.0 0.11 255.0 255.0 1.0 0.0 0.0 0.0 0.0 0.0 0.0 0.0
0.0 240.0 4438.0 0.0 0.0 0.0 0.0 0.0 0.0 0.0 0.0 0.0 0.0 0.0 0.0 28.0 29.0 0.0 0.0 0.0 0.0 1.0 0.0 0.07 255.0 255.0 1.0 0.0 0.0 0.0 0.0 0.0 0.0 0.0
0.0 310.0 3567.0 0.0 0.0 0.0 0.0 0.0 0.0 0.0 0.0 0.0 0.0 0.0 0.0 4.0 4.0 0.0 0.0 0.0 0.0 1.0 0.0 0.0 255.0 255.0 1.0 0.0 0.0 0.0 0.0 0.0 0.0 0.0
0.0 312.0 934.0 0.0 0.0 0.0 0.0 0.0 0.0 0.0 0.0 0.0 0.0 0.0 0.0 14.0 14.0 0.0 0.0 0.0 0.0 1.0 0.0 0.0 255.0 255.0 1.0 0.0 0.0 0.0 0.0 0.0 0.0 0.0
0.0 296.0 369.0 0.0 0.0 0.0 0.0 0.0 0.0 0.0 0.0 0.0 0.0 0.0 0.0 6.0 6.0 0.0 0.0 0.0 0.0 1.0 0.0 0.0 255.0 255.0 1.0 0.0 0.0 0.0 0.0 0.0 0.0 0.0
0.0 307.0 839.0 0.0 0.0 0.0 0.0 0.0 0.0 0.0 0.0 0.0 0.0 0.0 0.0 16.0 16.0 0.0 0.0 0.0 0.0 1.0 0.0 0.0 255.0 255.0 1.0 0.0 0.0 0.0 0.0 0.0 0.0 0.0
0.0 307.0 702.0 0.0 0.0 0.0 0.0 0.0 0.0 0.0 0.0 0.0 0.0 0.0 0.0 26.0 26.0 0.0 0.0 0.0 0.0 1.0 0.0 0.0 255.0 255.0 1.0 0.0 0.0 0.0 0.0 0.0 0.0 0.0
0.0 293.0 421.0 0.0 0.0 0.0 0.0 0.0 0.0 0.0 0.0 0.0 0.0 0.0 0.0 36.0 36.0 0.0 0.0 0.0 0.0 1.0 0.0 0.0 255.0 255.0 1.0 0.0 0.0 0.0 0.0 0.0 0.0 0.0
0.0 311.0 10378.0 0.0 0.0 0.0 0.0 0.0 0.0 0.0 0.0 0.0 0.0 0.0 0.0 41.0 41.0 0.0 0.0 0.0 0.0 1.0 0.0 0.0 255.0 255.0 1.0 0.0 0.0 0.0 0.0 0.0 0.0 0.0
0.0 309.0 398.0 0.0 0.0 0.0 0.0 0.0 0.0 0.0 0.0 0.0 0.0 0.0 0.0 51.0 51.0 0.0 0.0 0.0 0.0 1.0 0.0 0.0 255.0 255.0 1.0 0.0 0.0 0.0 0.0 0.0 0.0 0.0
0.0 304.0 6606.0 0.0 0.0 0.0 0.0 0.0 0.0 0.0 0.0 0.0 0.0 0.0 0.0 10.0 41.0 0.0 0.0 0.0 0.0 1.0 0.0 0.05 255.0 255.0 1.0 0.0 0.0 0.0 0.0 0.0 0.0 0.0
0.0 301.0 7764.0 0.0 0.0 0.0 0.0 0.0 0.0 0.0 0.0 0.0 0.0 0.0 0.0 20.0 51.0 0.0 0.0 0.0 0.0 1.0 0.0 0.04 255.0 255.0 1.0 0.0 0.0 0.0 0.0 0.0 0.0 0.0
0.0 301.0 6659.0 0.0 0.0 0.0 0.0 0.0 0.0 0.0 0.0 0.0 0.0 0.0 0.0 30.0 61.0 0.0 0.0 0.0 0.0 1.0 0.0 0.03 255.0 255.0 1.0 0.0 0.0 0.0 0.0 0.0 0.0 0.0
0.0 326.0 398.0 0.0 0.0 0.0 0.0 0.0 0.0 0.0 0.0 0.0 0.0 0.0 0.0 2.0 2.0 0.0 0.0 0.0 0.0 1.0 0.0 0.0 255.0 255.0 1.0 0.0 0.0 0.0 0.0 0.0 0.0 0.0
0.0 326.0 398.0 0.0 0.0 0.0 0.0 0.0 0.0 0.0 0.0 0.0 0.0 0.0 0.0 2.0 28.0 0.0 0.0 0.0 0.0 1.0 0.0 0.14 255.0 255.0 1.0 0.0 0.0 0.0 0.0 0.0 0.0 0.0
0.0 238.0 398.0 0.0 0.0 0.0 0.0 0.0 0.0 0.0 0.0 0.0 0.0 0.0 0.0 2.0 2.0 0.0 0.0 0.0 0.0 1.0 0.0 0.0 255.0 255.0 1.0 0.0 0.0 0.0 0.0 0.0 0.0 0.0
0.0 240.0 488.0 0.0 0.0 0.0 0.0 0.0 0.0 0.0 0.0 0.0 0.0 0.0 0.0 12.0 12.0 0.0 0.0 0.0 0.0 1.0 0.0 0.0 255.0 255.0 1.0 0.0 0.0 0.0 0.0 0.0 0.0 0.0
0.0 237.0 406.0 0.0 0.0 0.0 0.0 0.0 0.0 0.0 0.0 0.0 0.0 0.0 0.0 4.0 27.0 0.0 0.0 0.0 0.0 1.0 0.0 0.07 255.0 255.0 1.0 0.0 0.0 0.0 0.0 0.0 0.0 0.0
0.0 243.0 9284.0 0.0 0.0 0.0 0.0 0.0 0.0 0.0 0.0 0.0 0.0 0.0 0.0 14.0 48.0 0.0 0.0 0.0 0.0 1.0 0.0 0.04 255.0 255.0 1.0 0.0 0.0 0.0 0.0 0.0 0.0 0.0
0.0 227.0 792.0 0.0 0.0 0.0 0.0 0.0 0.0 0.0 0.0 0.0 0.0 0.0 0.0 6.0 8.0 0.0 0.0 0.0 0.0 1.0 0.0 0.25 255.0 255.0 1.0 0.0 0.01 0.0 0.0 0.0 0.0 0.0
0.0 227.0 526.0 0.0 0.0 0.0 0.0 0.0 0.0 0.0 0.0 0.0 0.0 0.0 0.0 16.0 18.0 0.0 0.0 0.0 0.0 1.0 0.0 0.11 255.0 255.0 1.0 0.0 0.0 0.0 0.0 0.0 0.0 0.0
0.0 227.0 686.0 0.0 0.0 0.0 0.0 0.0 0.0 0.0 0.0 0.0 0.0 0.0 0.0 26.0 28.0 0.0 0.0 0.0 0.0 1.0 0.0 0.07 255.0 255.0 1.0 0.0 0.0 0.0 0.0 0.0 0.0 0.0
0.0 229.0 6912.0 0.0 0.0 0.0 0.0 0.0 0.0 0.0 0.0 0.0 0.0 0.0 0.0 36.0 38.0 0.0 0.0 0.0 0.0 1.0 0.0 0.05 255.0 255.0 1.0 0.0 0.0 0.0 0.0 0.0 0.0 0.0
0.0 227.0 384.0 0.0 0.0 0.0 0.0 0.0 0.0 0.0 0.0 0.0 0.0 0.0 0.0 7.0 8.0 0.0 0.0 0.0 0.0 1.0 0.0 0.25 255.0 255.0 1.0 0.0 0.01 0.0 0.0 0.0 0.0 0.0
0.0 230.0 2138.0 0.0 0.0 0.0 0.0 0.0 0.0 0.0 0.0 0.0 0.0 0.0 0.0 17.0 18.0 0.0 0.0 0.0 0.0 1.0 0.0 0.11 255.0 255.0 1.0 0.0 0.0 0.0 0.0 0.0 0.0 0.0
0.0 229.0 711.0 0.0 0.0 0.0 0.0 0.0 0.0 0.0 0.0 0.0 0.0 0.0 0.0 27.0 28.0 0.0 0.0 0.0 0.0 1.0 0.0 0.07 255.0 255.0 1.0 0.0 0.0 0.0 0.0 0.0 0.0 0.0
0.0 242.0 608.0 0.0 0.0 0.0 0.0 0.0 0.0 0.0 0.0 0.0 0.0 0.0 0.0 37.0 38.0 0.0 0.0 0.0 0.0 1.0 0.0 0.05 255.0 255.0 1.0 0.0 0.0 0.0 0.0 0.0 0.0 0.0
0.0 249.0 608.0 0.0 0.0 0.0 0.0 0.0 0.0 0.0 0.0 0.0 0.0 0.0 0.0 8.0 8.0 0.0 0.0 0.0 0.0 1.0 0.0 0.0 255.0 255.0 1.0 0.0 0.0 0.0 0.0 0.0 0.0 0.0
0.0 237.0 370.0 0.0 0.0 0.0 0.0 0.0 0.0 0.0 0.0 0.0 0.0 0.0 0.0 8.0 8.0 0.0 0.0 0.0 0.0 1.0 0.0 0.0 255.0 255.0 1.0 0.0 0.0 0.0 0.0 0.0 0.0 0.0
0.0 246.0 1451.0 0.0 0.0 0.0 0.0 0.0 0.0 0.0 0.0 0.0 0.0 0.0 0.0 18.0 18.0 0.0 0.0 0.0 0.0 1.0 0.0 0.0 255.0 255.0 1.0 0.0 0.0 0.0 0.0 0.0 0.0 0.0
0.0 221.0 276.0 0.0 0.0 0.0 0.0 0.0 0.0 0.0 0.0 0.0 0.0 0.0 0.0 10.0 11.0 0.0 0.0 0.0 0.0 1.0 0.0 0.18 255.0 255.0 1.0 0.0 0.0 0.0 0.0 0.0 0.0 0.0
0.0 236.0 726.0 0.0 0.0 0.0 0.0 0.0 0.0 0.0 0.0 0.0 0.0 0.0 0.0 20.0 29.0 0.0 0.0 0.0 0.0 1.0 0.0 0.14 255.0 255.0 1.0 0.0 0.0 0.0 0.0 0.0 0.0 0.0
0.0 240.0 397.0 0.0 0.0 0.0 0.0 0.0 0.0 0.0 0.0 0.0 0.0 0.0 0.0 1.0 1.0 0.0 0.0 0.0 0.0 1.0 0.0 0.0 255.0 255.0 1.0 0.0 0.0 0.0 0.0 0.0 0.0 0.0
0.0 239.0 3567.0 0.0 0.0 0.0 0.0 0.0 0.0 0.0 0.0 0.0 0.0 0.0 0.0 11.0 18.0 0.0 0.0 0.0 0.0 1.0 0.0 0.11 255.0 255.0 1.0 0.0 0.0 0.0 0.0 0.0 0.0 0.0
0.0 264.0 406.0 0.0 0.0 0.0 0.0 0.0 0.0 0.0 0.0 0.0 0.0 0.0 0.0 3.0 3.0 0.0 0.0 0.0 0.0 1.0 0.0 0.0 255.0 255.0 1.0 0.0 0.0 0.0 0.0 0.0 0.0 0.0
0.0 257.0 276.0 0.0 0.0 0.0 0.0 0.0 0.0 0.0 0.0 0.0 0.0 0.0 0.0 13.0 13.0 0.0 0.0 0.0 0.0 1.0 0.0 0.0 255.0 255.0 1.0 0.0 0.0 0.0 0.0 0.0 0.0 0.0
0.0 354.0 398.0 0.0 0.0 0.0 0.0 0.0 0.0 0.0 0.0 0.0 0.0 0.0 0.0 4.0 4.0 0.0 0.0 0.0 0.0 1.0 0.0 0.0 255.0 255.0 1.0 0.0 0.0 0.0 0.0 0.0 0.0 0.0
0.0 299.0 1928.0 0.0 0.0 0.0 0.0 0.0 0.0 0.0 0.0 0.0 0.0 0.0 0.0 4.0 4.0 0.0 0.0 0.0 0.0 1.0 0.0 0.0 255.0 255.0 1.0 0.0 0.0 0.0 0.0 0.0 0.0 0.0
0.0 314.0 397.0 0.0 0.0 0.0 0.0 0.0 0.0 0.0 0.0 0.0 0.0 0.0 0.0 14.0 14.0 0.0 0.0 0.0 0.0 1.0 0.0 0.0 255.0 255.0 1.0 0.0 0.0 0.0 0.0 0.0 0.0 0.0
0.0 312.0 976.0 0.0 0.0 0.0 0.0 0.0 0.0 0.0 0.0 0.0 0.0 0.0 0.0 24.0 24.0 0.0 0.0 0.0 0.0 1.0 0.0 0.0 255.0 255.0 1.0 0.0 0.0 0.0 0.0 0.0 0.0 0.0
0.0 214.0 479.0 0.0 0.0 0.0 0.0 0.0 0.0 0.0 0.0 0.0 0.0 0.0 0.0 5.0 5.0 0.0 0.0 0.0 0.0 1.0 0.0 0.0 255.0 255.0 1.0 0.0 0.0 0.0 0.0 0.0 0.0 0.0
0.0 217.0 489.0 0.0 0.0 0.0 0.0 0.0 0.0 0.0 0.0 0.0 0.0 0.0 0.0 15.0 15.0 0.0 0.0 0.0 0.0 1.0 0.0 0.0 255.0 255.0 1.0 0.0 0.0 0.0 0.0 0.0 0.0 0.0
0.0 219.0 1434.0 0.0 0.0 0.0 0.0 0.0 0.0 0.0 0.0 0.0 0.0 0.0 0.0 25.0 25.0 0.0 0.0 0.0 0.0 1.0 0.0 0.0 255.0 255.0 1.0 0.0 0.0 0.0 0.0 0.0 0.0 0.0
0.0 244.0 370.0 0.0 0.0 0.0 0.0 0.0 0.0 0.0 0.0 0.0 0.0 0.0 0.0 3.0 3.0 0.0 0.0 0.0 0.0 1.0 0.0 0.0 255.0 255.0 1.0 0.0 0.0 0.0 0.0 0.0 0.0 0.0
0.0 336.0 370.0 0.0 0.0 0.0 0.0 0.0 0.0 0.0 0.0 0.0 0.0 0.0 0.0 2.0 2.0 0.0 0.0 0.0 0.0 1.0 0.0 0.0 255.0 255.0 1.0 0.0 0.0 0.0 0.0 0.0 0.0 0.0
0.0 341.0 1481.0 0.0 0.0 0.0 0.0 0.0 0.0 0.0 0.0 0.0 0.0 0.0 0.0 12.0 12.0 0.0 0.0 0.0 0.0 1.0 0.0 0.0 255.0 255.0 1.0 0.0 0.0 0.0 0.0 0.0 0.0 0.0
0.0 363.0 398.0 0.0 0.0 0.0 0.0 0.0 0.0 0.0 0.0 0.0 0.0 0.0 0.0 5.0 5.0 0.0 0.0 0.0 0.0 1.0 0.0 0.0 255.0 255.0 1.0 0.0 0.0 0.0 0.0 0.0 0.0 0.0
0.0 356.0 8373.0 0.0 0.0 0.0 0.0 0.0 0.0 0.0 0.0 0.0 0.0 0.0 0.0 15.0 15.0 0.0 0.0 0.0 0.0 1.0 0.0 0.0 255.0 255.0 1.0 0.0 0.0 0.0 0.0 0.0 0.0 0.0
0.0 370.0 7333.0 0.0 0.0 0.0 0.0 0.0 0.0 0.0 0.0 0.0 0.0 0.0 0.0 25.0 25.0 0.0 0.0 0.0 0.0 1.0 0.0 0.0 255.0 255.0 1.0 0.0 0.0 0.0 0.0 0.0 0.0 0.0
0.0 306.0 309.0 0.0 0.0 0.0 0.0 0.0 0.0 0.0 0.0 0.0 0.0 0.0 0.0 3.0 3.0 0.0 0.0 0.0 0.0 1.0 0.0 0.0 255.0 255.0 1.0 0.0 0.0 0.0 0.0 0.0 0.0 0.0
0.0 308.0 3567.0 0.0 0.0 0.0 0.0 0.0 0.0 0.0 0.0 0.0 0.0 0.0 0.0 13.0 13.0 0.0 0.0 0.0 0.0 1.0 0.0 0.0 255.0 255.0 1.0 0.0 0.0 0.0 0.0 0.0 0.0 0.0
0.0 328.0 309.0 0.0 0.0 0.0 0.0 0.0 0.0 0.0 0.0 0.0 0.0 0.0 0.0 5.0 5.0 0.0 0.0 0.0 0.0 1.0 0.0 0.0 255.0 255.0 1.0 0.0 0.0 0.0 0.0 0.0 0.0 0.0
0.0 330.0 392.0 0.0 0.0 0.0 0.0 0.0 0.0 0.0 0.0 0.0 0.0 0.0 0.0 15.0 15.0 0.0 0.0 0.0 0.0 1.0 0.0 0.0 255.0 255.0 1.0 0.0 0.0 0.0 0.0 0.0 0.0 0.0
0.0 340.0 392.0 0.0 0.0 0.0 0.0 0.0 0.0 0.0 0.0 0.0 0.0 0.0 0.0 7.0 7.0 0.0 0.0 0.0 0.0 1.0 0.0 0.0 255.0 255.0 1.0 0.0 0.0 0.0 0.0 0.0 0.0 0.0
0.0 252.0 370.0 0.0 0.0 0.0 0.0 0.0 0.0 0.0 0.0 0.0 0.0 0.0 0.0 8.0 8.0 0.0 0.0 0.0 0.0 1.0 0.0 0.0 255.0 255.0 1.0 0.0 0.0 0.0 0.0 0.0 0.0 0.0
0.0 247.0 409.0 0.0 0.0 0.0 0.0 0.0 0.0 0.0 0.0 0.0 0.0 0.0 0.0 18.0 18.0 0.0 0.0 0.0 0.0 1.0 0.0 0.0 255.0 255.0 1.0 0.0 0.0 0.0 0.0 0.0 0.0 0.0
0.0 247.0 1437.0 0.0 0.0 0.0 0.0 0.0 0.0 0.0 0.0 0.0 0.0 0.0 0.0 28.0 29.0 0.0 0.0 0.0 0.0 1.0 0.0 0.07 255.0 255.0 1.0 0.0 0.0 0.0 0.0 0.0 0.0 0.0
0.0 224.0 1481.0 0.0 0.0 0.0 0.0 0.0 0.0 0.0 0.0 0.0 0.0 0.0 0.0 9.0 9.0 0.0 0.0 0.0 0.0 1.0 0.0 0.0 255.0 255.0 1.0 0.0 0.0 0.0 0.0 0.0 0.0 0.0
0.0 169.0 319.0 0.0 0.0 0.0 0.0 0.0 0.0 0.0 0.0 0.0 0.0 0.0 0.0 1.0 1.0 0.0 0.0 0.0 0.0 1.0 0.0 0.0 255.0 255.0 1.0 0.0 0.0 0.0 0.0 0.0 0.0 0.0
0.0 241.0 370.0 0.0 0.0 0.0 0.0 0.0 0.0 0.0 0.0 0.0 0.0 0.0 0.0 11.0 11.0 0.0 0.0 0.0 0.0 1.0 0.0 0.0 255.0 255.0 1.0 0.0 0.0 0.0 0.0 0.0 0.0 0.0
0.0 245.0 619.0 0.0 0.0 0.0 0.0 0.0 0.0 0.0 0.0 0.0 0.0 0.0 0.0 3.0 22.0 0.0 0.0 0.0 0.0 1.0 0.0 0.09 255.0 255.0 1.0 0.0 0.0 0.0 0.0 0.0 0.0 0.0
0.0 180.0 3251.0 0.0 0.0 0.0 0.0 0.0 0.0 0.0 0.0 0.0 0.0 0.0 0.0 1.0 1.0 0.0 0.0 0.0 0.0 1.0 0.0 0.0 255.0 255.0 1.0 0.0 0.0 0.0 0.0 0.0 0.0 0.0
0.0 309.0 488.0 0.0 0.0 0.0 0.0 0.0 0.0 0.0 0.0 0.0 0.0 0.0 0.0 10.0 10.0 0.0 0.0 0.0 0.0 1.0 0.0 0.0 255.0 255.0 1.0 0.0 0.0 0.0 0.0 0.0 0.0 0.0
0.0 302.0 6606.0 0.0 0.0 0.0 0.0 0.0 0.0 0.0 0.0 0.0 0.0 0.0 0.0 2.0 2.0 0.0 0.0 0.0 0.0 1.0 0.0 0.0 255.0 255.0 1.0 0.0 0.0 0.0 0.0 0.0 0.0 0.0
0.0 313.0 398.0 0.0 0.0 0.0 0.0 0.0 0.0 0.0 0.0 0.0 0.0 0.0 0.0 12.0 12.0 0.0 0.0 0.0 0.0 1.0 0.0 0.0 255.0 255.0 1.0 0.0 0.0 0.0 0.0 0.0 0.0 0.0
0.0 308.0 932.0 0.0 0.0 0.0 0.0 0.0 0.0 0.0 0.0 0.0 0.0 0.0 0.0 22.0 22.0 0.0 0.0 0.0 0.0 1.0 0.0 0.0 255.0 255.0 1.0 0.0 0.0 0.0 0.0 0.0 0.0 0.0
0.0 299.0 6659.0 0.0 0.0 0.0 0.0 0.0 0.0 0.0 0.0 0.0 0.0 0.0 0.0 32.0 32.0 0.0 0.0 0.0 0.0 1.0 0.0 0.0 255.0 255.0 1.0 0.0 0.0 0.0 0.0 0.0 0.0 0.0
0.0 310.0 934.0 0.0 0.0 0.0 0.0 0.0 0.0 0.0 0.0 0.0 0.0 0.0 0.0 4.0 4.0 0.0 0.0 0.0 0.0 1.0 0.0 0.0 255.0 255.0 1.0 0.0 0.0 0.0 0.0 0.0 0.0 0.0
0.0 315.0 1451.0 0.0 0.0 0.0 0.0 0.0 0.0 0.0 0.0 0.0 0.0 0.0 0.0 14.0 14.0 0.0 0.0 0.0 0.0 1.0 0.0 0.0 255.0 255.0 1.0 0.0 0.0 0.0 0.0 0.0 0.0 0.0
0.0 291.0 344.0 0.0 0.0 0.0 0.0 0.0 0.0 0.0 0.0 0.0 0.0 0.0 0.0 6.0 8.0 0.0 0.0 0.0 0.0 1.0 0.0 0.25 255.0 255.0 1.0 0.0 0.0 0.0 0.0 0.0 0.0 0.0
0.0 296.0 619.0 0.0 0.0 0.0 0.0 0.0 0.0 0.0 0.0 0.0 0.0 0.0 0.0 16.0 16.0 0.0 0.0 0.0 0.0 1.0 0.0 0.0 255.0 255.0 1.0 0.0 0.0 0.0 0.0 0.0 0.0 0.0
0.0 300.0 751.0 0.0 0.0 0.0 0.0 0.0 0.0 0.0 0.0 0.0 0.0 0.0 0.0 26.0 26.0 0.0 0.0 0.0 0.0 1.0 0.0 0.0 255.0 255.0 1.0 0.0 0.0 0.0 0.0 0.0 0.0 0.0
0.0 294.0 26928.0 0.0 0.0 0.0 0.0 0.0 0.0 0.0 0.0 0.0 0.0 0.0 0.0 36.0 37.0 0.0 0.0 0.0 0.0 1.0 0.0 0.05 255.0 255.0 1.0 0.0 0.0 0.0 0.0 0.0 0.0 0.0
0.0 325.0 392.0 0.0 0.0 0.0 0.0 0.0 0.0 0.0 0.0 0.0 0.0 0.0 0.0 8.0 11.0 0.0 0.0 0.0 0.0 1.0 0.0 0.36 255.0 255.0 1.0 0.0 0.0 0.0 0.0 0.0 0.0 0.0
0.0 323.0 453.0 0.0 0.0 0.0 0.0 0.0 0.0 0.0 0.0 0.0 0.0 0.0 0.0 8.0 8.0 0.0 0.0 0.0 0.0 1.0 0.0 0.0 255.0 255.0 1.0 0.0 0.0 0.0 0.0 0.0 0.0 0.0
0.0 229.0 1451.0 0.0 0.0 0.0 0.0 0.0 0.0 0.0 0.0 0.0 0.0 0.0 0.0 8.0 8.0 0.0 0.0 0.0 0.0 1.0 0.0 0.0 255.0 255.0 1.0 0.0 0.0 0.0 0.0 0.0 0.0 0.0
0.0 228.0 7333.0 0.0 0.0 0.0 0.0 0.0 0.0 0.0 0.0 0.0 0.0 0.0 0.0 18.0 18.0 0.0 0.0 0.0 0.0 1.0 0.0 0.0 255.0 255.0 1.0 0.0 0.0 0.0 0.0 0.0 0.0 0.0
0.0 219.0 608.0 0.0 0.0 0.0 0.0 0.0 0.0 0.0 0.0 0.0 0.0 0.0 0.0 9.0 9.0 0.0 0.0 0.0 0.0 1.0 0.0 0.0 255.0 255.0 1.0 0.0 0.0 0.0 0.0 0.0 0.0 0.0
0.0 234.0 959.0 0.0 0.0 0.0 0.0 0.0 0.0 0.0 0.0 0.0 0.0 0.0 0.0 1.0 1.0 0.0 0.0 0.0 0.0 1.0 0.0 0.0 255.0 255.0 1.0 0.0 0.0 0.0 0.0 0.0 0.0 0.0
0.0 229.0 1830.0 0.0 0.0 0.0 0.0 0.0 0.0 0.0 0.0 0.0 0.0 0.0 0.0 11.0 11.0 0.0 0.0 0.0 0.0 1.0 0.0 0.0 255.0 255.0 1.0 0.0 0.0 0.0 0.0 0.0 0.0 0.0
0.0 226.0 5361.0 0.0 0.0 0.0 0.0 0.0 0.0 0.0 0.0 0.0 0.0 0.0 0.0 21.0 21.0 0.0 0.0 0.0 0.0 1.0 0.0 0.0 255.0 255.0 1.0 0.0 0.0 0.0 0.0 0.0 0.0 0.0
0.0 398.0 686.0 0.0 0.0 0.0 0.0 0.0 0.0 0.0 0.0 0.0 0.0 0.0 0.0 1.0 15.0 0.0 0.0 0.0 0.0 1.0 0.0 0.2 2.0 255.0 1.0 0.0 0.5 0.01 0.0 0.0 0.0 0.0
0.0 306.0 9079.0 0.0 0.0 0.0 0.0 0.0 0.0 0.0 0.0 0.0 0.0 0.0 0.0 2.0 5.0 0.0 0.0 0.0 0.0 1.0 0.0 0.8 12.0 255.0 1.0 0.0 0.08 0.01 0.0 0.0 0.0 0.0
0.0 241.0 333.0 0.0 0.0 0.0 0.0 0.0 0.0 0.0 0.0 0.0 0.0 0.0 0.0 1.0 1.0 0.0 0.0 0.0 0.0 1.0 0.0 0.0 6.0 255.0 1.0 0.0 0.17 0.02 0.0 0.0 0.0 0.0
0.0 241.0 333.0 0.0 0.0 0.0 0.0 0.0 0.0 0.0 0.0 0.0 0.0 0.0 0.0 1.0 1.0 0.0 0.0 0.0 0.0 1.0 0.0 0.0 16.0 255.0 1.0 0.0 0.06 0.02 0.0 0.0 0.0 0.0
0.0 282.0 10853.0 0.0 0.0 0.0 0.0 0.0 0.0 0.0 0.0 0.0 0.0 0.0 0.0 2.0 2.0 0.0 0.0 0.0 0.0 1.0 0.0 0.0 10.0 255.0 1.0 0.0 0.1 0.02 0.0 0.0 0.0 0.0
0.0 246.0 14096.0 0.0 0.0 0.0 0.0 0.0 0.0 0.0 0.0 0.0 0.0 0.0 0.0 4.0 4.0 0.0 0.0 0.0 0.0 1.0 0.0 0.0 20.0 255.0 1.0 0.0 0.05 0.02 0.0 0.0 0.0 0.0
0.0 299.0 9864.0 0.0 0.0 0.0 0.0 0.0 0.0 0.0 0.0 0.0 0.0 0.0 0.0 14.0 20.0 0.0 0.0 0.0 0.0 1.0 0.0 0.1 30.0 255.0 1.0 0.0 0.03 0.02 0.0 0.0 0.0 0.0
0.0 297.0 15164.0 0.0 0.0 0.0 0.0 0.0 0.0 0.0 0.0 0.0 0.0 0.0 0.0 7.0 8.0 0.0 0.0 0.0 0.0 1.0 0.0 0.25 40.0 255.0 1.0 0.0 0.03 0.02 0.0 0.0 0.0 0.0
0.0 296.0 24342.0 0.0 0.0 0.0 0.0 0.0 0.0 0.0 0.0 0.0 0.0 0.0 0.0 17.0 18.0 0.0 0.0 0.0 0.0 1.0 0.0 0.11 50.0 255.0 1.0 0.0 0.02 0.02 0.0 0.0 0.0 0.0
0.0 198.0 1910.0 0.0 0.0 0.0 0.0 0.0 0.0 0.0 0.0 0.0 0.0 0.0 0.0 7.0 33.0 0.0 0.0 0.0 0.0 1.0 0.0 0.09 60.0 255.0 1.0 0.0 0.02 0.02 0.0 0.0 0.0 0.0
0.0 159.0 14324.0 0.0 0.0 0.0 0.0 0.0 0.0 0.0 0.0 0.0 0.0 0.0 0.0 1.0 1.0 0.0 0.0 0.0 0.0 1.0 0.0 0.0 70.0 255.0 1.0 0.0 0.01 0.02 0.0 0.0 0.0 0.0
0.0 217.0 22038.0 0.0 0.0 0.0 0.0 0.0 0.0 0.0 0.0 0.0 0.0 0.0 0.0 11.0 15.0 0.0 0.0 0.0 0.0 1.0 0.0 0.13 80.0 255.0 1.0 0.0 0.01 0.02 0.0 0.0 0.0 0.0
0.0 220.0 72748.0 0.0 0.0 0.0 0.0 0.0 0.0 0.0 0.0 0.0 0.0 0.0 0.0 4.0 4.0 0.0 0.0 0.0 0.0 1.0 0.0 0.0 90.0 255.0 1.0 0.0 0.01 0.02 0.0 0.0 0.0 0.0
0.0 219.0 22406.0 0.0 0.0 0.0 0.0 0.0 0.0 0.0 0.0 0.0 0.0 0.0 0.0 14.0 15.0 0.0 0.0 0.0 0.0 1.0 0.0 0.13 100.0 255.0 1.0 0.0 0.01 0.02 0.0 0.0 0.0 0.0
0.0 230.0 650.0 0.0 0.0 0.0 0.0 0.0 0.0 0.0 0.0 0.0 0.0 0.0 0.0 2.0 9.0 0.0 0.11 0.0 0.0 1.0 0.0 0.22 3.0 255.0 1.0 0.0 0.33 0.03 0.0 0.0 0.0 0.0
0.0 224.0 4760.0 0.0 0.0 0.0 0.0 0.0 0.0 0.0 0.0 0.0 0.0 0.0 0.0 1.0 14.0 0.0 0.0 0.0 0.0 1.0 0.0 0.29 13.0 255.0 1.0 0.0 0.08 0.03 0.0 0.0 0.0 0.0
0.0 231.0 1044.0 0.0 0.0 0.0 0.0 0.0 0.0 0.0 0.0 0.0 0.0 0.0 0.0 10.0 21.0 0.0 0.0 0.0 0.0 1.0 0.0 0.14 23.0 255.0 1.0 0.0 0.04 0.03 0.0 0.0 0.0 0.0
0.0 230.0 2829.0 0.0 0.0 0.0 0.0 0.0 0.0 0.0 0.0 0.0 0.0 0.0 0.0 9.0 19.0 0.0 0.0 0.0 0.0 1.0 0.0 0.16 33.0 255.0 1.0 0.0 0.03 0.03 0.0 0.0 0.0 0.0
0.0 215.0 2990.0 0.0 0.0 0.0 0.0 0.0 0.0 0.0 0.0 0.0 0.0 0.0 0.0 1.0 11.0 0.0 0.09 0.0 0.0 1.0 0.0 0.27 8.0 255.0 1.0 0.0 0.12 0.03 0.0 0.0 0.0 0.0
0.0 200.0 2629.0 0.0 0.0 0.0 0.0 0.0 0.0 0.0 0.0 0.0 0.0 0.0 0.0 4.0 16.0 0.0 0.0 0.0 0.0 1.0 0.0 0.25 18.0 255.0 1.0 0.0 0.06 0.03 0.0 0.0 0.0 0.0
0.0 231.0 3466.0 0.0 0.0 0.0 0.0 0.0 0.0 0.0 0.0 0.0 0.0 0.0 0.0 3.0 10.0 0.0 0.0 0.0 0.0 1.0 0.0 0.3 28.0 255.0 1.0 0.0 0.04 0.03 0.0 0.0 0.0 0.0
0.0 199.0 659.0 0.0 0.0 0.0 0.0 0.0 0.0 0.0 0.0 0.0 0.0 0.0 0.0 7.0 10.0 0.0 0.0 0.0 0.0 1.0 0.0 0.2 7.0 255.0 1.0 0.0 0.14 0.04 0.0 0.0 0.0 0.0
0.0 198.0 1939.0 0.0 0.0 0.0 0.0 0.0 0.0 0.0 0.0 0.0 0.0 0.0 0.0 8.0 11.0 0.0 0.0 0.0 0.0 1.0 0.0 0.36 17.0 255.0 1.0 0.0 0.06 0.04 0.0 0.0 0.0 0.0
0.0 199.0 1089.0 0.0 0.0 0.0 0.0 0.0 0.0 0.0 0.0 0.0 0.0 0.0 0.0 7.0 9.0 0.0 0.0 0.0 0.0 1.0 0.0 0.33 27.0 255.0 1.0 0.0 0.04 0.04 0.0 0.0 0.0 0.0
0.0 206.0 1036.0 0.0 0.0 0.0 0.0 0.0 0.0 0.0 0.0 0.0 0.0 0.0 0.0 17.0 29.0 0.0 0.0 0.0 0.0 1.0 0.0 0.14 37.0 255.0 1.0 0.0 0.03 0.04 0.0 0.0 0.0 0.0
0.0 285.0 5867.0 0.0 0.0 0.0 0.0 0.0 0.0 0.0 0.0 0.0 0.0 0.0 0.0 6.0 6.0 0.0 0.0 0.0 0.0 1.0 0.0 0.0 6.0 255.0 1.0 0.0 0.17 0.04 0.0 0.0 0.0 0.0
0.0 288.0 5033.0 0.0 0.0 0.0 0.0 0.0 0.0 0.0 0.0 0.0 0.0 0.0 0.0 16.0 16.0 0.0 0.0 0.0 0.0 1.0 0.0 0.0 16.0 255.0 1.0 0.0 0.06 0.04 0.0 0.0 0.0 0.0
0.0 278.0 443.0 0.0 0.0 0.0 0.0 0.0 0.0 0.0 0.0 0.0 0.0 0.0 0.0 3.0 3.0 0.0 0.0 0.0 0.0 1.0 0.0 0.0 26.0 255.0 1.0 0.0 0.04 0.03 0.0 0.0 0.0 0.0
0.0 288.0 5363.0 0.0 0.0 0.0 0.0 0.0 0.0 0.0 0.0 0.0 0.0 0.0 0.0 13.0 13.0 0.08 0.08 0.0 0.0 1.0 0.0 0.0 36.0 255.0 1.0 0.0 0.03 0.03 0.03 0.0 0.0 0.0
0.0 254.0 4984.0 0.0 0.0 0.0 0.0 0.0 0.0 0.0 0.0 0.0 0.0 0.0 0.0 6.0 6.0 0.0 0.0 0.0 0.0 1.0 0.0 0.0 46.0 255.0 1.0 0.0 0.02 0.03 0.02 0.0 0.0 0.0
0.0 293.0 15969.0 0.0 0.0 0.0 0.0 0.0 0.0 0.0 0.0 0.0 0.0 0.0 0.0 4.0 4.0 0.0 0.0 0.0 0.0 1.0 0.0 0.0 56.0 255.0 1.0 0.0 0.02 0.03 0.02 0.0 0.0 0.0
0.0 307.0 6299.0 0.0 0.0 0.0 0.0 0.0 0.0 0.0 0.0 0.0 0.0 0.0 0.0 4.0 4.0 0.0 0.0 0.0 0.0 1.0 0.0 0.0 8.0 255.0 1.0 0.0 0.12 0.03 0.0 0.01 0.0 0.0
0.0 178.0 4781.0 0.0 0.0 0.0 0.0 0.0 0.0 0.0 0.0 0.0 0.0 0.0 0.0 4.0 5.0 0.0 0.0 0.0 0.0 1.0 0.0 0.4 18.0 255.0 1.0 0.0 0.06 0.03 0.0 0.01 0.0 0.0
0.0 222.0 4170.0 0.0 0.0 0.0 0.0 0.0 0.0 0.0 0.0 0.0 0.0 0.0 0.0 3.0 11.0 0.0 0.27 0.0 0.0 1.0 0.0 0.27 28.0 255.0 1.0 0.0 0.04 0.03 0.0 0.01 0.0 0.0
0.0 301.0 4170.0 0.0 0.0 0.0 0.0 0.0 0.0 0.0 0.0 0.0 0.0 0.0 0.0 10.0 11.0 0.0 0.0 0.0 0.0 1.0 0.0 0.18 38.0 255.0 1.0 0.0 0.03 0.03 0.0 0.01 0.0 0.0
0.0 248.0 7588.0 0.0 0.0 0.0 0.0 0.0 0.0 0.0 0.0 0.0 0.0 0.0 0.0 2.0 2.0 0.0 0.0 0.0 0.0 1.0 0.0 0.0 6.0 255.0 1.0 0.0 0.17 0.04 0.0 0.01 0.0 0.0
0.0 230.0 11941.0 0.0 0.0 0.0 0.0 0.0 0.0 0.0 0.0 0.0 0.0 0.0 0.0 2.0 2.0 0.0 0.0 0.0 0.0 1.0 0.0 0.0 16.0 255.0 1.0 0.0 0.06 0.04 0.0 0.01 0.0 0.0
0.0 271.0 2666.0 0.0 0.0 0.0 0.0 0.0 0.0 0.0 0.0 0.0 0.0 0.0 0.0 12.0 12.0 0.0 0.0 0.0 0.0 1.0 0.0 0.0 26.0 255.0 1.0 0.0 0.04 0.04 0.0 0.01 0.0 0.0
0.0 278.0 2665.0 0.0 0.0 0.0 0.0 0.0 0.0 0.0 0.0 0.0 0.0 0.0 0.0 2.0 2.0 0.0 0.0 0.0 0.0 1.0 0.0 0.0 36.0 255.0 1.0 0.0 0.03 0.04 0.0 0.01 0.0 0.0
0.0 281.0 2666.0 0.0 0.0 0.0 0.0 0.0 0.0 0.0 0.0 0.0 0.0 0.0 0.0 12.0 18.0 0.0 0.0 0.0 0.0 1.0 0.0 0.11 46.0 255.0 1.0 0.0 0.02 0.04 0.0 0.01 0.0 0.0
0.0 281.0 17777.0 0.0 0.0 0.0 0.0 0.0 0.0 0.0 0.0 0.0 0.0 0.0 0.0 7.0 7.0 0.0 0.0 0.0 0.0 1.0 0.0 0.0 7.0 255.0 1.0 0.0 0.14 0.03 0.0 0.01 0.0 0.0
0.0 332.0 624.0 0.0 0.0 0.0 0.0 0.0 0.0 0.0 0.0 0.0 0.0 0.0 0.0 1.0 3.0 0.0 0.0 0.0 0.0 1.0 0.0 0.67 7.0 255.0 1.0 0.0 0.14 0.04 0.0 0.01 0.0 0.0
0.0 294.0 294.0 0.0 0.0 0.0 0.0 0.0 0.0 0.0 0.0 0.0 0.0 0.0 0.0 10.0 10.0 0.0 0.0 0.0 0.0 1.0 0.0 0.0 10.0 255.0 1.0 0.0 0.1 0.04 0.0 0.01 0.0 0.0
0.0 217.0 10384.0 0.0 0.0 0.0 0.0 0.0 0.0 0.0 0.0 0.0 0.0 0.0 0.0 2.0 2.0 0.0 0.0 0.0 0.0 1.0 0.0 0.0 20.0 255.0 1.0 0.0 0.05 0.04 0.0 0.01 0.0 0.0
0.0 209.0 798.0 0.0 0.0 0.0 0.0 0.0 0.0 0.0 0.0 0.0 0.0 0.0 0.0 12.0 12.0 0.0 0.0 0.0 0.0 1.0 0.0 0.0 30.0 255.0 1.0 0.0 0.03 0.04 0.0 0.01 0.0 0.0
0.0 207.0 3451.0 0.0 0.0 0.0 0.0 0.0 0.0 0.0 0.0 0.0 0.0 0.0 0.0 3.0 3.0 0.0 0.0 0.0 0.0 1.0 0.0 0.0 40.0 255.0 1.0 0.0 0.03 0.04 0.0 0.01 0.0 0.0
0.0 207.0 956.0 0.0 0.0 0.0 0.0 0.0 0.0 0.0 0.0 0.0 0.0 0.0 0.0 13.0 13.0 0.0 0.0 0.0 0.0 1.0 0.0 0.0 50.0 255.0 1.0 0.0 0.02 0.03 0.0 0.01 0.0 0.0
0.0 288.0 1376.0 0.0 0.0 0.0 0.0 0.0 0.0 0.0 0.0 0.0 0.0 0.0 0.0 5.0 5.0 0.0 0.0 0.0 0.0 1.0 0.0 0.0 60.0 255.0 1.0 0.0 0.02 0.03 0.0 0.01 0.0 0.0
0.0 288.0 940.0 0.0 0.0 0.0 0.0 0.0 0.0 0.0 0.0 0.0 0.0 0.0 0.0 15.0 15.0 0.0 0.0 0.0 0.0 1.0 0.0 0.0 70.0 255.0 1.0 0.0 0.01 0.03 0.0 0.01 0.0 0.0
0.0 298.0 10384.0 0.0 0.0 0.0 0.0 0.0 0.0 0.0 0.0 0.0 0.0 0.0 0.0 6.0 28.0 0.0 0.0 0.0 0.0 1.0 0.0 0.07 80.0 255.0 1.0 0.0 0.01 0.03 0.0 0.01 0.0 0.0
0.0 288.0 2055.0 0.0 0.0 0.0 0.0 0.0 0.0 0.0 0.0 0.0 0.0 0.0 0.0 16.0 38.0 0.0 0.0 0.0 0.0 1.0 0.0 0.05 90.0 255.0 1.0 0.0 0.01 0.02 0.0 0.01 0.0 0.0
0.0 291.0 303.0 0.0 0.0 0.0 0.0 0.0 0.0 0.0 0.0 0.0 0.0 0.0 0.0 8.0 8.0 0.0 0.0 0.0 0.0 1.0 0.0 0.0 100.0 255.0 1.0 0.0 0.01 0.02 0.0 0.01 0.0 0.0
0.0 288.0 1376.0 0.0 0.0 0.0 0.0 0.0 0.0 0.0 0.0 0.0 0.0 0.0 0.0 18.0 18.0 0.0 0.0 0.0 0.0 1.0 0.0 0.0 110.0 255.0 1.0 0.0 0.01 0.02 0.0 0.01 0.0 0.0
0.0 215.0 2055.0 0.0 0.0 0.0 0.0 0.0 0.0 0.0 0.0 0.0 0.0 0.0 0.0 10.0 14.0 0.0 0.0 0.0 0.0 1.0 0.0 0.21 120.0 255.0 1.0 0.0 0.01 0.02 0.0 0.01 0.0 0.0
0.0 198.0 619.0 0.0 0.0 0.0 0.0 0.0 0.0 0.0 0.0 0.0 0.0 0.0 0.0 2.0 2.0 0.0 0.0 0.0 0.0 1.0 0.0 0.0 130.0 255.0 1.0 0.0 0.01 0.02 0.0 0.0 0.0 0.0
0.0 288.0 588.0 0.0 0.0 0.0 0.0 0.0 0.0 0.0 0.0 0.0 0.0 0.0 0.0 10.0 10.0 0.0 0.0 0.0 0.0 1.0 0.0 0.0 140.0 255.0 1.0 0.0 0.01 0.02 0.0 0.0 0.0 0.0
0.0 206.0 1214.0 0.0 0.0 0.0 0.0 0.0 0.0 0.0 0.0 0.0 0.0 0.0 0.0 2.0 2.0 0.0 0.0 0.0 0.0 1.0 0.0 0.0 150.0 255.0 1.0 0.0 0.01 0.02 0.0 0.0 0.0 0.0
0.0 210.0 10384.0 0.0 0.0 0.0 0.0 0.0 0.0 0.0 0.0 0.0 0.0 0.0 0.0 12.0 12.0 0.0 0.0 0.0 0.0 1.0 0.0 0.0 160.0 255.0 1.0 0.0 0.01 0.02 0.0 0.0 0.0 0.0
0.0 180.0 816.0 0.0 0.0 0.0 0.0 0.0 0.0 0.0 0.0 0.0 0.0 0.0 0.0 2.0 2.0 0.0 0.0 0.0 0.0 1.0 0.0 0.0 170.0 255.0 1.0 0.0 0.01 0.02 0.0 0.0 0.0 0.0
0.0 221.0 294.0 0.0 0.0 0.0 0.0 0.0 0.0 0.0 0.0 0.0 0.0 0.0 0.0 10.0 10.0 0.0 0.0 0.0 0.0 1.0 0.0 0.0 180.0 255.0 1.0 0.0 0.01 0.02 0.0 0.0 0.0 0.0
0.0 164.0 34027.0 0.0 0.0 0.0 0.0 0.0 0.0 0.0 0.0 0.0 0.0 0.0 0.0 1.0 2.0 0.0 0.0 0.0 0.0 1.0 0.0 1.0 190.0 255.0 1.0 0.0 0.01 0.02 0.0 0.0 0.0 0.0
0.0 218.0 303.0 0.0 0.0 0.0 0.0 0.0 0.0 0.0 0.0 0.0 0.0 0.0 0.0 11.0 12.0 0.0 0.0 0.0 0.0 1.0 0.0 0.17 200.0 255.0 1.0 0.0 0.0 0.02 0.0 0.0 0.0 0.0
0.0 288.0 3451.0 0.0 0.0 0.0 0.0 0.0 0.0 0.0 0.0 0.0 0.0 0.0 0.0 3.0 8.0 0.0 0.0 0.0 0.0 1.0 0.0 0.25 210.0 255.0 1.0 0.0 0.0 0.02 0.0 0.0 0.0 0.0
0.0 288.0 597.0 0.0 0.0 0.0 0.0 0.0 0.0 0.0 0.0 0.0 0.0 0.0 0.0 13.0 18.0 0.0 0.0 0.0 0.0 1.0 0.0 0.11 220.0 255.0 1.0 0.0 0.0 0.02 0.0 0.0 0.0 0.0
0.0 216.0 283.0 0.0 0.0 0.0 0.0 0.0 0.0 0.0 0.0 0.0 0.0 0.0 0.0 3.0 3.0 0.0 0.0 0.0 0.0 1.0 0.0 0.0 230.0 255.0 1.0 0.0 0.0 0.02 0.0 0.0 0.0 0.0
0.0 217.0 597.0 0.0 0.0 0.0 0.0 0.0 0.0 0.0 0.0 0.0 0.0 0.0 0.0 13.0 13.0 0.0 0.0 0.0 0.0 1.0 0.0 0.0 240.0 255.0 1.0 0.0 0.0 0.01 0.0 0.0 0.0 0.0
0.0 291.0 303.0 0.0 0.0 0.0 0.0 0.0 0.0 0.0 0.0 0.0 0.0 0.0 0.0 3.0 14.0 0.0 0.0 0.0 0.0 1.0 0.0 0.14 250.0 255.0 1.0 0.0 0.0 0.01 0.0 0.0 0.0 0.0
0.0 288.0 1376.0 0.0 0.0 0.0 0.0 0.0 0.0 0.0 0.0 0.0 0.0 0.0 0.0 13.0 24.0 0.0 0.0 0.0 0.0 1.0 0.0 0.08 255.0 255.0 1.0 0.0 0.0 0.0 0.0 0.0 0.0 0.0
0.0 219.0 798.0 0.0 0.0 0.0 0.0 0.0 0.0 0.0 0.0 0.0 0.0 0.0 0.0 5.0 12.0 0.0 0.0 0.0 0.0 1.0 0.0 0.17 255.0 255.0 1.0 0.0 0.0 0.0 0.0 0.0 0.0 0.0
0.0 217.0 288.0 0.0 0.0 0.0 0.0 0.0 0.0 0.0 0.0 0.0 0.0 0.0 0.0 15.0 22.0 0.0 0.0 0.0 0.0 1.0 0.0 0.09 255.0 255.0 1.0 0.0 0.0 0.0 0.0 0.0 0.0 0.0
0.0 217.0 2055.0 0.0 0.0 0.0 0.0 0.0 0.0 0.0 0.0 0.0 0.0 0.0 0.0 5.0 5.0 0.0 0.0 0.0 0.0 1.0 0.0 0.0 255.0 255.0 1.0 0.0 0.0 0.0 0.0 0.0 0.0 0.0
0.0 217.0 597.0 0.0 0.0 0.0 0.0 0.0 0.0 0.0 0.0 0.0 0.0 0.0 0.0 14.0 14.0 0.0 0.0 0.0 0.0 1.0 0.0 0.0 255.0 255.0 1.0 0.0 0.0 0.0 0.0 0.0 0.0 0.0
0.0 215.0 2055.0 0.0 0.0 0.0 0.0 0.0 0.0 0.0 0.0 0.0 0.0 0.0 0.0 3.0 3.0 0.0 0.0 0.0 0.0 1.0 0.0 0.0 255.0 255.0 1.0 0.0 0.0 0.0 0.0 0.0 0.0 0.0
0.0 215.0 292.0 0.0 0.0 0.0 0.0 0.0 0.0 0.0 0.0 0.0 0.0 0.0 0.0 13.0 13.0 0.0 0.0 0.0 0.0 1.0 0.0 0.0 255.0 255.0 1.0 0.0 0.0 0.0 0.0 0.0 0.0 0.0
0.0 199.0 588.0 0.0 0.0 0.0 0.0 0.0 0.0 0.0 0.0 0.0 0.0 0.0 0.0 5.0 5.0 0.0 0.0 0.0 0.0 1.0 0.0 0.0 255.0 255.0 1.0 0.0 0.0 0.0 0.0 0.0 0.0 0.0
0.0 201.0 798.0 0.0 0.0 0.0 0.0 0.0 0.0 0.0 0.0 0.0 0.0 0.0 0.0 14.0 14.0 0.0 0.0 0.0 0.0 1.0 0.0 0.0 255.0 255.0 1.0 0.0 0.0 0.0 0.0 0.0 0.0 0.0
0.0 322.0 1214.0 0.0 0.0 0.0 0.0 0.0 0.0 0.0 0.0 0.0 0.0 0.0 0.0 7.0 22.0 0.0 0.0 0.0 0.0 1.0 0.0 0.14 255.0 255.0 1.0 0.0 0.0 0.0 0.0 0.0 0.0 0.0
0.0 319.0 303.0 0.0 0.0 0.0 0.0 0.0 0.0 0.0 0.0 0.0 0.0 0.0 0.0 16.0 36.0 0.0 0.0 0.0 0.0 1.0 0.0 0.08 255.0 255.0 1.0 0.0 0.0 0.0 0.0 0.0 0.0 0.0
0.0 316.0 1376.0 0.0 0.0 0.0 0.0 0.0 0.0 0.0 0.0 0.0 0.0 0.0 0.0 8.0 8.0 0.0 0.0 0.0 0.0 1.0 0.0 0.0 255.0 255.0 1.0 0.0 0.0 0.0 0.0 0.0 0.0 0.0
0.0 148.0 34027.0 0.0 0.0 0.0 0.0 0.0 0.0 0.0 0.0 0.0 0.0 0.0 0.0 1.0 1.0 0.0 0.0 0.0 0.0 1.0 0.0 0.0 255.0 255.0 1.0 0.0 0.0 0.0 0.0 0.0 0.0 0.0
0.0 199.0 292.0 0.0 0.0 0.0 0.0 0.0 0.0 0.0 0.0 0.0 0.0 0.0 0.0 11.0 11.0 0.0 0.0 0.0 0.0 1.0 0.0 0.0 255.0 255.0 1.0 0.0 0.0 0.0 0.0 0.0 0.0 0.0
0.0 199.0 940.0 0.0 0.0 0.0 0.0 0.0 0.0 0.0 0.0 0.0 0.0 0.0 0.0 2.0 2.0 0.0 0.0 0.0 0.0 1.0 0.0 0.0 255.0 255.0 1.0 0.0 0.0 0.0 0.0 0.0 0.0 0.0
0.0 199.0 1376.0 0.0 0.0 0.0 0.0 0.0 0.0 0.0 0.0 0.0 0.0 0.0 0.0 11.0 11.0 0.0 0.0 0.0 0.0 1.0 0.0 0.0 255.0 255.0 1.0 0.0 0.0 0.0 0.0 0.0 0.0 0.0
0.0 223.0 1214.0 0.0 0.0 0.0 0.0 0.0 0.0 0.0 0.0 0.0 0.0 0.0 0.0 4.0 8.0 0.0 0.0 0.0 0.0 1.0 0.0 0.38 255.0 255.0 1.0 0.0 0.0 0.0 0.0 0.0 0.0 0.0
0.0 217.0 588.0 0.0 0.0 0.0 0.0 0.0 0.0 0.0 0.0 0.0 0.0 0.0 0.0 14.0 18.0 0.0 0.0 0.0 0.0 1.0 0.0 0.17 255.0 255.0 1.0 0.0 0.0 0.0 0.0 0.0 0.0 0.0
0.0 217.0 288.0 0.0 0.0 0.0 0.0 0.0 0.0 0.0 0.0 0.0 0.0 0.0 0.0 5.0 5.0 0.0 0.0 0.0 0.0 1.0 0.0 0.0 255.0 255.0 1.0 0.0 0.0 0.0 0.0 0.0 0.0 0.0
0.0 217.0 956.0 0.0 0.0 0.0 0.0 0.0 0.0 0.0 0.0 0.0 0.0 0.0 0.0 14.0 14.0 0.0 0.0 0.0 0.0 1.0 0.0 0.0 255.0 255.0 1.0 0.0 0.0 0.0 0.0 0.0 0.0 0.0
0.0 202.0 303.0 0.0 0.0 0.0 0.0 0.0 0.0 0.0 0.0 0.0 0.0 0.0 0.0 7.0 18.0 0.0 0.0 0.0 0.0 1.0 0.0 0.11 255.0 255.0 1.0 0.0 0.0 0.0 0.0 0.0 0.0 0.0
0.0 199.0 588.0 0.0 0.0 0.0 0.0 0.0 0.0 0.0 0.0 0.0 0.0 0.0 0.0 17.0 28.0 0.0 0.0 0.0 0.0 1.0 0.0 0.07 255.0 255.0 1.0 0.0 0.0 0.0 0.0 0.0 0.0 0.0
0.0 207.0 956.0 0.0 0.0 0.0 0.0 0.0 0.0 0.0 0.0 0.0 0.0 0.0 0.0 8.0 8.0 0.0 0.0 0.0 0.0 1.0 0.0 0.0 255.0 255.0 1.0 0.0 0.0 0.0 0.0 0.0 0.0 0.0
0.0 156.0 34027.0 0.0 0.0 0.0 0.0 0.0 0.0 0.0 0.0 0.0 0.0 0.0 0.0 1.0 1.0 0.0 0.0 0.0 0.0 1.0 0.0 0.0 255.0 255.0 1.0 0.0 0.0 0.0 0.0 0.0 0.0 0.0
0.0 207.0 597.0 0.0 0.0 0.0 0.0 0.0 0.0 0.0 0.0 0.0 0.0 0.0 0.0 10.0 10.0 0.0 0.0 0.0 0.0 1.0 0.0 0.0 255.0 255.0 1.0 0.0 0.0 0.0 0.0 0.0 0.0 0.0
0.0 209.0 10384.0 0.0 0.0 0.0 0.0 0.0 0.0 0.0 0.0 0.0 0.0 0.0 0.0 2.0 2.0 0.0 0.0 0.0 0.0 1.0 0.0 0.0 255.0 255.0 1.0 0.0 0.0 0.0 0.0 0.0 0.0 0.0
0.0 199.0 597.0 0.0 0.0 0.0 0.0 0.0 0.0 0.0 0.0 0.0 0.0 0.0 0.0 12.0 12.0 0.0 0.0 0.0 0.0 1.0 0.0 0.0 255.0 255.0 1.0 0.0 0.0 0.0 0.0 0.0 0.0 0.0
0.0 294.0 1214.0 0.0 0.0 0.0 0.0 0.0 0.0 0.0 0.0 0.0 0.0 0.0 0.0 3.0 3.0 0.0 0.0 0.0 0.0 1.0 0.0 0.0 255.0 255.0 1.0 0.0 0.01 0.0 0.0 0.0 0.0 0.0
0.0 291.0 303.0 0.0 0.0 0.0 0.0 0.0 0.0 0.0 0.0 0.0 0.0 0.0 0.0 13.0 13.0 0.0 0.0 0.0 0.0 1.0 0.0 0.0 255.0 255.0 1.0 0.0 0.0 0.0 0.0 0.0 0.0 0.0
0.0 294.0 1246.0 0.0 0.0 0.0 0.0 0.0 0.0 0.0 0.0 0.0 0.0 0.0 0.0 3.0 3.0 0.0 0.0 0.0 0.0 1.0 0.0 0.0 255.0 255.0 1.0 0.0 0.0 0.0 0.0 0.0 0.0 0.0
0.0 291.0 303.0 0.0 0.0 0.0 0.0 0.0 0.0 0.0 0.0 0.0 0.0 0.0 0.0 10.0 10.0 0.0 0.0 0.0 0.0 1.0 0.0 0.0 255.0 255.0 1.0 0.0 0.0 0.0 0.0 0.0 0.0 0.0
0.0 205.0 294.0 0.0 0.0 0.0 0.0 0.0 0.0 0.0 0.0 0.0 0.0 0.0 0.0 6.0 7.0 0.0 0.0 0.0 0.0 1.0 0.0 0.29 255.0 255.0 1.0 0.0 0.0 0.0 0.0 0.0 0.0 0.0
0.0 209.0 10384.0 0.0 0.0 0.0 0.0 0.0 0.0 0.0 0.0 0.0 0.0 0.0 0.0 16.0 17.0 0.0 0.0 0.0 0.0 1.0 0.0 0.12 255.0 255.0 1.0 0.0 0.0 0.0 0.0 0.0 0.0 0.0
0.0 153.0 585.0 0.0 0.0 0.0 0.0 0.0 0.0 0.0 0.0 0.0 0.0 0.0 0.0 1.0 1.0 0.0 0.0 0.0 0.0 1.0 0.0 0.0 2.0 255.0 1.0 0.0 0.5 0.01 0.0 0.0 0.0 0.0
0.0 324.0 6679.0 0.0 0.0 0.0 0.0 0.0 0.0 0.0 0.0 0.0 0.0 0.0 0.0 10.0 10.0 0.0 0.0 0.0 0.0 1.0 0.0 0.0 10.0 255.0 1.0 0.0 0.1 0.01 0.0 0.0 0.0 0.0
0.0 333.0 2354.0 0.0 0.0 0.0 0.0 0.0 0.0 0.0 0.0 0.0 0.0 0.0 0.0 20.0 20.0 0.0 0.0 0.0 0.0 1.0 0.0 0.0 20.0 255.0 1.0 0.0 0.05 0.01 0.0 0.0 0.0 0.0
0.0 324.0 1351.0 0.0 0.0 0.0 0.0 0.0 0.0 0.0 0.0 0.0 0.0 0.0 0.0 30.0 30.0 0.0 0.0 0.0 0.0 1.0 0.0 0.0 30.0 255.0 1.0 0.0 0.03 0.01 0.0 0.0 0.0 0.0
0.0 287.0 8822.0 0.0 0.0 0.0 0.0 0.0 0.0 0.0 0.0 0.0 0.0 0.0 0.0 8.0 14.0 0.12 0.14 0.0 0.0 1.0 0.0 0.36 40.0 255.0 1.0 0.0 0.03 0.01 0.03 0.0 0.0 0.0
0.0 294.0 1006.0 0.0 0.0 0.0 0.0 0.0 0.0 0.0 0.0 0.0 0.0 0.0 0.0 18.0 24.0 0.06 0.08 0.0 0.0 1.0 0.0 0.21 50.0 255.0 1.0 0.0 0.02 0.01 0.02 0.0 0.0 0.0
0.0 294.0 1392.0 0.0 0.0 0.0 0.0 0.0 0.0 0.0 0.0 0.0 0.0 0.0 0.0 28.0 37.0 0.04 0.05 0.0 0.0 1.0 0.0 0.16 60.0 255.0 1.0 0.0 0.02 0.01 0.02 0.0 0.0 0.0
0.0 205.0 257.0 0.0 0.0 0.0 0.0 0.0 0.0 0.0 0.0 0.0 0.0 0.0 0.0 6.0 6.0 0.0 0.0 0.0 0.0 1.0 0.0 0.0 70.0 255.0 1.0 0.0 0.01 0.01 0.01 0.0 0.0 0.0
0.0 207.0 2684.0 0.0 0.0 0.0 0.0 0.0 0.0 0.0 0.0 0.0 0.0 0.0 0.0 16.0 16.0 0.0 0.0 0.0 0.0 1.0 0.0 0.0 80.0 255.0 1.0 0.0 0.01 0.01 0.01 0.0 0.0 0.0
0.0 207.0 1267.0 0.0 0.0 0.0 0.0 0.0 0.0 0.0 0.0 0.0 0.0 0.0 0.0 26.0 26.0 0.0 0.0 0.0 0.0 1.0 0.0 0.0 90.0 255.0 1.0 0.0 0.01 0.01 0.01 0.0 0.0 0.0
0.0 144.0 585.0 0.0 0.0 0.0 0.0 0.0 0.0 0.0 0.0 0.0 0.0 0.0 0.0 1.0 1.0 0.0 0.0 0.0 0.0 1.0 0.0 0.0 2.0 255.0 1.0 0.0 0.5 0.02 0.0 0.0 0.0 0.0
0.0 169.0 11582.0 0.0 0.0 0.0 0.0 0.0 0.0 0.0 0.0 0.0 0.0 0.0 0.0 4.0 4.0 0.0 0.0 0.0 0.0 1.0 0.0 0.0 12.0 255.0 1.0 0.0 0.08 0.02 0.0 0.0 0.0 0.0
0.0 159.0 585.0 0.0 0.0 0.0 0.0 0.0 0.0 0.0 0.0 0.0 0.0 0.0 0.0 1.0 2.0 0.0 0.0 0.0 0.0 1.0 0.0 1.0 22.0 255.0 1.0 0.0 0.05 0.02 0.0 0.0 0.0 0.0
0.0 172.0 389.0 0.0 0.0 0.0 0.0 0.0 0.0 0.0 0.0 0.0 0.0 0.0 0.0 1.0 1.0 0.0 0.0 0.0 0.0 1.0 0.0 0.0 32.0 255.0 1.0 0.0 0.03 0.02 0.0 0.0 0.0 0.0
0.0 170.0 11582.0 0.0 0.0 0.0 0.0 0.0 0.0 0.0 0.0 0.0 0.0 0.0 0.0 4.0 4.0 0.0 0.0 0.0 0.0 1.0 0.0 0.0 42.0 255.0 1.0 0.0 0.02 0.02 0.0 0.0 0.0 0.0
0.0 143.0 585.0 0.0 0.0 0.0 0.0 0.0 0.0 0.0 0.0 0.0 0.0 0.0 0.0 1.0 1.0 0.0 0.0 0.0 0.0 1.0 0.0 0.0 52.0 255.0 1.0 0.0 0.02 0.02 0.0 0.0 0.0 0.0
0.0 154.0 389.0 0.0 0.0 0.0 0.0 0.0 0.0 0.0 0.0 0.0 0.0 0.0 0.0 4.0 4.0 0.0 0.0 0.0 0.0 1.0 0.0 0.0 62.0 255.0 1.0 0.0 0.02 0.02 0.0 0.0 0.0 0.0
0.0 230.0 585.0 0.0 0.0 0.0 0.0 0.0 0.0 0.0 0.0 0.0 0.0 0.0 0.0 1.0 1.0 0.0 0.0 0.0 0.0 1.0 0.0 0.0 72.0 255.0 1.0 0.0 0.01 0.02 0.0 0.0 0.0 0.0
0.0 202.0 1324.0 0.0 0.0 0.0 0.0 0.0 0.0 0.0 0.0 0.0 0.0 0.0 0.0 2.0 2.0 0.0 0.0 0.0 0.0 1.0 0.0 0.0 2.0 255.0 1.0 0.0 0.5 0.02 0.0 0.0 0.0 0.0
