0.0 235.0 1560.0 0.0 0.0 0.0 0.0 0.0 0.0 0.0 0.0 0.0 0.0 0.0 0.0 18.0 28.0 0.0 0.0 0.0 0.0 1.0 0.0 0.11 217.0 255.0 1.0 0.0 0.0 0.02 0.0 0.0 0.0 0.0
0.0 244.0 8504.0 0.0 0.0 0.0 0.0 0.0 0.0 0.0 0.0 0.0 0.0 0.0 0.0 10.0 10.0 0.0 0.0 0.0 0.0 1.0 0.0 0.0 227.0 255.0 1.0 0.0 0.0 0.02 0.0 0.0 0.0 0.0
0.0 236.0 2522.0 0.0 0.0 0.0 0.0 0.0 0.0 0.0 0.0 0.0 0.0 0.0 0.0 4.0 5.0 0.0 0.0 0.0 0.0 1.0 0.0 0.4 237.0 255.0 1.0 0.0 0.0 0.02 0.0 0.0 0.0 0.0
0.0 233.0 2420.0 0.0 0.0 0.0 0.0 0.0 0.0 0.0 0.0 0.0 0.0 0.0 0.0 14.0 15.0 0.0 0.0 0.0 0.0 1.0 0.0 0.13 247.0 255.0 1.0 0.0 0.0 0.01 0.0 0.0 0.0 0.0
0.0 236.0 486.0 0.0 0.0 0.0 0.0 0.0 0.0 0.0 0.0 0.0 0.0 0.0 0.0 24.0 25.0 0.0 0.0 0.0 0.0 1.0 0.0 0.08 255.0 255.0 1.0 0.0 0.0 0.0 0.0 0.0 0.0 0.0
0.0 172.0 4678.0 0.0 0.0 0.0 0.0 0.0 0.0 0.0 0.0 0.0 0.0 0.0 0.0 6.0 6.0 0.0 0.0 0.0 0.0 1.0 0.0 0.0 255.0 255.0 1.0 0.0 0.0 0.0 0.0 0.0 0.0 0.0
0.0 244.0 2623.0 0.0 0.0 0.0 0.0 0.0 0.0 0.0 0.0 0.0 0.0 0.0 0.0 2.0 2.0 0.0 0.0 0.0 0.0 1.0 0.0 0.0 255.0 255.0 1.0 0.0 0.0 0.0 0.0 0.0 0.0 0.0
0.0 212.0 413.0 0.0 0.0 0.0 0.0 0.0 0.0 0.0 0.0 0.0 0.0 0.0 0.0 8.0 9.0 0.0 0.0 0.0 0.0 1.0 0.0 0.22 8.0 255.0 1.0 0.0 0.12 0.01 0.0 0.0 0.0 0.0
0.0 220.0 1060.0 0.0 0.0 0.0 0.0 0.0 0.0 0.0 0.0 0.0 0.0 0.0 0.0 18.0 19.0 0.0 0.0 0.0 0.0 1.0 0.0 0.11 18.0 255.0 1.0 0.0 0.06 0.01 0.0 0.0 0.0 0.0
0.0 216.0 11094.0 0.0 0.0 0.0 0.0 0.0 0.0 0.0 0.0 0.0 0.0 0.0 0.0 8.0 9.0 0.0 0.0 0.0 0.0 1.0 0.0 0.22 28.0 255.0 1.0 0.0 0.04 0.01 0.0 0.0 0.0 0.0
0.0 212.0 888.0 0.0 0.0 0.0 0.0 0.0 0.0 0.0 0.0 0.0 0.0 0.0 0.0 18.0 19.0 0.0 0.0 0.0 0.0 1.0 0.0 0.11 38.0 255.0 1.0 0.0 0.03 0.01 0.0 0.0 0.0 0.0
0.0 226.0 1505.0 0.0 0.0 0.0 0.0 0.0 0.0 0.0 0.0 0.0 0.0 0.0 0.0 8.0 9.0 0.0 0.0 0.0 0.0 1.0 0.0 0.22 48.0 255.0 1.0 0.0 0.02 0.01 0.0 0.0 0.0 0.0
0.0 242.0 3969.0 0.0 0.0 0.0 0.0 0.0 0.0 0.0 0.0 0.0 0.0 0.0 0.0 3.0 3.0 0.0 0.0 0.0 0.0 1.0 0.0 0.0 58.0 255.0 1.0 0.0 0.02 0.01 0.0 0.0 0.0 0.0
0.0 236.0 2884.0 0.0 0.0 0.0 0.0 0.0 0.0 0.0 0.0 0.0 0.0 0.0 0.0 13.0 14.0 0.0 0.0 0.0 0.0 1.0 0.0 0.14 68.0 255.0 1.0 0.0 0.01 0.01 0.0 0.0 0.0 0.0
0.0 242.0 3969.0 0.0 0.0 0.0 0.0 0.0 0.0 0.0 0.0 0.0 0.0 0.0 0.0 6.0 7.0 0.0 0.0 0.0 0.0 1.0 0.0 0.29 78.0 255.0 1.0 0.0 0.01 0.01 0.0 0.0 0.0 0.0
0.0 238.0 2322.0 0.0 0.0 0.0 0.0 0.0 0.0 0.0 0.0 0.0 0.0 0.0 0.0 16.0 17.0 0.0 0.0 0.0 0.0 1.0 0.0 0.12 88.0 255.0 1.0 0.0 0.01 0.01 0.0 0.0 0.0 0.0
0.0 302.0 2680.0 0.0 0.0 0.0 0.0 0.0 0.0 0.0 0.0 0.0 0.0 0.0 0.0 8.0 9.0 0.0 0.0 0.0 0.0 1.0 0.0 0.22 98.0 255.0 1.0 0.0 0.01 0.01 0.0 0.0 0.0 0.0
0.0 306.0 1060.0 0.0 0.0 0.0 0.0 0.0 0.0 0.0 0.0 0.0 0.0 0.0 0.0 18.0 19.0 0.0 0.0 0.0 0.0 1.0 0.0 0.11 108.0 255.0 1.0 0.0 0.01 0.01 0.0 0.0 0.0 0.0
0.0 314.0 1200.0 0.0 0.0 0.0 0.0 0.0 0.0 0.0 0.0 0.0 0.0 0.0 0.0 7.0 8.0 0.0 0.0 0.0 0.0 1.0 0.0 0.25 118.0 255.0 1.0 0.0 0.01 0.01 0.0 0.0 0.0 0.0
0.0 316.0 335.0 0.0 0.0 0.0 0.0 0.0 0.0 0.0 0.0 0.0 0.0 0.0 0.0 2.0 2.0 0.0 0.0 0.0 0.0 1.0 0.0 0.0 128.0 255.0 1.0 0.0 0.01 0.01 0.0 0.0 0.0 0.0
0.0 323.0 1505.0 0.0 0.0 0.0 0.0 0.0 0.0 0.0 0.0 0.0 0.0 0.0 0.0 12.0 13.0 0.0 0.0 0.0 0.0 1.0 0.0 0.15 138.0 255.0 1.0 0.0 0.01 0.01 0.0 0.0 0.0 0.0
0.0 325.0 1200.0 0.0 0.0 0.0 0.0 0.0 0.0 0.0 0.0 0.0 0.0 0.0 0.0 5.0 5.0 0.0 0.0 0.0 0.0 1.0 0.0 0.0 148.0 255.0 1.0 0.0 0.01 0.01 0.0 0.0 0.0 0.0
0.0 316.0 335.0 0.0 0.0 0.0 0.0 0.0 0.0 0.0 0.0 0.0 0.0 0.0 0.0 15.0 15.0 0.0 0.0 0.0 0.0 1.0 0.0 0.0 158.0 255.0 1.0 0.0 0.01 0.01 0.0 0.0 0.0 0.0
0.0 216.0 11094.0 0.0 0.0 0.0 0.0 0.0 0.0 0.0 0.0 0.0 0.0 0.0 0.0 7.0 8.0 0.0 0.0 0.0 0.0 1.0 0.0 0.25 168.0 255.0 1.0 0.0 0.01 0.01 0.0 0.0 0.0 0.0
0.0 214.0 17469.0 0.0 0.0 0.0 0.0 0.0 0.0 0.0 0.0 0.0 0.0 0.0 0.0 17.0 18.0 0.0 0.0 0.0 0.0 1.0 0.0 0.11 178.0 255.0 1.0 0.0 0.01 0.01 0.0 0.0 0.0 0.0
0.0 230.0 1486.0 0.0 0.0 0.0 0.0 0.0 0.0 0.0 0.0 0.0 0.0 0.0 0.0 7.0 7.0 0.0 0.0 0.0 0.0 1.0 0.0 0.0 188.0 255.0 1.0 0.0 0.01 0.01 0.0 0.0 0.0 0.0
0.0 242.0 2659.0 0.0 0.0 0.0 0.0 0.0 0.0 0.0 0.0 0.0 0.0 0.0 0.0 2.0 2.0 0.0 0.0 0.0 0.0 1.0 0.0 0.0 198.0 255.0 1.0 0.0 0.01 0.01 0.0 0.0 0.0 0.0
0.0 237.0 1505.0 0.0 0.0 0.0 0.0 0.0 0.0 0.0 0.0 0.0 0.0 0.0 0.0 12.0 12.0 0.0 0.0 0.0 0.0 1.0 0.0 0.0 208.0 255.0 1.0 0.0 0.0 0.01 0.0 0.0 0.0 0.0
0.0 239.0 1200.0 0.0 0.0 0.0 0.0 0.0 0.0 0.0 0.0 0.0 0.0 0.0 0.0 5.0 5.0 0.0 0.0 0.0 0.0 1.0 0.0 0.0 218.0 255.0 1.0 0.0 0.0 0.01 0.0 0.0 0.0 0.0
0.0 236.0 3855.0 0.0 0.0 0.0 0.0 0.0 0.0 0.0 0.0 0.0 0.0 0.0 0.0 15.0 16.0 0.0 0.0 0.0 0.0 1.0 0.0 0.12 228.0 255.0 1.0 0.0 0.0 0.01 0.0 0.0 0.0 0.0
0.0 302.0 8502.0 0.0 0.0 0.0 0.0 0.0 0.0 0.0 0.0 0.0 0.0 0.0 0.0 7.0 8.0 0.0 0.0 0.0 0.0 1.0 0.0 0.25 238.0 255.0 1.0 0.0 0.0 0.01 0.0 0.0 0.0 0.0
0.0 304.0 360.0 0.0 0.0 0.0 0.0 0.0 0.0 0.0 0.0 0.0 0.0 0.0 0.0 17.0 18.0 0.0 0.0 0.0 0.0 1.0 0.0 0.11 248.0 255.0 1.0 0.0 0.0 0.01 0.0 0.0 0.0 0.0
0.0 233.0 13614.0 0.0 0.0 0.0 0.0 0.0 0.0 0.0 0.0 0.0 0.0 0.0 0.0 6.0 6.0 0.0 0.0 0.0 0.0 1.0 0.0 0.0 6.0 255.0 1.0 0.0 0.17 0.01 0.0 0.0 0.0 0.0
0.0 234.0 1089.0 0.0 0.0 0.0 0.0 0.0 0.0 0.0 0.0 0.0 0.0 0.0 0.0 5.0 5.0 0.0 0.0 0.0 0.0 1.0 0.0 0.0 16.0 255.0 1.0 0.0 0.06 0.01 0.0 0.0 0.0 0.0
0.0 235.0 3302.0 0.0 0.0 0.0 0.0 0.0 0.0 0.0 0.0 0.0 0.0 0.0 0.0 15.0 15.0 0.0 0.0 0.0 0.0 1.0 0.0 0.0 26.0 255.0 1.0 0.0 0.04 0.01 0.0 0.0 0.0 0.0
0.0 248.0 3101.0 0.0 0.0 0.0 0.0 0.0 0.0 0.0 0.0 0.0 0.0 0.0 0.0 3.0 3.0 0.0 0.0 0.0 0.0 1.0 0.0 0.0 36.0 255.0 1.0 0.0 0.03 0.01 0.0 0.0 0.0 0.0
0.0 251.0 333.0 0.0 0.0 0.0 0.0 0.0 0.0 0.0 0.0 0.0 0.0 0.0 0.0 13.0 13.0 0.0 0.0 0.0 0.0 1.0 0.0 0.0 46.0 255.0 1.0 0.0 0.02 0.01 0.0 0.0 0.0 0.0
0.0 245.0 2741.0 0.0 0.0 0.0 0.0 0.0 0.0 0.0 0.0 0.0 0.0 0.0 0.0 10.0 10.0 0.0 0.0 0.0 0.0 1.0 0.0 0.0 56.0 255.0 1.0 0.0 0.02 0.01 0.0 0.0 0.0 0.0
0.0 243.0 323.0 0.0 0.0 0.0 0.0 0.0 0.0 0.0 0.0 0.0 0.0 0.0 0.0 7.0 7.0 0.0 0.0 0.0 0.0 1.0 0.0 0.0 66.0 255.0 1.0 0.0 0.02 0.01 0.0 0.0 0.0 0.0
0.0 246.0 2802.0 0.0 0.0 0.0 0.0 0.0 0.0 0.0 0.0 0.0 0.0 0.0 0.0 4.0 4.0 0.0 0.0 0.0 0.0 1.0 0.0 0.0 76.0 255.0 1.0 0.0 0.01 0.01 0.0 0.0 0.0 0.0
0.0 245.0 2802.0 0.0 0.0 0.0 0.0 0.0 0.0 0.0 0.0 0.0 0.0 0.0 0.0 3.0 3.0 0.0 0.0 0.0 0.0 1.0 0.0 0.0 86.0 255.0 1.0 0.0 0.01 0.01 0.0 0.0 0.0 0.0
0.0 245.0 3302.0 0.0 0.0 0.0 0.0 0.0 0.0 0.0 0.0 0.0 0.0 0.0 0.0 13.0 13.0 0.0 0.0 0.0 0.0 1.0 0.0 0.0 96.0 255.0 1.0 0.0 0.01 0.01 0.0 0.0 0.0 0.0
0.0 241.0 2741.0 0.0 0.0 0.0 0.0 0.0 0.0 0.0 0.0 0.0 0.0 0.0 0.0 10.0 10.0 0.0 0.0 0.0 0.0 1.0 0.0 0.0 106.0 255.0 1.0 0.0 0.01 0.01 0.0 0.0 0.0 0.0
0.0 242.0 3302.0 0.0 0.0 0.0 0.0 0.0 0.0 0.0 0.0 0.0 0.0 0.0 0.0 7.0 7.0 0.0 0.0 0.0 0.0 1.0 0.0 0.0 116.0 255.0 1.0 0.0 0.01 0.01 0.0 0.0 0.0 0.0
0.0 245.0 35019.0 0.0 0.0 0.0 0.0 0.0 0.0 0.0 0.0 0.0 0.0 0.0 0.0 8.0 8.0 0.0 0.0 0.0 0.0 1.0 0.0 0.0 126.0 255.0 1.0 0.0 0.01 0.01 0.0 0.0 0.0 0.0
0.0 212.0 2098.0 0.0 0.0 0.0 0.0 0.0 0.0 0.0 0.0 0.0 0.0 0.0 0.0 9.0 9.0 0.0 0.0 0.0 0.0 1.0 0.0 0.0 9.0 255.0 1.0 0.0 0.11 0.01 0.0 0.0 0.0 0.0
0.0 233.0 2140.0 0.0 0.0 0.0 0.0 0.0 0.0 0.0 0.0 0.0 0.0 0.0 0.0 2.0 2.0 0.0 0.0 0.0 0.0 1.0 0.0 0.0 19.0 255.0 1.0 0.0 0.05 0.01 0.0 0.0 0.0 0.0
0.0 350.0 522.0 0.0 0.0 0.0 0.0 0.0 0.0 0.0 0.0 0.0 0.0 0.0 0.0 1.0 1.0 0.0 0.0 0.0 0.0 1.0 0.0 0.0 6.0 255.0 1.0 0.0 0.17 0.02 0.0 0.0 0.0 0.0
0.0 345.0 1515.0 0.0 0.0 0.0 0.0 0.0 0.0 0.0 0.0 0.0 0.0 0.0 0.0 11.0 12.0 0.0 0.0 0.0 0.0 1.0 0.0 0.17 16.0 255.0 1.0 0.0 0.06 0.02 0.0 0.0 0.0 0.0
0.0 291.0 23440.0 0.0 0.0 0.0 0.0 0.0 0.0 0.0 0.0 0.0 0.0 0.0 0.0 1.0 1.0 0.0 0.0 0.0 0.0 1.0 0.0 0.0 1.0 255.0 1.0 0.0 1.0 0.02 0.0 0.0 0.0 0.0
0.0 359.0 869.0 0.0 0.0 0.0 0.0 0.0 0.0 0.0 0.0 0.0 0.0 0.0 0.0 11.0 11.0 0.0 0.0 0.0 0.0 1.0 0.0 0.0 11.0 255.0 1.0 0.0 0.09 0.02 0.0 0.0 0.0 0.0
0.0 370.0 10092.0 0.0 0.0 0.0 0.0 0.0 0.0 0.0 0.0 0.0 0.0 0.0 0.0 6.0 7.0 0.0 0.0 0.0 0.0 1.0 0.0 0.29 21.0 255.0 1.0 0.0 0.05 0.02 0.0 0.0 0.0 0.0
0.0 244.0 620.0 0.0 0.0 0.0 0.0 0.0 0.0 0.0 0.0 0.0 0.0 0.0 0.0 4.0 4.0 0.0 0.0 0.0 0.0 1.0 0.0 0.0 31.0 255.0 1.0 0.0 0.03 0.02 0.0 0.0 0.0 0.0
0.0 248.0 1085.0 0.0 0.0 0.0 0.0 0.0 0.0 0.0 0.0 0.0 0.0 0.0 0.0 14.0 14.0 0.0 0.0 0.0 0.0 1.0 0.0 0.0 41.0 255.0 1.0 0.0 0.02 0.02 0.0 0.0 0.0 0.0
0.0 244.0 612.0 0.0 0.0 0.0 0.0 0.0 0.0 0.0 0.0 0.0 0.0 0.0 0.0 9.0 10.0 0.0 0.0 0.0 0.0 1.0 0.0 0.2 51.0 255.0 1.0 0.0 0.02 0.02 0.0 0.0 0.0 0.0
0.0 343.0 4584.0 0.0 0.0 0.0 0.0 0.0 0.0 0.0 0.0 0.0 0.0 0.0 0.0 7.0 11.0 0.0 0.0 0.0 0.0 1.0 0.0 0.18 61.0 255.0 1.0 0.0 0.02 0.02 0.0 0.0 0.0 0.0
0.0 325.0 346.0 0.0 0.0 0.0 0.0 0.0 0.0 0.0 0.0 0.0 0.0 0.0 0.0 2.0 2.0 0.0 0.0 0.0 0.0 1.0 0.0 0.0 71.0 255.0 1.0 0.0 0.01 0.02 0.0 0.0 0.0 0.0
0.0 330.0 531.0 0.0 0.0 0.0 0.0 0.0 0.0 0.0 0.0 0.0 0.0 0.0 0.0 12.0 12.0 0.0 0.0 0.0 0.0 1.0 0.0 0.0 81.0 255.0 1.0 0.0 0.01 0.02 0.0 0.0 0.0 0.0
0.0 205.0 1724.0 0.0 0.0 0.0 0.0 0.0 0.0 0.0 0.0 0.0 0.0 0.0 0.0 4.0 4.0 0.0 0.0 0.0 0.0 1.0 0.0 0.0 10.0 255.0 1.0 0.0 0.1 0.02 0.0 0.0 0.0 0.0
0.0 322.0 230.0 0.0 0.0 0.0 0.0 0.0 0.0 0.0 0.0 0.0 0.0 0.0 0.0 2.0 2.0 0.0 0.0 0.0 0.0 1.0 0.0 0.0 20.0 255.0 1.0 0.0 0.05 0.02 0.0 0.0 0.0 0.0
0.0 316.0 612.0 0.0 0.0 0.0 0.0 0.0 0.0 0.0 0.0 0.0 0.0 0.0 0.0 12.0 15.0 0.0 0.0 0.0 0.0 1.0 0.0 0.2 30.0 255.0 1.0 0.0 0.03 0.02 0.0 0.0 0.0 0.0
1.0 1771.0 331.0 0.0 0.0 0.0 0.0 0.0 0.0 0.0 0.0 0.0 0.0 0.0 0.0 1.0 2.0 0.0 0.0 0.0 0.0 1.0 0.0 1.0 3.0 3.0 1.0 0.0 0.33 0.0 0.0 0.0 0.0 0.0
0.0 4146.0 291.0 0.0 0.0 0.0 0.0 0.0 0.0 0.0 0.0 0.0 0.0 0.0 0.0 2.0 5.0 0.0 0.0 0.0 0.0 0.5 1.0 1.0 13.0 12.0 0.92 0.15 0.08 0.0 0.0 0.0 0.0 0.0
0.0 829.0 330.0 0.0 0.0 0.0 0.0 0.0 0.0 0.0 0.0 0.0 0.0 0.0 0.0 1.0 1.0 0.0 0.0 0.0 0.0 1.0 0.0 0.0 23.0 21.0 0.91 0.09 0.04 0.0 0.0 0.0 0.0 0.0
0.0 697.0 332.0 0.0 0.0 0.0 0.0 0.0 0.0 0.0 0.0 0.0 0.0 0.0 0.0 1.0 1.0 0.0 0.0 0.0 0.0 1.0 0.0 0.0 33.0 29.0 0.88 0.09 0.03 0.0 0.0 0.0 0.0 0.0
0.0 1493.0 330.0 0.0 0.0 0.0 0.0 0.0 0.0 0.0 0.0 0.0 0.0 0.0 0.0 1.0 1.0 0.0 0.0 0.0 0.0 1.0 0.0 0.0 43.0 38.0 0.88 0.07 0.02 0.0 0.0 0.0 0.0 0.0
0.0 10.0 37.0 0.0 0.0 0.0 0.0 0.0 0.0 0.0 0.0 0.0 0.0 0.0 0.0 1.0 1.0 0.0 0.0 0.0 0.0 1.0 0.0 0.0 53.0 4.0 0.08 0.06 0.02 0.0 0.0 0.0 0.0 0.0
0.0 883.0 330.0 0.0 0.0 0.0 0.0 0.0 0.0 0.0 0.0 0.0 0.0 0.0 0.0 1.0 1.0 0.0 0.0 0.0 0.0 1.0 0.0 0.0 63.0 55.0 0.87 0.05 0.02 0.0 0.0 0.0 0.0 0.0
0.0 1736.0 327.0 0.0 0.0 0.0 0.0 0.0 0.0 0.0 0.0 0.0 0.0 0.0 0.0 1.0 1.0 0.0 0.0 0.0 0.0 1.0 0.0 0.0 73.0 64.0 0.88 0.04 0.01 0.0 0.0 0.0 0.0 0.0
0.0 688.0 329.0 0.0 0.0 0.0 0.0 0.0 0.0 0.0 0.0 0.0 0.0 0.0 0.0 1.0 1.0 0.0 0.0 0.0 0.0 1.0 0.0 0.0 83.0 74.0 0.89 0.04 0.01 0.0 0.0 0.0 0.0 0.0
1.0 24.0 36.0 0.0 0.0 0.0 0.0 0.0 0.0 0.0 0.0 0.0 0.0 0.0 0.0 1.0 1.0 0.0 0.0 0.0 0.0 1.0 0.0 0.0 93.0 1.0 0.01 0.04 0.01 0.0 0.0 0.0 0.0 0.0
0.0 895.0 332.0 0.0 0.0 0.0 0.0 0.0 0.0 0.0 0.0 0.0 0.0 0.0 0.0 1.0 1.0 0.0 0.0 0.0 0.0 1.0 0.0 0.0 103.0 92.0 0.89 0.04 0.01 0.0 0.0 0.0 0.0 0.0
0.0 21103.0 289.0 0.0 0.0 0.0 0.0 0.0 0.0 0.0 0.0 0.0 0.0 0.0 0.0 1.0 1.0 0.0 0.0 0.0 0.0 1.0 0.0 0.0 113.0 100.0 0.88 0.04 0.01 0.0 0.0 0.0 0.0 0.0
0.0 767.0 330.0 0.0 0.0 0.0 0.0 0.0 0.0 0.0 0.0 0.0 0.0 0.0 0.0 1.0 1.0 0.0 0.0 0.0 0.0 1.0 0.0 0.0 123.0 107.0 0.87 0.04 0.01 0.0 0.0 0.0 0.0 0.0
0.0 1818.0 326.0 0.0 0.0 0.0 0.0 0.0 0.0 0.0 0.0 0.0 0.0 0.0 0.0 1.0 1.0 0.0 0.0 0.0 0.0 1.0 0.0 0.0 133.0 117.0 0.88 0.04 0.01 0.0 0.0 0.0 0.0 0.0
0.0 1291.0 329.0 0.0 0.0 0.0 0.0 0.0 0.0 0.0 0.0 0.0 0.0 0.0 0.0 1.0 1.0 0.0 0.0 0.0 0.0 1.0 0.0 0.0 143.0 125.0 0.87 0.03 0.01 0.0 0.0 0.0 0.0 0.0
0.0 7.0 135.0 0.0 0.0 0.0 0.0 0.0 0.0 0.0 0.0 0.0 0.0 0.0 0.0 1.0 1.0 0.0 0.0 0.0 0.0 1.0 0.0 0.0 153.0 11.0 0.07 0.03 0.01 0.0 0.0 0.0 0.0 0.0
0.0 2586.0 328.0 0.0 0.0 0.0 0.0 0.0 0.0 0.0 0.0 0.0 0.0 0.0 0.0 1.0 2.0 0.0 0.0 0.0 0.0 1.0 0.0 1.0 163.0 142.0 0.87 0.03 0.01 0.0 0.0 0.0 0.0 0.0
0.0 982.0 326.0 0.0 0.0 0.0 0.0 0.0 0.0 0.0 0.0 0.0 0.0 0.0 0.0 1.0 1.0 0.0 0.0 0.0 0.0 1.0 0.0 0.0 173.0 151.0 0.87 0.03 0.01 0.0 0.0 0.0 0.0 0.0
0.0 650.0 282.0 0.0 0.0 0.0 0.0 0.0 0.0 0.0 0.0 0.0 0.0 0.0 0.0 1.0 1.0 0.0 0.0 0.0 0.0 1.0 0.0 0.0 183.0 159.0 0.87 0.03 0.01 0.0 0.0 0.0 0.0 0.0
1.0 1361.0 361.0 0.0 0.0 0.0 0.0 0.0 0.0 0.0 0.0 0.0 0.0 0.0 0.0 1.0 2.0 0.0 0.0 0.0 0.0 1.0 0.0 1.0 193.0 168.0 0.87 0.03 0.01 0.0 0.0 0.0 0.0 0.0
0.0 1978.0 331.0 0.0 0.0 0.0 0.0 0.0 0.0 0.0 0.0 0.0 0.0 0.0 0.0 1.0 1.0 0.0 0.0 0.0 0.0 1.0 0.0 0.0 203.0 177.0 0.87 0.02 0.0 0.0 0.0 0.0 0.0 0.0
0.0 5.0 138.0 0.0 0.0 0.0 0.0 0.0 0.0 0.0 0.0 0.0 0.0 0.0 0.0 1.0 1.0 0.0 0.0 0.0 0.0 1.0 0.0 0.0 213.0 17.0 0.08 0.02 0.0 0.0 0.0 0.0 0.0 0.0
0.0 1049.0 334.0 0.0 0.0 0.0 0.0 0.0 0.0 0.0 0.0 0.0 0.0 0.0 0.0 1.0 1.0 0.0 0.0 0.0 0.0 1.0 0.0 0.0 223.0 195.0 0.87 0.02 0.0 0.0 0.0 0.0 0.0 0.0
1.0 843.0 333.0 0.0 0.0 0.0 0.0 0.0 0.0 0.0 0.0 0.0 0.0 0.0 0.0 1.0 1.0 0.0 0.0 0.0 0.0 1.0 0.0 0.0 3.0 198.0 0.67 0.67 0.33 0.01 0.0 0.0 0.0 0.0
0.0 1139.0 331.0 0.0 0.0 0.0 0.0 0.0 0.0 0.0 0.0 0.0 0.0 0.0 0.0 1.0 1.0 0.0 0.0 0.0 0.0 1.0 0.0 0.0 13.0 205.0 0.69 0.23 0.08 0.01 0.0 0.0 0.0 0.0
1.0 1992.0 330.0 0.0 0.0 0.0 0.0 0.0 0.0 0.0 0.0 0.0 0.0 2.0 0.0 1.0 1.0 0.0 0.0 0.0 0.0 1.0 0.0 0.0 23.0 213.0 0.74 0.22 0.04 0.01 0.04 0.0 0.0 0.0
0.0 854.0 330.0 0.0 0.0 0.0 0.0 0.0 0.0 0.0 0.0 0.0 0.0 0.0 0.0 1.0 1.0 0.0 0.0 0.0 0.0 1.0 0.0 0.0 33.0 214.0 0.79 0.15 0.03 0.01 0.03 0.0 0.0 0.0
0.0 895.0 330.0 0.0 0.0 0.0 0.0 0.0 0.0 0.0 0.0 0.0 0.0 0.0 0.0 1.0 2.0 0.0 0.0 0.0 0.0 1.0 0.0 1.0 43.0 213.0 0.77 0.12 0.02 0.01 0.02 0.0 0.0 0.0
0.0 12324.0 0.0 0.0 0.0 0.0 0.0 0.0 0.0 0.0 0.0 0.0 0.0 1.0 0.0 2.0 2.0 0.0 0.0 0.0 0.0 1.0 0.0 0.0 53.0 12.0 0.11 0.11 0.11 0.17 0.02 0.0 0.0 0.0
0.0 946.0 328.0 0.0 0.0 0.0 0.0 0.0 0.0 0.0 0.0 0.0 0.0 0.0 0.0 1.0 1.0 0.0 0.0 0.0 0.0 1.0 0.0 0.0 63.0 206.0 0.68 0.1 0.02 0.01 0.02 0.0 0.0 0.0
0.0 698.0 331.0 0.0 0.0 0.0 0.0 0.0 0.0 0.0 0.0 0.0 0.0 0.0 0.0 1.0 1.0 0.0 0.0 0.0 0.0 1.0 0.0 0.0 73.0 204.0 0.7 0.08 0.01 0.01 0.01 0.0 0.0 0.0
0.0 4542.0 0.0 0.0 0.0 0.0 0.0 0.0 0.0 0.0 0.0 0.0 0.0 0.0 0.0 1.0 1.0 0.0 0.0 0.0 0.0 1.0 0.0 0.0 83.0 20.0 0.17 0.07 0.17 0.1 0.01 0.0 0.0 0.0
0.0 891.0 282.0 0.0 0.0 0.0 0.0 0.0 0.0 0.0 0.0 0.0 0.0 0.0 0.0 1.0 1.0 0.0 0.0 0.0 0.0 1.0 0.0 0.0 93.0 201.0 0.69 0.06 0.01 0.01 0.01 0.0 0.0 0.0
0.0 1253.0 329.0 0.0 0.0 0.0 0.0 0.0 0.0 0.0 0.0 0.0 0.0 0.0 0.0 2.0 1.0 0.0 0.0 0.0 0.0 0.5 1.0 0.0 103.0 198.0 0.69 0.06 0.01 0.01 0.01 0.0 0.0 0.0
0.0 9.0 38.0 0.0 0.0 0.0 0.0 0.0 0.0 0.0 0.0 0.0 0.0 0.0 0.0 1.0 1.0 0.0 0.0 0.0 0.0 1.0 0.0 0.0 113.0 8.0 0.04 0.05 0.01 0.25 0.01 0.0 0.0 0.0
0.0 1390.0 327.0 0.0 0.0 0.0 0.0 0.0 0.0 0.0 0.0 0.0 0.0 0.0 0.0 1.0 2.0 0.0 0.0 0.0 0.0 1.0 0.0 1.0 123.0 189.0 0.65 0.05 0.01 0.01 0.01 0.0 0.0 0.0
0.0 9.0 36.0 0.0 0.0 0.0 0.0 0.0 0.0 0.0 0.0 0.0 0.0 0.0 0.0 1.0 1.0 0.0 0.0 0.0 0.0 1.0 0.0 0.0 133.0 10.0 0.05 0.05 0.01 0.2 0.01 0.0 0.0 0.0
0.0 1012.0 328.0 0.0 0.0 0.0 0.0 0.0 0.0 0.0 0.0 1.0 0.0 0.0 0.0 1.0 1.0 0.0 0.0 0.0 0.0 1.0 0.0 0.0 143.0 185.0 0.65 0.04 0.01 0.01 0.01 0.0 0.0 0.0
2.0 1502.0 328.0 0.0 0.0 0.0 0.0 0.0 0.0 0.0 0.0 0.0 0.0 0.0 0.0 1.0 3.0 0.0 0.0 0.0 0.0 1.0 0.0 1.0 153.0 186.0 0.67 0.04 0.01 0.01 0.01 0.0 0.0 0.0
1.0 1312.0 327.0 0.0 0.0 0.0 0.0 0.0 0.0 0.0 0.0 0.0 0.0 0.0 0.0 1.0 3.0 0.0 0.0 0.0 0.0 1.0 0.0 1.0 163.0 186.0 0.68 0.04 0.01 0.01 0.01 0.0 0.0 0.0
2.0 1033.0 334.0 0.0 0.0 0.0 0.0 0.0 0.0 0.0 0.0 0.0 0.0 0.0 0.0 1.0 3.0 0.0 0.0 0.0 0.0 1.0 0.0 1.0 173.0 187.0 0.69 0.03 0.01 0.01 0.01 0.0 0.0 0.0
0.0 15377.0 0.0 0.0 0.0 0.0 0.0 0.0 0.0 0.0 0.0 0.0 0.0 0.0 0.0 4.0 4.0 0.0 0.0 0.0 0.0 1.0 0.0 0.0 10.0 39.0 1.0 0.0 1.0 0.08 0.0 0.0 0.0 0.0
0.0 9178.0 0.0 0.0 0.0 0.0 0.0 0.0 0.0 0.0 0.0 0.0 0.0 0.0 0.0 14.0 14.0 0.0 0.0 0.0 0.0 1.0 0.0 0.0 20.0 49.0 1.0 0.0 1.0 0.06 0.0 0.0 0.0 0.0
0.0 59.0 0.0 0.0 0.0 0.0 0.0 0.0 0.0 0.0 0.0 0.0 0.0 0.0 0.0 24.0 24.0 0.0 0.0 0.0 0.0 1.0 0.0 0.0 30.0 59.0 1.0 0.0 1.0 0.05 0.0 0.0 0.0 0.0
0.0 2417.0 291.0 0.0 0.0 0.0 0.0 0.0 0.0 0.0 0.0 0.0 0.0 0.0 0.0 2.0 3.0 0.0 0.0 0.0 0.0 0.5 1.0 1.0 40.0 160.0 0.2 0.1 0.03 0.02 0.0 0.0 0.0 0.0
1.0 3555.0 332.0 0.0 0.0 0.0 0.0 0.0 0.0 0.0 0.0 0.0 0.0 0.0 0.0 1.0 1.0 0.0 0.0 0.0 0.0 1.0 0.0 0.0 50.0 158.0 0.28 0.08 0.02 0.02 0.0 0.0 0.0 0.0
0.0 4316.0 0.0 0.0 0.0 0.0 0.0 0.0 0.0 0.0 0.0 0.0 1.0 0.0 0.0 4.0 4.0 0.0 0.0 0.0 0.0 1.0 0.0 0.0 60.0 73.0 0.73 0.07 0.73 0.04 0.0 0.0 0.0 0.0
0.0 59.0 0.0 0.0 0.0 0.0 0.0 0.0 0.0 0.0 0.0 0.0 0.0 0.0 0.0 14.0 14.0 0.0 0.0 0.0 0.0 1.0 0.0 0.0 70.0 83.0 0.77 0.06 0.77 0.04 0.0 0.0 0.0 0.0
1.0 1993.0 332.0 0.0 0.0 0.0 0.0 0.0 0.0 0.0 0.0 0.0 0.0 2.0 0.0 1.0 4.0 0.0 0.0 0.0 0.0 1.0 0.0 1.0 80.0 140.0 0.24 0.05 0.01 0.02 0.0 0.0 0.0 0.0
0.0 1044.0 331.0 0.0 0.0 0.0 0.0 0.0 0.0 0.0 0.0 0.0 0.0 0.0 0.0 1.0 1.0 0.0 0.0 0.0 0.0 1.0 0.0 0.0 90.0 143.0 0.31 0.06 0.01 0.01 0.0 0.0 0.0 0.0
0.0 12983.0 0.0 0.0 0.0 0.0 0.0 0.0 0.0 0.0 0.0 0.0 0.0 0.0 0.0 2.0 2.0 0.0 0.0 0.0 0.0 1.0 0.0 0.0 100.0 84.0 0.61 0.05 0.61 0.02 0.0 0.0 0.0 0.0
1.0 1490.0 327.0 0.0 0.0 0.0 0.0 0.0 0.0 0.0 0.0 0.0 0.0 0.0 0.0 1.0 3.0 0.0 0.0 0.0 0.0 1.0 0.0 1.0 110.0 142.0 0.39 0.05 0.01 0.01 0.0 0.0 0.0 0.0
0.0 1109.0 332.0 0.0 0.0 0.0 0.0 0.0 0.0 0.0 0.0 0.0 0.0 0.0 0.0 1.0 1.0 0.0 0.0 0.0 0.0 1.0 0.0 0.0 120.0 138.0 0.39 0.04 0.01 0.01 0.0 0.0 0.0 0.0
0.0 1911.0 334.0 0.0 0.0 0.0 0.0 0.0 0.0 0.0 0.0 0.0 0.0 0.0 0.0 1.0 1.0 0.0 0.0 0.0 0.0 1.0 0.0 0.0 130.0 139.0 0.42 0.04 0.01 0.01 0.0 0.0 0.0 0.0
0.0 857.0 330.0 0.0 0.0 0.0 0.0 0.0 0.0 0.0 0.0 0.0 0.0 0.0 0.0 1.0 1.0 0.0 0.0 0.0 0.0 1.0 0.0 0.0 140.0 142.0 0.45 0.04 0.01 0.01 0.0 0.0 0.0 0.0
1.0 837.0 370.0 0.0 0.0 0.0 0.0 0.0 0.0 0.0 0.0 0.0 0.0 0.0 0.0 1.0 3.0 0.0 0.0 0.0 0.0 1.0 0.0 1.0 150.0 145.0 0.48 0.04 0.01 0.01 0.0 0.0 0.01 0.0
0.0 245.0 0.0 0.0 0.0 0.0 0.0 0.0 0.0 0.0 1.0 0.0 0.0 0.0 0.0 1.0 1.0 0.0 0.0 0.0 0.0 1.0 0.0 0.0 160.0 83.0 0.44 0.04 0.44 0.02 0.0 0.0 0.01 0.0
0.0 852.0 0.0 0.0 0.0 0.0 0.0 0.0 0.0 0.0 0.0 0.0 0.0 0.0 0.0 6.0 6.0 0.0 0.0 0.0 0.0 1.0 0.0 0.0 170.0 89.0 0.47 0.04 0.47 0.02 0.0 0.0 0.01 0.0
0.0 11376.0 0.0 0.0 0.0 0.0 0.0 0.0 0.0 0.0 0.0 0.0 0.0 0.0 0.0 16.0 16.0 0.06 0.06 0.0 0.0 1.0 0.0 0.0 180.0 99.0 0.5 0.03 0.5 0.02 0.01 0.01 0.01 0.0
1.0 2031.0 331.0 0.0 0.0 0.0 0.0 0.0 0.0 0.0 0.0 0.0 0.0 0.0 0.0 1.0 3.0 0.0 0.0 0.0 0.0 1.0 0.0 1.0 190.0 134.0 0.45 0.03 0.01 0.01 0.01 0.0 0.01 0.0
0.0 955.0 335.0 0.0 0.0 0.0 0.0 0.0 0.0 0.0 0.0 0.0 0.0 0.0 0.0 1.0 1.0 0.0 0.0 0.0 0.0 1.0 0.0 0.0 200.0 139.0 0.47 0.03 0.0 0.01 0.0 0.0 0.0 0.0
0.0 880.0 336.0 0.0 0.0 0.0 0.0 0.0 0.0 0.0 0.0 0.0 0.0 0.0 0.0 1.0 1.0 0.0 0.0 0.0 0.0 1.0 0.0 0.0 210.0 140.0 0.49 0.03 0.0 0.01 0.0 0.0 0.0 0.0
1.0 775.0 335.0 0.0 0.0 0.0 0.0 0.0 0.0 0.0 0.0 0.0 0.0 0.0 0.0 1.0 3.0 0.0 0.0 0.0 0.0 1.0 0.0 1.0 220.0 143.0 0.51 0.03 0.0 0.01 0.0 0.0 0.0 0.0
0.0 1010.0 0.0 0.0 0.0 0.0 0.0 0.0 0.0 0.0 0.0 0.0 0.0 0.0 0.0 2.0 2.0 0.0 0.0 0.0 0.0 1.0 0.0 0.0 230.0 95.0 0.41 0.03 0.41 0.0 0.0 0.01 0.0 0.0
0.0 203.0 7658.0 0.0 0.0 0.0 0.0 0.0 0.0 0.0 0.0 0.0 0.0 0.0 0.0 1.0 1.0 0.0 0.0 0.0 0.0 1.0 0.0 0.0 1.0 1.0 1.0 0.0 1.0 0.0 0.0 0.0 0.0 0.0
0.0 1249.0 333.0 0.0 0.0 0.0 0.0 0.0 0.0 0.0 0.0 0.0 0.0 0.0 0.0 1.0 1.0 0.0 0.0 0.0 0.0 1.0 0.0 0.0 2.0 130.0 1.0 0.0 0.5 0.02 0.0 0.0 0.0 0.0
0.0 1967.0 336.0 0.0 0.0 0.0 0.0 0.0 0.0 0.0 0.0 0.0 0.0 0.0 0.0 1.0 1.0 0.0 0.0 0.0 0.0 1.0 0.0 0.0 12.0 135.0 1.0 0.0 0.08 0.01 0.0 0.0 0.0 0.0
0.0 3610.0 0.0 0.0 0.0 0.0 0.0 0.0 0.0 0.0 0.0 0.0 0.0 0.0 0.0 1.0 1.0 0.0 0.0 0.0 0.0 1.0 0.0 0.0 22.0 89.0 0.18 0.09 0.18 0.02 0.0 0.01 0.0 0.0
0.0 383.0 0.0 0.0 0.0 0.0 0.0 0.0 0.0 0.0 0.0 0.0 0.0 0.0 0.0 2.0 2.0 0.0 0.0 0.0 0.0 1.0 0.0 0.0 32.0 82.0 0.22 0.06 0.22 0.02 0.0 0.01 0.0 0.0
0.0 16787.0 0.0 0.0 0.0 0.0 0.0 0.0 0.0 0.0 0.0 1.0 0.0 0.0 0.0 7.0 7.0 0.0 0.0 0.0 0.0 1.0 0.0 0.0 42.0 87.0 0.4 0.05 0.4 0.02 0.0 0.01 0.0 0.0
0.0 698.0 335.0 0.0 0.0 0.0 0.0 0.0 0.0 0.0 0.0 0.0 0.0 0.0 0.0 1.0 1.0 0.0 0.0 0.0 0.0 1.0 0.0 0.0 52.0 141.0 0.58 0.04 0.02 0.01 0.0 0.0 0.0 0.0
0.0 1417.0 331.0 0.0 0.0 0.0 0.0 0.0 0.0 0.0 0.0 0.0 0.0 0.0 0.0 1.0 1.0 0.0 0.0 0.0 0.0 1.0 0.0 0.0 62.0 148.0 0.63 0.05 0.02 0.01 0.0 0.0 0.0 0.0
0.0 881.0 285.0 0.0 0.0 0.0 0.0 0.0 0.0 0.0 0.0 0.0 0.0 0.0 0.0 1.0 1.0 0.0 0.0 0.0 0.0 1.0 0.0 0.0 72.0 157.0 0.67 0.04 0.01 0.01 0.0 0.0 0.0 0.0
0.0 10.0 39.0 0.0 0.0 0.0 0.0 0.0 0.0 0.0 0.0 0.0 0.0 0.0 0.0 1.0 1.0 0.0 0.0 0.0 0.0 1.0 0.0 0.0 82.0 7.0 0.05 0.04 0.01 0.29 0.0 0.0 0.0 0.0
0.0 95.0 0.0 0.0 0.0 0.0 0.0 0.0 0.0 0.0 0.0 0.0 0.0 0.0 0.0 1.0 1.0 0.0 0.0 0.0 0.0 1.0 0.0 0.0 92.0 71.0 0.32 0.03 0.32 0.03 0.0 0.01 0.0 0.0
0.0 1063.0 336.0 0.0 0.0 0.0 0.0 0.0 0.0 0.0 0.0 0.0 0.0 0.0 0.0 1.0 2.0 0.0 0.0 0.0 0.0 1.0 0.0 1.0 102.0 152.0 0.61 0.03 0.01 0.01 0.0 0.0 0.0 0.0
0.0 1337.0 338.0 0.0 0.0 0.0 0.0 0.0 0.0 0.0 0.0 0.0 0.0 0.0 0.0 1.0 1.0 0.0 0.0 0.0 0.0 1.0 0.0 0.0 112.0 152.0 0.6 0.03 0.01 0.01 0.0 0.0 0.0 0.0
0.0 641.0 0.0 0.0 0.0 0.0 0.0 0.0 0.0 0.0 0.0 0.0 0.0 0.0 0.0 2.0 2.0 0.0 0.0 0.0 0.0 1.0 0.0 0.0 122.0 80.0 0.38 0.02 0.38 0.03 0.0 0.01 0.0 0.0
0.0 59.0 0.0 0.0 0.0 0.0 0.0 0.0 0.0 0.0 0.0 0.0 0.0 0.0 0.0 9.0 1.0 0.0 0.0 0.0 0.0 0.11 0.56 0.0 132.0 1.0 0.01 0.05 0.42 0.0 0.0 0.0 0.0 0.0
0.0 1072.0 338.0 0.0 0.0 0.0 0.0 0.0 0.0 0.0 0.0 0.0 0.0 0.0 0.0 1.0 1.0 0.0 0.0 0.0 0.0 1.0 0.0 0.0 142.0 142.0 0.55 0.07 0.01 0.01 0.0 0.0 0.0 0.0
1.0 1490.0 372.0 0.0 0.0 0.0 0.0 0.0 0.0 0.0 0.0 0.0 0.0 0.0 0.0 1.0 1.0 0.0 0.0 0.0 0.0 1.0 0.0 0.0 152.0 143.0 0.57 0.07 0.01 0.01 0.0 0.0 0.0 0.0
0.0 568.0 335.0 0.0 0.0 0.0 0.0 0.0 0.0 0.0 0.0 0.0 0.0 0.0 0.0 1.0 1.0 0.0 0.0 0.0 0.0 1.0 0.0 0.0 162.0 137.0 0.56 0.06 0.01 0.01 0.0 0.0 0.0 0.0
0.0 1627.0 331.0 0.0 0.0 0.0 0.0 0.0 0.0 0.0 0.0 1.0 0.0 0.0 0.0 1.0 1.0 0.0 0.0 0.0 0.0 1.0 0.0 0.0 172.0 145.0 0.58 0.06 0.01 0.01 0.0 0.0 0.0 0.0
0.0 1231.0 330.0 0.0 0.0 0.0 0.0 0.0 0.0 0.0 0.0 0.0 0.0 0.0 0.0 1.0 2.0 0.0 0.0 0.0 0.0 1.0 0.0 1.0 182.0 155.0 0.6 0.05 0.01 0.01 0.0 0.0 0.0 0.0
0.0 962.0 339.0 0.0 0.0 0.0 0.0 0.0 0.0 0.0 0.0 0.0 0.0 0.0 0.0 1.0 1.0 0.0 0.0 0.0 0.0 1.0 0.0 0.0 192.0 162.0 0.62 0.05 0.01 0.01 0.0 0.0 0.0 0.0
0.0 10389.0 0.0 0.0 0.0 0.0 0.0 0.0 0.0 0.0 0.0 0.0 0.0 0.0 0.0 1.0 1.0 0.0 0.0 0.0 0.0 1.0 0.0 0.0 202.0 73.0 0.32 0.05 0.36 0.03 0.0 0.0 0.0 0.0
0.0 7196.0 0.0 0.0 0.0 0.0 0.0 0.0 0.0 0.0 0.0 0.0 0.0 0.0 0.0 11.0 11.0 0.0 0.0 0.0 0.0 1.0 0.0 0.0 212.0 83.0 0.35 0.05 0.39 0.02 0.0 0.0 0.0 0.0
0.0 8325.0 0.0 0.0 0.0 0.0 0.0 0.0 0.0 0.0 0.0 0.0 0.0 0.0 0.0 21.0 21.0 0.0 0.0 0.0 0.0 1.0 0.0 0.0 222.0 93.0 0.38 0.05 0.41 0.02 0.0 0.0 0.0 0.0
0.0 879.0 0.0 0.0 0.0 0.0 0.0 0.0 0.0 0.0 0.0 0.0 0.0 0.0 0.0 1.0 1.0 0.0 0.0 0.0 0.0 1.0 0.0 0.0 232.0 103.0 0.41 0.04 0.44 0.02 0.0 0.0 0.0 0.0
0.0 965.0 0.0 0.0 0.0 0.0 0.0 0.0 0.0 0.0 0.0 0.0 0.0 0.0 0.0 11.0 11.0 0.0 0.0 0.0 0.0 1.0 0.0 0.0 242.0 108.0 0.43 0.04 0.46 0.02 0.0 0.0 0.0 0.0
0.0 3775.0 0.0 0.0 0.0 0.0 0.0 0.0 0.0 0.0 0.0 0.0 0.0 0.0 0.0 21.0 21.0 0.0 0.0 0.0 0.0 1.0 0.0 0.0 252.0 115.0 0.46 0.04 0.48 0.0 0.0 0.0 0.0 0.0
0.0 2754.0 331.0 0.0 0.0 0.0 0.0 0.0 0.0 0.0 0.0 0.0 0.0 0.0 0.0 1.0 1.0 0.0 0.0 0.0 0.0 1.0 0.0 0.0 3.0 123.0 1.0 0.0 0.33 0.02 0.0 0.0 0.0 0.0
1.0 3553.0 329.0 0.0 0.0 0.0 0.0 0.0 0.0 0.0 0.0 0.0 0.0 0.0 0.0 1.0 2.0 0.0 0.0 0.0 0.0 1.0 0.0 1.0 13.0 122.0 0.92 0.15 0.08 0.02 0.0 0.0 0.0 0.0
0.0 1288.0 326.0 0.0 0.0 0.0 0.0 0.0 0.0 0.0 0.0 0.0 0.0 0.0 0.0 1.0 1.0 0.0 0.0 0.0 0.0 1.0 0.0 0.0 23.0 122.0 0.78 0.13 0.04 0.02 0.0 0.0 0.0 0.0
0.0 495.0 0.0 0.0 0.0 0.0 0.0 0.0 0.0 0.0 5.0 0.0 0.0 0.0 0.0 1.0 1.0 0.0 0.0 0.0 0.0 1.0 0.0 0.0 33.0 111.0 0.15 0.12 0.15 0.02 0.0 0.0 0.0 0.0
0.0 2443.0 291.0 0.0 0.0 0.0 0.0 0.0 0.0 0.0 0.0 0.0 0.0 0.0 0.0 2.0 2.0 0.0 0.0 0.0 0.0 0.5 1.0 1.0 43.0 133.0 0.72 0.12 0.02 0.02 0.0 0.0 0.0 0.0
0.0 2591.0 290.0 0.0 0.0 0.0 0.0 0.0 0.0 0.0 0.0 0.0 0.0 0.0 0.0 2.0 3.0 0.0 0.0 0.0 0.0 0.5 1.0 1.0 53.0 132.0 0.75 0.09 0.02 0.02 0.0 0.0 0.0 0.0
0.0 1145.0 329.0 0.0 0.0 0.0 0.0 0.0 0.0 0.0 0.0 0.0 0.0 0.0 0.0 1.0 3.0 0.0 0.0 0.0 0.0 1.0 0.0 1.0 63.0 130.0 0.73 0.08 0.02 0.02 0.0 0.0 0.0 0.0
1.0 1070.0 334.0 0.0 0.0 0.0 0.0 0.0 0.0 0.0 0.0 0.0 0.0 0.0 0.0 1.0 2.0 0.0 0.0 0.0 0.0 1.0 0.0 1.0 73.0 129.0 0.75 0.07 0.01 0.02 0.0 0.0 0.0 0.0
0.0 61298.0 0.0 0.0 0.0 0.0 0.0 0.0 0.0 0.0 0.0 0.0 0.0 0.0 0.0 3.0 3.0 0.0 0.0 0.0 0.0 1.0 0.0 0.0 83.0 112.0 0.22 0.06 0.22 0.02 0.0 0.0 0.0 0.0
1.0 854.0 328.0 0.0 0.0 0.0 0.0 0.0 0.0 0.0 0.0 0.0 0.0 0.0 0.0 1.0 3.0 0.0 0.0 0.0 0.0 1.0 0.0 1.0 93.0 125.0 0.61 0.05 0.01 0.02 0.0 0.0 0.0 0.0
0.0 1153.0 0.0 0.0 0.0 0.0 0.0 0.0 0.0 0.0 0.0 0.0 0.0 0.0 0.0 2.0 2.0 0.0 0.0 0.0 0.0 1.0 0.0 0.0 103.0 112.0 0.32 0.05 0.32 0.02 0.0 0.0 0.0 0.0
0.0 7233.0 0.0 0.0 0.0 0.0 0.0 0.0 0.0 0.0 0.0 0.0 0.0 0.0 0.0 10.0 10.0 0.0 0.0 0.0 0.0 1.0 0.0 0.0 113.0 120.0 0.38 0.04 0.38 0.02 0.0 0.0 0.0 0.0
1.0 1337.0 327.0 0.0 0.0 0.0 0.0 0.0 0.0 0.0 0.0 0.0 0.0 0.0 0.0 1.0 3.0 0.0 0.0 0.0 0.0 1.0 0.0 1.0 123.0 121.0 0.53 0.04 0.01 0.02 0.0 0.0 0.0 0.0
0.0 993.0 333.0 0.0 0.0 0.0 0.0 0.0 0.0 0.0 0.0 0.0 0.0 0.0 0.0 1.0 2.0 0.0 0.0 0.0 0.0 1.0 0.0 1.0 133.0 127.0 0.55 0.04 0.01 0.02 0.0 0.0 0.0 0.0
1.0 775.0 334.0 0.0 0.0 0.0 0.0 0.0 0.0 0.0 0.0 0.0 0.0 0.0 0.0 1.0 3.0 0.0 0.0 0.0 0.0 1.0 0.0 1.0 143.0 127.0 0.57 0.03 0.01 0.02 0.0 0.0 0.0 0.0
0.0 35.0 130.0 0.0 0.0 0.0 0.0 0.0 0.0 0.0 0.0 0.0 0.0 0.0 0.0 1.0 1.0 0.0 0.0 0.0 0.0 1.0 0.0 0.0 153.0 6.0 0.04 0.03 0.01 0.0 0.0 0.0 0.0 0.0
0.0 10406.0 0.0 0.0 0.0 0.0 0.0 0.0 0.0 0.0 0.0 0.0 0.0 0.0 0.0 1.0 1.0 0.0 0.0 0.0 0.0 1.0 0.0 0.0 163.0 113.0 0.33 0.03 0.33 0.02 0.0 0.0 0.0 0.0
0.0 10.0 35.0 0.0 0.0 0.0 0.0 0.0 0.0 0.0 0.0 0.0 0.0 0.0 0.0 1.0 1.0 0.0 0.0 0.0 0.0 1.0 0.0 0.0 10.0 6.0 0.1 0.3 0.1 0.33 0.0 0.0 0.0 0.0
0.0 2134.0 335.0 0.0 0.0 0.0 0.0 0.0 0.0 0.0 0.0 0.0 0.0 0.0 0.0 1.0 1.0 0.0 0.0 0.0 0.0 1.0 0.0 0.0 20.0 119.0 0.65 0.25 0.05 0.03 0.0 0.0 0.0 0.0
0.0 6601.0 0.0 0.0 0.0 0.0 0.0 0.0 0.0 0.0 0.0 0.0 0.0 0.0 0.0 1.0 1.0 0.0 0.0 0.0 0.0 1.0 0.0 0.0 30.0 122.0 0.37 0.17 0.37 0.02 0.0 0.0 0.0 0.0
0.0 879.0 0.0 0.0 0.0 0.0 0.0 0.0 0.0 0.0 0.0 0.0 0.0 0.0 0.0 11.0 11.0 0.0 0.0 0.0 0.0 1.0 0.0 0.0 40.0 122.0 0.52 0.12 0.52 0.02 0.0 0.0 0.0 0.0
0.0 35195.0 0.0 0.0 0.0 0.0 0.0 0.0 0.0 0.0 0.0 0.0 0.0 0.0 0.0 21.0 21.0 0.0 0.0 0.0 0.0 1.0 0.0 0.0 50.0 122.0 0.62 0.1 0.62 0.02 0.0 0.0 0.0 0.0
0.0 1657.0 340.0 0.0 0.0 0.0 0.0 0.0 0.0 0.0 0.0 0.0 0.0 0.0 0.0 1.0 1.0 0.0 0.0 0.0 0.0 1.0 0.0 0.0 60.0 120.0 0.37 0.08 0.02 0.03 0.0 0.0 0.0 0.0
0.0 8.0 140.0 0.0 0.0 0.0 0.0 0.0 0.0 0.0 0.0 0.0 0.0 0.0 0.0 1.0 2.0 0.0 0.0 0.0 0.0 1.0 0.0 1.0 70.0 6.0 0.03 0.07 0.01 0.33 0.0 0.0 0.0 0.0
0.0 984.0 289.0 0.0 0.0 0.0 0.0 0.0 0.0 0.0 0.0 1.0 0.0 0.0 0.0 1.0 1.0 0.0 0.0 0.0 0.0 1.0 0.0 0.0 80.0 137.0 0.49 0.06 0.01 0.02 0.0 0.0 0.0 0.0
0.0 598.0 335.0 0.0 0.0 0.0 0.0 0.0 0.0 0.0 0.0 0.0 0.0 0.0 0.0 1.0 1.0 0.0 0.0 0.0 0.0 1.0 0.0 0.0 90.0 139.0 0.48 0.06 0.01 0.02 0.0 0.0 0.0 0.0
1.0 658.0 341.0 0.0 0.0 0.0 0.0 0.0 0.0 0.0 0.0 0.0 0.0 0.0 0.0 1.0 2.0 0.0 0.0 0.0 0.0 1.0 0.0 1.0 100.0 136.0 0.49 0.05 0.02 0.01 0.0 0.0 0.0 0.0
1.0 1355.0 341.0 0.0 0.0 0.0 0.0 0.0 0.0 0.0 0.0 0.0 0.0 0.0 0.0 1.0 2.0 0.0 0.0 0.0 0.0 1.0 0.0 1.0 110.0 136.0 0.51 0.05 0.01 0.01 0.0 0.0 0.0 0.0
0.0 1065.0 286.0 0.0 0.0 0.0 0.0 0.0 0.0 0.0 0.0 0.0 0.0 0.0 0.0 1.0 3.0 0.0 0.0 0.0 0.0 1.0 0.0 1.0 120.0 136.0 0.54 0.04 0.01 0.01 0.0 0.0 0.0 0.0
0.0 1415.0 288.0 0.0 0.0 0.0 0.0 0.0 0.0 0.0 0.0 0.0 0.0 0.0 0.0 1.0 1.0 0.0 0.0 0.0 0.0 1.0 0.0 0.0 130.0 137.0 0.54 0.04 0.01 0.01 0.0 0.0 0.0 0.0
0.0 12983.0 0.0 0.0 0.0 0.0 0.0 0.0 0.0 0.0 0.0 0.0 0.0 0.0 0.0 2.0 3.0 0.0 0.0 0.0 0.0 1.0 0.0 0.67 140.0 101.0 0.41 0.04 0.41 0.02 0.0 0.0 0.0 0.0
1.0 860.0 336.0 0.0 0.0 0.0 0.0 0.0 0.0 0.0 0.0 0.0 0.0 0.0 0.0 1.0 2.0 0.0 0.0 0.0 0.0 1.0 0.0 1.0 150.0 124.0 0.49 0.03 0.01 0.02 0.0 0.0 0.0 0.0
0.0 495.0 0.0 0.0 0.0 0.0 0.0 0.0 0.0 0.0 5.0 0.0 0.0 0.0 0.0 1.0 1.0 0.0 0.0 0.0 0.0 1.0 0.0 0.0 160.0 109.0 0.41 0.04 0.41 0.02 0.01 0.0 0.0 0.0
0.0 619.0 336.0 0.0 0.0 0.0 0.0 0.0 0.0 0.0 0.0 0.0 0.0 0.0 0.0 1.0 1.0 0.0 0.0 0.0 0.0 1.0 0.0 0.0 170.0 122.0 0.49 0.04 0.01 0.02 0.01 0.0 0.0 0.0
0.0 38.0 130.0 0.0 0.0 0.0 0.0 0.0 0.0 0.0 0.0 0.0 0.0 0.0 0.0 1.0 1.0 0.0 0.0 0.0 0.0 1.0 0.0 0.0 180.0 12.0 0.04 0.03 0.01 0.17 0.01 0.0 0.0 0.0
0.0 1470.0 0.0 0.0 0.0 0.0 0.0 0.0 0.0 0.0 0.0 0.0 0.0 0.0 0.0 4.0 4.0 0.0 0.0 0.0 0.0 1.0 0.0 0.0 190.0 104.0 0.42 0.03 0.42 0.02 0.01 0.0 0.0 0.0
0.0 59.0 0.0 0.0 0.0 0.0 0.0 0.0 0.0 0.0 0.0 0.0 0.0 0.0 0.0 14.0 14.0 0.0 0.0 0.0 0.0 1.0 0.0 0.0 200.0 104.0 0.44 0.03 0.44 0.02 0.0 0.0 0.0 0.0
0.0 7196.0 0.0 0.0 0.0 0.0 0.0 0.0 0.0 0.0 0.0 0.0 0.0 0.0 0.0 24.0 24.0 0.0 0.0 0.0 0.0 1.0 0.0 0.0 210.0 104.0 0.47 0.03 0.47 0.02 0.0 0.0 0.0 0.0
0.0 245.0 0.0 0.0 0.0 0.0 0.0 0.0 0.0 0.0 1.0 0.0 0.0 0.0 0.0 2.0 2.0 0.0 0.0 0.0 0.0 1.0 0.0 0.0 220.0 105.0 0.46 0.03 0.46 0.02 0.0 0.0 0.0 0.0
0.0 495.0 0.0 0.0 0.0 0.0 0.0 0.0 0.0 0.0 5.0 0.0 0.0 0.0 0.0 1.0 1.0 0.0 0.0 0.0 0.0 1.0 0.0 0.0 230.0 110.0 0.46 0.03 0.46 0.02 0.0 0.0 0.0 0.0
0.0 2023.0 334.0 0.0 0.0 0.0 0.0 0.0 0.0 0.0 0.0 0.0 0.0 0.0 0.0 1.0 2.0 0.0 0.0 0.0 0.0 1.0 0.0 1.0 240.0 118.0 0.46 0.03 0.0 0.02 0.0 0.0 0.0 0.0
0.0 749.0 0.0 0.0 0.0 0.0 0.0 0.0 0.0 0.0 0.0 0.0 0.0 0.0 0.0 4.0 4.0 0.0 0.0 0.0 0.0 1.0 0.0 0.0 250.0 123.0 0.48 0.02 0.48 0.02 0.0 0.0 0.0 0.0
0.0 906.0 341.0 0.0 0.0 0.0 0.0 0.0 0.0 0.0 0.0 0.0 0.0 0.0 0.0 1.0 1.0 0.0 0.0 0.0 0.0 1.0 0.0 0.0 255.0 112.0 0.44 0.02 0.0 0.0 0.0 0.0 0.0 0.0
0.0 495.0 0.0 0.0 0.0 0.0 0.0 0.0 0.0 0.0 5.0 0.0 0.0 0.0 0.0 1.0 1.0 0.0 0.0 0.0 0.0 1.0 0.0 0.0 1.0 120.0 1.0 0.0 1.0 0.02 0.0 0.0 0.0 0.0
1.0 1131.0 329.0 0.0 0.0 0.0 0.0 0.0 0.0 0.0 0.0 0.0 0.0 0.0 0.0 1.0 1.0 0.0 0.0 0.0 0.0 1.0 0.0 0.0 11.0 114.0 0.45 0.18 0.09 0.02 0.0 0.0 0.0 0.0
0.0 595.0 332.0 0.0 0.0 0.0 0.0 0.0 0.0 0.0 0.0 0.0 0.0 0.0 0.0 1.0 1.0 0.0 0.0 0.0 0.0 1.0 0.0 0.0 21.0 120.0 0.52 0.19 0.05 0.02 0.0 0.0 0.0 0.0
0.0 1163.0 328.0 0.0 0.0 0.0 0.0 0.0 0.0 0.0 0.0 0.0 0.0 0.0 0.0 1.0 1.0 0.0 0.0 0.0 0.0 1.0 0.0 0.0 31.0 129.0 0.65 0.13 0.03 0.02 0.0 0.0 0.0 0.0
0.0 10.0 35.0 0.0 0.0 0.0 0.0 0.0 0.0 0.0 0.0 0.0 0.0 0.0 0.0 1.0 1.0 0.0 0.0 0.0 0.0 1.0 0.0 0.0 41.0 11.0 0.17 0.1 0.02 0.18 0.0 0.0 0.0 0.0
