0.0 105.0 145.0 0.0 0.0 0.0 0.0 0.0 0.0 0.0 0.0 0.0 0.0 0.0 0.0 1.0 1.0 0.0 0.0 0.0 0.0 1.0 0.0 0.0 255.0 243.0 0.95 0.01 0.0 0.0 0.0 0.0 0.0 0.0
1.0 105.0 145.0 0.0 0.0 0.0 0.0 0.0 0.0 0.0 0.0 0.0 0.0 0.0 0.0 2.0 2.0 0.0 0.0 0.0 0.0 1.0 0.0 0.0 255.0 247.0 0.97 0.01 0.01 0.0 0.0 0.0 0.0 0.0
0.0 105.0 145.0 0.0 0.0 0.0 0.0 0.0 0.0 0.0 0.0 0.0 0.0 0.0 0.0 1.0 1.0 0.0 0.0 0.0 0.0 1.0 0.0 0.0 255.0 246.0 0.96 0.01 0.0 0.0 0.0 0.0 0.0 0.0
0.0 105.0 145.0 0.0 0.0 0.0 0.0 0.0 0.0 0.0 0.0 0.0 0.0 0.0 0.0 1.0 1.0 0.0 0.0 0.0 0.0 1.0 0.0 0.0 255.0 247.0 0.97 0.01 0.0 0.0 0.0 0.0 0.0 0.0
0.0 105.0 145.0 0.0 0.0 0.0 0.0 0.0 0.0 0.0 0.0 0.0 0.0 0.0 0.0 1.0 1.0 0.0 0.0 0.0 0.0 1.0 0.0 0.0 255.0 247.0 0.97 0.01 0.0 0.0 0.0 0.0 0.0 0.0
0.0 181.0 0.0 0.0 0.0 0.0 0.0 0.0 0.0 0.0 0.0 0.0 0.0 0.0 0.0 2.0 1.0 0.0 0.0 0.0 0.0 0.5 1.0 0.0 255.0 7.0 0.03 0.01 0.04 0.0 0.0 0.0 0.0 0.0
0.0 105.0 145.0 0.0 0.0 0.0 0.0 0.0 0.0 0.0 0.0 0.0 0.0 0.0 0.0 1.0 1.0 0.0 0.0 0.0 0.0 1.0 0.0 0.0 255.0 244.0 0.96 0.01 0.0 0.0 0.0 0.0 0.0 0.0
5.0 105.0 145.0 0.0 0.0 0.0 0.0 0.0 0.0 0.0 0.0 0.0 0.0 0.0 0.0 2.0 2.0 0.0 0.0 0.0 0.0 1.0 0.0 0.0 255.0 244.0 0.96 0.01 0.01 0.0 0.0 0.0 0.0 0.0
0.0 105.0 145.0 0.0 0.0 0.0 0.0 0.0 0.0 0.0 0.0 0.0 0.0 0.0 0.0 1.0 1.0 0.0 0.0 0.0 0.0 1.0 0.0 0.0 255.0 244.0 0.96 0.01 0.0 0.0 0.0 0.0 0.0 0.0
0.0 105.0 145.0 0.0 0.0 0.0 0.0 0.0 0.0 0.0 0.0 0.0 0.0 0.0 0.0 1.0 1.0 0.0 0.0 0.0 0.0 1.0 0.0 0.0 255.0 244.0 0.96 0.01 0.01 0.0 0.0 0.0 0.0 0.0
0.0 105.0 145.0 0.0 0.0 0.0 0.0 0.0 0.0 0.0 0.0 0.0 0.0 0.0 0.0 1.0 1.0 0.0 0.0 0.0 0.0 1.0 0.0 0.0 255.0 244.0 0.96 0.01 0.0 0.0 0.0 0.0 0.0 0.0
0.0 105.0 145.0 0.0 0.0 0.0 0.0 0.0 0.0 0.0 0.0 0.0 0.0 0.0 0.0 1.0 1.0 0.0 0.0 0.0 0.0 1.0 0.0 0.0 255.0 247.0 0.97 0.01 0.0 0.0 0.0 0.0 0.0 0.0
9.0 105.0 145.0 0.0 0.0 0.0 0.0 0.0 0.0 0.0 0.0 0.0 0.0 0.0 0.0 2.0 2.0 0.0 0.0 0.0 0.0 1.0 0.0 0.0 255.0 247.0 0.97 0.01 0.01 0.0 0.0 0.0 0.0 0.0
0.0 105.0 145.0 0.0 0.0 0.0 0.0 0.0 0.0 0.0 0.0 0.0 0.0 0.0 0.0 1.0 1.0 0.0 0.0 0.0 0.0 1.0 0.0 0.0 255.0 247.0 0.97 0.01 0.0 0.0 0.0 0.0 0.0 0.0
0.0 105.0 145.0 0.0 0.0 0.0 0.0 0.0 0.0 0.0 0.0 0.0 0.0 0.0 0.0 1.0 1.0 0.0 0.0 0.0 0.0 1.0 0.0 0.0 255.0 247.0 0.97 0.01 0.0 0.0 0.0 0.0 0.0 0.0
0.0 105.0 0.0 0.0 0.0 0.0 0.0 0.0 0.0 0.0 0.0 0.0 0.0 0.0 0.0 2.0 2.0 0.0 0.0 0.0 0.0 1.0 0.0 0.0 255.0 244.0 0.96 0.01 0.0 0.0 0.0 0.0 0.0 0.0
0.0 105.0 145.0 0.0 0.0 0.0 0.0 0.0 0.0 0.0 0.0 0.0 0.0 0.0 0.0 1.0 1.0 0.0 0.0 0.0 0.0 1.0 0.0 0.0 255.0 244.0 0.96 0.01 0.01 0.0 0.0 0.0 0.0 0.0
0.0 105.0 0.0 0.0 0.0 0.0 0.0 0.0 0.0 0.0 0.0 0.0 0.0 0.0 0.0 2.0 2.0 0.0 0.0 0.0 0.0 1.0 0.0 0.0 255.0 244.0 0.96 0.01 0.01 0.0 0.0 0.0 0.0 0.0
0.0 105.0 145.0 0.0 0.0 0.0 0.0 0.0 0.0 0.0 0.0 0.0 0.0 0.0 0.0 1.0 1.0 0.0 0.0 0.0 0.0 1.0 0.0 0.0 255.0 244.0 0.96 0.01 0.0 0.0 0.0 0.0 0.0 0.0
0.0 105.0 145.0 0.0 0.0 0.0 0.0 0.0 0.0 0.0 0.0 0.0 0.0 0.0 0.0 1.0 1.0 0.0 0.0 0.0 0.0 1.0 0.0 0.0 255.0 243.0 0.95 0.01 0.0 0.0 0.0 0.0 0.0 0.0
0.0 105.0 145.0 0.0 0.0 0.0 0.0 0.0 0.0 0.0 0.0 0.0 0.0 0.0 0.0 1.0 1.0 0.0 0.0 0.0 0.0 1.0 0.0 0.0 255.0 243.0 0.95 0.01 0.01 0.0 0.0 0.0 0.0 0.0
0.0 105.0 0.0 0.0 0.0 0.0 0.0 0.0 0.0 0.0 0.0 0.0 0.0 0.0 0.0 1.0 1.0 0.0 0.0 0.0 0.0 1.0 0.0 0.0 255.0 246.0 0.96 0.01 0.0 0.0 0.0 0.0 0.0 0.0
0.0 105.0 145.0 0.0 0.0 0.0 0.0 0.0 0.0 0.0 0.0 0.0 0.0 0.0 0.0 1.0 1.0 0.0 0.0 0.0 0.0 1.0 0.0 0.0 255.0 246.0 0.96 0.01 0.0 0.0 0.0 0.0 0.0 0.0
0.0 105.0 145.0 0.0 0.0 0.0 0.0 0.0 0.0 0.0 0.0 0.0 0.0 0.0 0.0 1.0 1.0 0.0 0.0 0.0 0.0 1.0 0.0 0.0 255.0 246.0 0.96 0.01 0.0 0.0 0.0 0.0 0.0 0.0
0.0 105.0 145.0 0.0 0.0 0.0 0.0 0.0 0.0 0.0 0.0 0.0 0.0 0.0 0.0 2.0 2.0 0.0 0.0 0.0 0.0 1.0 0.0 0.0 255.0 243.0 0.95 0.01 0.01 0.0 0.0 0.0 0.0 0.0
0.0 105.0 145.0 0.0 0.0 0.0 0.0 0.0 0.0 0.0 0.0 0.0 0.0 0.0 0.0 1.0 1.0 0.0 0.0 0.0 0.0 1.0 0.0 0.0 255.0 243.0 0.95 0.01 0.0 0.0 0.0 0.0 0.0 0.0
0.0 105.0 145.0 0.0 0.0 0.0 0.0 0.0 0.0 0.0 0.0 0.0 0.0 0.0 0.0 1.0 1.0 0.0 0.0 0.0 0.0 1.0 0.0 0.0 255.0 243.0 0.95 0.01 0.0 0.0 0.0 0.0 0.0 0.0
0.0 105.0 145.0 0.0 0.0 0.0 0.0 0.0 0.0 0.0 0.0 0.0 0.0 0.0 0.0 1.0 1.0 0.0 0.0 0.0 0.0 1.0 0.0 0.0 255.0 243.0 0.95 0.01 0.0 0.0 0.0 0.0 0.0 0.0
0.0 105.0 145.0 0.0 0.0 0.0 0.0 0.0 0.0 0.0 0.0 0.0 0.0 0.0 0.0 1.0 1.0 0.0 0.0 0.0 0.0 1.0 0.0 0.0 255.0 243.0 0.95 0.01 0.0 0.0 0.0 0.0 0.0 0.0
0.0 105.0 145.0 0.0 0.0 0.0 0.0 0.0 0.0 0.0 0.0 0.0 0.0 0.0 0.0 1.0 1.0 0.0 0.0 0.0 0.0 1.0 0.0 0.0 255.0 243.0 0.95 0.01 0.01 0.0 0.0 0.0 0.0 0.0
0.0 105.0 145.0 0.0 0.0 0.0 0.0 0.0 0.0 0.0 0.0 0.0 0.0 0.0 0.0 5.0 2.0 0.0 0.0 0.0 0.0 0.4 0.4 0.0 255.0 243.0 0.95 0.01 0.01 0.0 0.0 0.0 0.0 0.0
0.0 105.0 145.0 0.0 0.0 0.0 0.0 0.0 0.0 0.0 0.0 0.0 0.0 0.0 0.0 1.0 1.0 0.0 0.0 0.0 0.0 1.0 0.0 0.0 255.0 246.0 0.96 0.01 0.0 0.0 0.0 0.0 0.0 0.0
0.0 105.0 145.0 0.0 0.0 0.0 0.0 0.0 0.0 0.0 0.0 0.0 0.0 0.0 0.0 1.0 1.0 0.0 0.0 0.0 0.0 1.0 0.0 0.0 255.0 246.0 0.96 0.01 0.0 0.0 0.0 0.0 0.0 0.0
0.0 105.0 145.0 0.0 0.0 0.0 0.0 0.0 0.0 0.0 0.0 0.0 0.0 0.0 0.0 1.0 1.0 0.0 0.0 0.0 0.0 1.0 0.0 0.0 255.0 243.0 0.95 0.01 0.0 0.0 0.0 0.0 0.0 0.0
0.0 105.0 145.0 0.0 0.0 0.0 0.0 0.0 0.0 0.0 0.0 0.0 0.0 0.0 0.0 1.0 1.0 0.0 0.0 0.0 0.0 1.0 0.0 0.0 255.0 243.0 0.95 0.01 0.01 0.0 0.0 0.0 0.0 0.0
0.0 105.0 145.0 0.0 0.0 0.0 0.0 0.0 0.0 0.0 0.0 0.0 0.0 0.0 0.0 1.0 1.0 0.0 0.0 0.0 0.0 1.0 0.0 0.0 255.0 243.0 0.95 0.01 0.01 0.0 0.0 0.0 0.0 0.0
9.0 105.0 145.0 0.0 0.0 0.0 0.0 0.0 0.0 0.0 0.0 0.0 0.0 0.0 0.0 2.0 2.0 0.0 0.0 0.0 0.0 1.0 0.0 0.0 255.0 243.0 0.95 0.01 0.01 0.0 0.0 0.0 0.0 0.0
0.0 105.0 145.0 0.0 0.0 0.0 0.0 0.0 0.0 0.0 0.0 0.0 0.0 0.0 0.0 1.0 1.0 0.0 0.0 0.0 0.0 1.0 0.0 0.0 255.0 243.0 0.95 0.01 0.01 0.0 0.0 0.0 0.0 0.0
0.0 105.0 0.0 0.0 0.0 0.0 0.0 0.0 0.0 0.0 0.0 0.0 0.0 0.0 0.0 2.0 2.0 0.0 0.0 0.0 0.0 1.0 0.0 0.0 255.0 243.0 0.95 0.01 0.01 0.0 0.0 0.0 0.0 0.0
0.0 105.0 145.0 0.0 0.0 0.0 0.0 0.0 0.0 0.0 0.0 0.0 0.0 0.0 0.0 1.0 1.0 0.0 0.0 0.0 0.0 1.0 0.0 0.0 255.0 242.0 0.95 0.01 0.0 0.0 0.0 0.0 0.0 0.0
0.0 105.0 145.0 0.0 0.0 0.0 0.0 0.0 0.0 0.0 0.0 0.0 0.0 0.0 0.0 1.0 1.0 0.0 0.0 0.0 0.0 1.0 0.0 0.0 255.0 246.0 0.96 0.01 0.0 0.0 0.0 0.0 0.0 0.0
0.0 105.0 145.0 0.0 0.0 0.0 0.0 0.0 0.0 0.0 0.0 0.0 0.0 0.0 0.0 1.0 1.0 0.0 0.0 0.0 0.0 1.0 0.0 0.0 255.0 244.0 0.96 0.01 0.0 0.0 0.0 0.0 0.0 0.0
0.0 105.0 145.0 0.0 0.0 0.0 0.0 0.0 0.0 0.0 0.0 0.0 0.0 0.0 0.0 5.0 2.0 0.0 0.0 0.0 0.0 0.4 0.4 0.0 255.0 241.0 0.95 0.01 0.01 0.0 0.0 0.0 0.0 0.0
0.0 105.0 145.0 0.0 0.0 0.0 0.0 0.0 0.0 0.0 0.0 0.0 0.0 0.0 0.0 1.0 1.0 0.0 0.0 0.0 0.0 1.0 0.0 0.0 255.0 241.0 0.95 0.01 0.0 0.0 0.0 0.0 0.0 0.0
0.0 105.0 0.0 0.0 0.0 0.0 0.0 0.0 0.0 0.0 0.0 0.0 0.0 0.0 0.0 1.0 1.0 0.0 0.0 0.0 0.0 1.0 0.0 0.0 255.0 241.0 0.95 0.01 0.0 0.0 0.0 0.0 0.0 0.0
0.0 105.0 0.0 0.0 0.0 0.0 0.0 0.0 0.0 0.0 0.0 0.0 0.0 0.0 0.0 2.0 2.0 0.0 0.0 0.0 0.0 1.0 0.0 0.0 255.0 242.0 0.95 0.01 0.01 0.0 0.0 0.0 0.0 0.0
0.0 105.0 145.0 0.0 0.0 0.0 0.0 0.0 0.0 0.0 0.0 0.0 0.0 0.0 0.0 1.0 1.0 0.0 0.0 0.0 0.0 1.0 0.0 0.0 255.0 242.0 0.95 0.01 0.0 0.0 0.0 0.0 0.0 0.0
0.0 105.0 145.0 0.0 0.0 0.0 0.0 0.0 0.0 0.0 0.0 0.0 0.0 0.0 0.0 1.0 1.0 0.0 0.0 0.0 0.0 1.0 0.0 0.0 255.0 242.0 0.95 0.01 0.0 0.0 0.0 0.0 0.0 0.0
0.0 105.0 145.0 0.0 0.0 0.0 0.0 0.0 0.0 0.0 0.0 0.0 0.0 0.0 0.0 1.0 1.0 0.0 0.0 0.0 0.0 1.0 0.0 0.0 255.0 242.0 0.95 0.01 0.0 0.0 0.0 0.0 0.0 0.0
0.0 105.0 145.0 0.0 0.0 0.0 0.0 0.0 0.0 0.0 0.0 0.0 0.0 0.0 0.0 1.0 1.0 0.0 0.0 0.0 0.0 1.0 0.0 0.0 255.0 242.0 0.95 0.01 0.0 0.0 0.0 0.0 0.0 0.0
0.0 105.0 145.0 0.0 0.0 0.0 0.0 0.0 0.0 0.0 0.0 0.0 0.0 0.0 0.0 1.0 1.0 0.0 0.0 0.0 0.0 1.0 0.0 0.0 255.0 245.0 0.96 0.01 0.0 0.0 0.0 0.0 0.0 0.0
0.0 105.0 145.0 0.0 0.0 0.0 0.0 0.0 0.0 0.0 0.0 0.0 0.0 0.0 0.0 1.0 1.0 0.0 0.0 0.0 0.0 1.0 0.0 0.0 255.0 245.0 0.96 0.01 0.0 0.0 0.0 0.0 0.0 0.0
0.0 105.0 145.0 0.0 0.0 0.0 0.0 0.0 0.0 0.0 0.0 0.0 0.0 0.0 0.0 1.0 1.0 0.0 0.0 0.0 0.0 1.0 0.0 0.0 255.0 245.0 0.96 0.01 0.0 0.0 0.0 0.0 0.0 0.0
0.0 105.0 145.0 0.0 0.0 0.0 0.0 0.0 0.0 0.0 0.0 0.0 0.0 0.0 0.0 1.0 1.0 0.0 0.0 0.0 0.0 1.0 0.0 0.0 255.0 242.0 0.95 0.01 0.0 0.0 0.0 0.0 0.0 0.0
0.0 105.0 0.0 0.0 0.0 0.0 0.0 0.0 0.0 0.0 0.0 0.0 0.0 0.0 0.0 2.0 2.0 0.0 0.0 0.0 0.0 1.0 0.0 0.0 255.0 242.0 0.95 0.01 0.01 0.0 0.0 0.0 0.0 0.0
0.0 105.0 145.0 0.0 0.0 0.0 0.0 0.0 0.0 0.0 0.0 0.0 0.0 0.0 0.0 1.0 1.0 0.0 0.0 0.0 0.0 1.0 0.0 0.0 255.0 242.0 0.95 0.01 0.0 0.0 0.0 0.0 0.0 0.0
0.0 105.0 145.0 0.0 0.0 0.0 0.0 0.0 0.0 0.0 0.0 0.0 0.0 0.0 0.0 1.0 1.0 0.0 0.0 0.0 0.0 1.0 0.0 0.0 255.0 242.0 0.95 0.01 0.0 0.0 0.0 0.0 0.0 0.0
0.0 105.0 0.0 0.0 0.0 0.0 0.0 0.0 0.0 0.0 0.0 0.0 0.0 0.0 0.0 1.0 1.0 0.0 0.0 0.0 0.0 1.0 0.0 0.0 255.0 242.0 0.95 0.01 0.0 0.0 0.0 0.0 0.0 0.0
0.0 105.0 145.0 0.0 0.0 0.0 0.0 0.0 0.0 0.0 0.0 0.0 0.0 0.0 0.0 1.0 1.0 0.0 0.0 0.0 0.0 1.0 0.0 0.0 255.0 243.0 0.95 0.01 0.0 0.0 0.0 0.0 0.0 0.0
0.0 105.0 145.0 0.0 0.0 0.0 0.0 0.0 0.0 0.0 0.0 0.0 0.0 0.0 0.0 1.0 1.0 0.0 0.0 0.0 0.0 1.0 0.0 0.0 255.0 245.0 0.96 0.01 0.0 0.0 0.0 0.0 0.0 0.0
5.0 105.0 145.0 0.0 0.0 0.0 0.0 0.0 0.0 0.0 0.0 0.0 0.0 0.0 0.0 2.0 2.0 0.0 0.0 0.0 0.0 1.0 0.0 0.0 255.0 245.0 0.96 0.01 0.01 0.0 0.0 0.0 0.0 0.0
0.0 105.0 145.0 0.0 0.0 0.0 0.0 0.0 0.0 0.0 0.0 0.0 0.0 0.0 0.0 1.0 1.0 0.0 0.0 0.0 0.0 1.0 0.0 0.0 255.0 242.0 0.95 0.01 0.0 0.0 0.0 0.0 0.0 0.0
0.0 105.0 145.0 0.0 0.0 0.0 0.0 0.0 0.0 0.0 0.0 0.0 0.0 0.0 0.0 5.0 2.0 0.0 0.0 0.0 0.0 0.4 0.4 0.0 255.0 242.0 0.95 0.01 0.01 0.0 0.0 0.0 0.0 0.0
0.0 30.0 0.0 0.0 0.0 0.0 0.0 0.0 0.0 0.0 0.0 0.0 0.0 0.0 0.0 1.0 1.0 0.0 0.0 0.0 0.0 1.0 0.0 0.0 255.0 3.0 0.01 0.01 0.07 0.0 0.0 0.0 0.0 0.0
0.0 105.0 145.0 0.0 0.0 0.0 0.0 0.0 0.0 0.0 0.0 0.0 0.0 0.0 0.0 1.0 1.0 0.0 0.0 0.0 0.0 1.0 0.0 0.0 255.0 239.0 0.94 0.01 0.0 0.0 0.0 0.0 0.0 0.0
0.0 105.0 145.0 0.0 0.0 0.0 0.0 0.0 0.0 0.0 0.0 0.0 0.0 0.0 0.0 1.0 1.0 0.0 0.0 0.0 0.0 1.0 0.0 0.0 255.0 239.0 0.94 0.01 0.0 0.0 0.0 0.0 0.0 0.0
0.0 105.0 0.0 0.0 0.0 0.0 0.0 0.0 0.0 0.0 0.0 0.0 0.0 0.0 0.0 2.0 2.0 0.0 0.0 0.0 0.0 1.0 0.0 0.0 255.0 240.0 0.94 0.01 0.01 0.0 0.0 0.0 0.0 0.0
0.0 105.0 145.0 0.0 0.0 0.0 0.0 0.0 0.0 0.0 0.0 0.0 0.0 0.0 0.0 1.0 1.0 0.0 0.0 0.0 0.0 1.0 0.0 0.0 255.0 241.0 0.95 0.01 0.0 0.0 0.0 0.0 0.0 0.0
0.0 105.0 145.0 0.0 0.0 0.0 0.0 0.0 0.0 0.0 0.0 0.0 0.0 0.0 0.0 1.0 1.0 0.0 0.0 0.0 0.0 1.0 0.0 0.0 255.0 244.0 0.96 0.01 0.0 0.0 0.0 0.0 0.0 0.0
0.0 105.0 0.0 0.0 0.0 0.0 0.0 0.0 0.0 0.0 0.0 0.0 0.0 0.0 0.0 1.0 1.0 0.0 0.0 0.0 0.0 1.0 0.0 0.0 255.0 244.0 0.96 0.01 0.0 0.0 0.0 0.0 0.0 0.0
0.0 105.0 145.0 0.0 0.0 0.0 0.0 0.0 0.0 0.0 0.0 0.0 0.0 0.0 0.0 1.0 1.0 0.0 0.0 0.0 0.0 1.0 0.0 0.0 255.0 241.0 0.95 0.01 0.0 0.0 0.0 0.0 0.0 0.0
0.0 105.0 145.0 0.0 0.0 0.0 0.0 0.0 0.0 0.0 0.0 0.0 0.0 0.0 0.0 1.0 1.0 0.0 0.0 0.0 0.0 1.0 0.0 0.0 255.0 241.0 0.95 0.01 0.0 0.0 0.0 0.0 0.0 0.0
0.0 105.0 145.0 0.0 0.0 0.0 0.0 0.0 0.0 0.0 0.0 0.0 0.0 0.0 0.0 1.0 1.0 0.0 0.0 0.0 0.0 1.0 0.0 0.0 255.0 241.0 0.95 0.01 0.01 0.0 0.0 0.0 0.0 0.0
0.0 105.0 145.0 0.0 0.0 0.0 0.0 0.0 0.0 0.0 0.0 0.0 0.0 0.0 0.0 1.0 1.0 0.0 0.0 0.0 0.0 1.0 0.0 0.0 255.0 238.0 0.93 0.01 0.0 0.0 0.0 0.0 0.0 0.0
0.0 105.0 0.0 0.0 0.0 0.0 0.0 0.0 0.0 0.0 0.0 0.0 0.0 0.0 0.0 2.0 2.0 0.0 0.0 0.0 0.0 1.0 0.0 0.0 255.0 238.0 0.93 0.01 0.01 0.0 0.0 0.0 0.0 0.0
0.0 105.0 145.0 0.0 0.0 0.0 0.0 0.0 0.0 0.0 0.0 0.0 0.0 0.0 0.0 1.0 1.0 0.0 0.0 0.0 0.0 1.0 0.0 0.0 255.0 237.0 0.93 0.01 0.0 0.0 0.0 0.0 0.0 0.0
0.0 105.0 145.0 0.0 0.0 0.0 0.0 0.0 0.0 0.0 0.0 0.0 0.0 0.0 0.0 5.0 2.0 0.0 0.0 0.0 0.0 0.4 0.4 0.0 255.0 237.0 0.93 0.01 0.01 0.0 0.0 0.0 0.0 0.0
0.0 105.0 145.0 0.0 0.0 0.0 0.0 0.0 0.0 0.0 0.0 0.0 0.0 0.0 0.0 1.0 1.0 0.0 0.0 0.0 0.0 1.0 0.0 0.0 255.0 237.0 0.93 0.01 0.0 0.0 0.0 0.0 0.0 0.0
0.0 105.0 0.0 0.0 0.0 0.0 0.0 0.0 0.0 0.0 0.0 0.0 0.0 0.0 0.0 1.0 1.0 0.0 0.0 0.0 0.0 1.0 0.0 0.0 255.0 238.0 0.93 0.01 0.02 0.0 0.0 0.0 0.0 0.0
0.0 45.0 114.0 0.0 0.0 0.0 0.0 0.0 0.0 0.0 0.0 0.0 0.0 0.0 0.0 1.0 4.0 0.0 0.0 0.0 0.0 1.0 0.0 0.75 2.0 2.0 1.0 0.0 0.5 0.0 0.0 0.0 0.0 0.0
0.0 45.0 114.0 0.0 0.0 0.0 0.0 0.0 0.0 0.0 0.0 0.0 0.0 0.0 0.0 2.0 6.0 0.0 0.0 0.0 0.0 1.0 0.0 0.5 12.0 11.0 0.92 0.17 0.08 0.0 0.0 0.0 0.0 0.0
0.0 45.0 115.0 0.0 0.0 0.0 0.0 0.0 0.0 0.0 0.0 0.0 0.0 0.0 0.0 2.0 4.0 0.0 0.0 0.0 0.0 1.0 0.0 0.5 22.0 21.0 0.95 0.09 0.05 0.0 0.0 0.0 0.0 0.0
0.0 33.0 49.0 0.0 0.0 0.0 0.0 0.0 0.0 0.0 0.0 0.0 0.0 0.0 0.0 2.0 5.0 0.0 0.0 0.0 0.0 1.0 0.0 0.6 32.0 31.0 0.97 0.06 0.03 0.0 0.0 0.0 0.0 0.0
0.0 45.0 114.0 0.0 0.0 0.0 0.0 0.0 0.0 0.0 0.0 0.0 0.0 0.0 0.0 7.0 22.0 0.0 0.0 0.0 0.0 1.0 0.0 0.14 42.0 40.0 0.95 0.05 0.02 0.0 0.0 0.0 0.0 0.0
0.0 45.0 115.0 0.0 0.0 0.0 0.0 0.0 0.0 0.0 0.0 0.0 0.0 0.0 0.0 2.0 4.0 0.0 0.0 0.0 0.0 1.0 0.0 0.5 52.0 50.0 0.96 0.04 0.02 0.0 0.0 0.0 0.0 0.0
0.0 45.0 114.0 0.0 0.0 0.0 0.0 0.0 0.0 0.0 0.0 0.0 0.0 0.0 0.0 3.0 8.0 0.0 0.0 0.0 0.0 1.0 0.0 0.38 62.0 59.0 0.95 0.03 0.02 0.0 0.0 0.0 0.0 0.0
0.0 45.0 114.0 0.0 0.0 0.0 0.0 0.0 0.0 0.0 0.0 0.0 0.0 0.0 0.0 3.0 6.0 0.0 0.0 0.0 0.0 1.0 0.0 0.33 72.0 69.0 0.96 0.03 0.01 0.0 0.0 0.0 0.0 0.0
0.0 33.0 88.0 0.0 0.0 0.0 0.0 0.0 0.0 0.0 0.0 0.0 0.0 0.0 0.0 1.0 5.0 0.0 0.0 0.0 0.0 1.0 0.0 0.8 82.0 79.0 0.96 0.02 0.01 0.0 0.0 0.0 0.0 0.0
0.0 45.0 114.0 0.0 0.0 0.0 0.0 0.0 0.0 0.0 0.0 0.0 0.0 0.0 0.0 1.0 6.0 0.0 0.0 0.0 0.0 1.0 0.0 0.67 92.0 88.0 0.96 0.02 0.01 0.0 0.0 0.0 0.0 0.0
0.0 45.0 115.0 0.0 0.0 0.0 0.0 0.0 0.0 0.0 0.0 0.0 0.0 0.0 0.0 1.0 2.0 0.0 0.0 0.0 0.0 1.0 0.0 1.0 102.0 98.0 0.96 0.02 0.01 0.0 0.0 0.0 0.0 0.0
0.0 45.0 114.0 0.0 0.0 0.0 0.0 0.0 0.0 0.0 0.0 0.0 0.0 0.0 0.0 1.0 4.0 0.0 0.0 0.0 0.0 1.0 0.0 0.75 112.0 108.0 0.96 0.02 0.01 0.0 0.0 0.0 0.0 0.0
0.0 45.0 115.0 0.0 0.0 0.0 0.0 0.0 0.0 0.0 0.0 0.0 0.0 0.0 0.0 2.0 4.0 0.0 0.0 0.0 0.0 1.0 0.0 0.5 122.0 117.0 0.96 0.02 0.01 0.0 0.0 0.0 0.0 0.0
0.0 45.0 115.0 0.0 0.0 0.0 0.0 0.0 0.0 0.0 0.0 0.0 0.0 0.0 0.0 1.0 2.0 0.0 0.0 0.0 0.0 1.0 0.0 1.0 132.0 126.0 0.95 0.02 0.01 0.0 0.0 0.0 0.0 0.0
0.0 45.0 114.0 0.0 0.0 0.0 0.0 0.0 0.0 0.0 0.0 0.0 0.0 0.0 0.0 1.0 2.0 0.0 0.0 0.0 0.0 1.0 0.0 1.0 142.0 134.0 0.94 0.02 0.01 0.0 0.0 0.0 0.0 0.0
150.0 42.0 42.0 0.0 0.0 0.0 0.0 0.0 0.0 0.0 0.0 0.0 0.0 0.0 0.0 2.0 7.0 0.0 0.0 0.0 0.0 1.0 0.0 0.43 152.0 143.0 0.94 0.02 0.07 0.0 0.0 0.0 0.0 0.0
0.0 45.0 115.0 0.0 0.0 0.0 0.0 0.0 0.0 0.0 0.0 0.0 0.0 0.0 0.0 2.0 4.0 0.0 0.0 0.0 0.0 1.0 0.0 0.5 162.0 152.0 0.94 0.02 0.01 0.0 0.0 0.0 0.0 0.0
0.0 33.0 88.0 0.0 0.0 0.0 0.0 0.0 0.0 0.0 0.0 0.0 0.0 0.0 0.0 1.0 3.0 0.0 0.0 0.0 0.0 1.0 0.0 1.0 172.0 160.0 0.93 0.02 0.01 0.0 0.0 0.0 0.0 0.0
0.0 42.0 42.0 0.0 0.0 0.0 0.0 0.0 0.0 0.0 0.0 0.0 0.0 0.0 0.0 1.0 5.0 0.0 0.0 0.0 0.0 1.0 0.0 0.4 182.0 169.0 0.93 0.02 0.07 0.0 0.0 0.0 0.0 0.0
0.0 45.0 114.0 0.0 0.0 0.0 0.0 0.0 0.0 0.0 0.0 0.0 0.0 0.0 0.0 3.0 4.0 0.0 0.0 0.0 0.0 0.67 0.67 0.5 192.0 178.0 0.93 0.02 0.01 0.0 0.0 0.0 0.0 0.0
0.0 45.0 115.0 0.0 0.0 0.0 0.0 0.0 0.0 0.0 0.0 0.0 0.0 0.0 0.0 2.0 8.0 0.0 0.0 0.0 0.0 1.0 0.0 0.25 202.0 188.0 0.93 0.01 0.0 0.0 0.0 0.0 0.0 0.0
0.0 45.0 115.0 0.0 0.0 0.0 0.0 0.0 0.0 0.0 0.0 0.0 0.0 0.0 0.0 1.0 2.0 0.0 0.0 0.0 0.0 1.0 0.0 1.0 212.0 198.0 0.93 0.01 0.0 0.0 0.0 0.0 0.0 0.0
0.0 34.0 34.0 0.0 0.0 0.0 0.0 0.0 0.0 0.0 0.0 0.0 0.0 0.0 0.0 3.0 7.0 0.0 0.0 0.0 0.0 1.0 0.0 0.43 222.0 207.0 0.93 0.01 0.0 0.0 0.0 0.0 0.0 0.0
0.0 45.0 114.0 0.0 0.0 0.0 0.0 0.0 0.0 0.0 0.0 0.0 0.0 0.0 0.0 1.0 8.0 0.0 0.0 0.0 0.0 1.0 0.0 0.38 232.0 217.0 0.94 0.01 0.01 0.0 0.0 0.0 0.0 0.0
0.0 45.0 114.0 0.0 0.0 0.0 0.0 0.0 0.0 0.0 0.0 0.0 0.0 0.0 0.0 3.0 9.0 0.0 0.0 0.0 0.0 1.0 0.0 0.33 242.0 227.0 0.94 0.01 0.01 0.0 0.0 0.0 0.0 0.0
0.0 45.0 115.0 0.0 0.0 0.0 0.0 0.0 0.0 0.0 0.0 0.0 0.0 0.0 0.0 1.0 2.0 0.0 0.0 0.0 0.0 1.0 0.0 1.0 252.0 237.0 0.94 0.01 0.02 0.0 0.0 0.0 0.0 0.0
0.0 33.0 33.0 0.0 0.0 0.0 0.0 0.0 0.0 0.0 0.0 0.0 0.0 0.0 0.0 2.0 3.0 0.0 0.0 0.0 0.0 1.0 0.0 0.67 255.0 240.0 0.94 0.01 0.0 0.0 0.0 0.0 0.0 0.0
0.0 45.0 114.0 0.0 0.0 0.0 0.0 0.0 0.0 0.0 0.0 0.0 0.0 0.0 0.0 1.0 2.0 0.0 0.0 0.0 0.0 1.0 0.0 1.0 255.0 240.0 0.94 0.01 0.0 0.0 0.0 0.0 0.0 0.0
0.0 34.0 34.0 0.0 0.0 0.0 0.0 0.0 0.0 0.0 0.0 0.0 0.0 0.0 0.0 7.0 11.0 0.0 0.0 0.0 0.0 1.0 0.0 0.18 255.0 240.0 0.94 0.01 0.0 0.0 0.0 0.0 0.0 0.0
0.0 45.0 115.0 0.0 0.0 0.0 0.0 0.0 0.0 0.0 0.0 0.0 0.0 0.0 0.0 4.0 12.0 0.0 0.0 0.0 0.0 0.75 0.5 0.25 255.0 240.0 0.94 0.01 0.0 0.0 0.0 0.0 0.0 0.0
0.0 34.0 34.0 0.0 0.0 0.0 0.0 0.0 0.0 0.0 0.0 0.0 0.0 0.0 0.0 3.0 7.0 0.0 0.0 0.0 0.0 1.0 0.0 0.29 255.0 237.0 0.93 0.01 0.0 0.0 0.0 0.0 0.0 0.0
0.0 45.0 115.0 0.0 0.0 0.0 0.0 0.0 0.0 0.0 0.0 0.0 0.0 0.0 0.0 2.0 7.0 0.0 0.0 0.0 0.0 1.0 0.0 0.43 255.0 237.0 0.93 0.01 0.0 0.0 0.0 0.0 0.0 0.0
0.0 45.0 115.0 0.0 0.0 0.0 0.0 0.0 0.0 0.0 0.0 0.0 0.0 0.0 0.0 1.0 2.0 0.0 0.0 0.0 0.0 1.0 0.0 1.0 255.0 237.0 0.93 0.01 0.01 0.0 0.0 0.0 0.0 0.0
0.0 32.0 48.0 0.0 0.0 0.0 0.0 0.0 0.0 0.0 0.0 0.0 0.0 0.0 0.0 2.0 2.0 0.0 0.0 0.0 0.0 1.0 0.0 0.0 255.0 236.0 0.93 0.01 0.0 0.0 0.0 0.0 0.0 0.0
0.0 32.0 48.0 0.0 0.0 0.0 0.0 0.0 0.0 0.0 0.0 0.0 0.0 0.0 0.0 2.0 5.0 0.0 0.0 0.0 0.0 1.0 0.0 0.6 255.0 237.0 0.93 0.01 0.01 0.0 0.0 0.0 0.0 0.0
0.0 45.0 114.0 0.0 0.0 0.0 0.0 0.0 0.0 0.0 0.0 0.0 0.0 0.0 0.0 1.0 6.0 0.0 0.0 0.0 0.0 1.0 0.0 0.5 255.0 237.0 0.93 0.01 0.0 0.0 0.0 0.0 0.0 0.0
0.0 45.0 114.0 0.0 0.0 0.0 0.0 0.0 0.0 0.0 0.0 0.0 0.0 0.0 0.0 2.0 6.0 0.0 0.0 0.0 0.0 1.0 0.0 0.5 255.0 236.0 0.93 0.02 0.0 0.0 0.0 0.0 0.0 0.0
0.0 34.0 34.0 0.0 0.0 0.0 0.0 0.0 0.0 0.0 0.0 0.0 0.0 0.0 0.0 2.0 7.0 0.0 0.0 0.0 0.0 1.0 0.0 0.57 255.0 237.0 0.93 0.02 0.0 0.0 0.0 0.0 0.0 0.0
0.0 29.0 45.0 0.0 0.0 0.0 0.0 0.0 0.0 0.0 0.0 0.0 0.0 0.0 0.0 2.0 3.0 0.0 0.0 0.0 0.0 1.0 0.0 0.67 255.0 237.0 0.93 0.02 0.0 0.0 0.0 0.0 0.0 0.0
0.0 45.0 115.0 0.0 0.0 0.0 0.0 0.0 0.0 0.0 0.0 0.0 0.0 0.0 0.0 1.0 6.0 0.0 0.0 0.0 0.0 1.0 0.0 0.5 255.0 236.0 0.93 0.02 0.0 0.0 0.0 0.0 0.0 0.0
0.0 48.0 48.0 0.0 0.0 0.0 0.0 0.0 0.0 0.0 0.0 0.0 0.0 0.0 0.0 1.0 1.0 0.0 0.0 0.0 0.0 1.0 0.0 0.0 255.0 9.0 0.04 0.02 0.04 0.0 0.0 0.0 0.0 0.0
0.0 45.0 115.0 0.0 0.0 0.0 0.0 0.0 0.0 0.0 0.0 0.0 0.0 0.0 0.0 2.0 15.0 0.0 0.0 0.0 0.0 1.0 0.0 0.13 255.0 238.0 0.93 0.02 0.0 0.0 0.0 0.0 0.0 0.0
0.0 45.0 114.0 0.0 0.0 0.0 0.0 0.0 0.0 0.0 0.0 0.0 0.0 0.0 0.0 1.0 2.0 0.0 0.0 0.0 0.0 1.0 0.0 1.0 255.0 239.0 0.94 0.02 0.0 0.0 0.0 0.0 0.0 0.0
0.0 38.0 38.0 0.0 0.0 0.0 0.0 0.0 0.0 0.0 0.0 0.0 0.0 0.0 0.0 2.0 3.0 0.0 0.0 0.0 0.0 1.0 0.0 0.67 255.0 241.0 0.95 0.02 0.0 0.0 0.0 0.0 0.0 0.0
0.0 48.0 48.0 0.0 0.0 0.0 0.0 0.0 0.0 0.0 0.0 0.0 0.0 0.0 0.0 1.0 1.0 0.0 0.0 0.0 0.0 1.0 0.0 0.0 255.0 8.0 0.03 0.02 0.03 0.0 0.0 0.0 0.0 0.0
0.0 34.0 91.0 0.0 0.0 0.0 0.0 0.0 0.0 0.0 0.0 0.0 0.0 0.0 0.0 1.0 3.0 0.0 0.0 0.0 0.0 1.0 0.0 1.0 255.0 241.0 0.95 0.02 0.01 0.0 0.0 0.0 0.0 0.0
0.0 45.0 114.0 0.0 0.0 0.0 0.0 0.0 0.0 0.0 0.0 0.0 0.0 0.0 0.0 2.0 9.0 0.0 0.0 0.0 0.0 1.0 0.0 0.44 255.0 241.0 0.95 0.02 0.01 0.0 0.0 0.0 0.0 0.0
0.0 45.0 114.0 0.0 0.0 0.0 0.0 0.0 0.0 0.0 0.0 0.0 0.0 0.0 0.0 1.0 4.0 0.0 0.0 0.0 0.0 1.0 0.0 0.5 255.0 241.0 0.95 0.02 0.01 0.0 0.0 0.0 0.0 0.0
0.0 45.0 114.0 0.0 0.0 0.0 0.0 0.0 0.0 0.0 0.0 0.0 0.0 0.0 0.0 4.0 10.0 0.0 0.0 0.0 0.0 1.0 0.0 0.2 255.0 241.0 0.95 0.02 0.0 0.0 0.0 0.0 0.0 0.0
0.0 45.0 115.0 0.0 0.0 0.0 0.0 0.0 0.0 0.0 0.0 0.0 0.0 0.0 0.0 1.0 2.0 0.0 0.0 0.0 0.0 1.0 0.0 1.0 255.0 241.0 0.95 0.02 0.0 0.0 0.0 0.0 0.0 0.0
0.0 45.0 114.0 0.0 0.0 0.0 0.0 0.0 0.0 0.0 0.0 0.0 0.0 0.0 0.0 3.0 8.0 0.0 0.0 0.0 0.0 1.0 0.0 0.25 255.0 241.0 0.95 0.02 0.0 0.0 0.0 0.0 0.0 0.0
0.0 45.0 114.0 0.0 0.0 0.0 0.0 0.0 0.0 0.0 0.0 0.0 0.0 0.0 0.0 2.0 4.0 0.0 0.0 0.0 0.0 1.0 0.0 0.5 255.0 240.0 0.94 0.02 0.0 0.0 0.0 0.0 0.0 0.0
0.0 34.0 34.0 0.0 0.0 0.0 0.0 0.0 0.0 0.0 0.0 0.0 0.0 0.0 0.0 2.0 3.0 0.0 0.0 0.0 0.0 1.0 0.0 0.67 255.0 240.0 0.94 0.02 0.0 0.0 0.0 0.0 0.0 0.0
0.0 45.0 115.0 0.0 0.0 0.0 0.0 0.0 0.0 0.0 0.0 0.0 0.0 0.0 0.0 1.0 8.0 0.0 0.0 0.0 0.0 1.0 0.0 0.25 255.0 240.0 0.94 0.02 0.01 0.0 0.0 0.0 0.0 0.0
0.0 42.0 42.0 0.0 0.0 0.0 0.0 0.0 0.0 0.0 0.0 0.0 0.0 0.0 0.0 1.0 6.0 0.0 0.0 0.0 0.0 1.0 0.0 0.33 255.0 239.0 0.94 0.02 0.07 0.0 0.0 0.0 0.0 0.0
0.0 48.0 48.0 0.0 0.0 0.0 0.0 0.0 0.0 0.0 0.0 0.0 0.0 0.0 0.0 1.0 1.0 0.0 0.0 0.0 0.0 1.0 0.0 0.0 255.0 10.0 0.04 0.02 0.04 0.0 0.0 0.0 0.0 0.0
0.0 34.0 88.0 0.0 0.0 0.0 0.0 0.0 0.0 0.0 0.0 0.0 0.0 0.0 0.0 1.0 1.0 0.0 0.0 0.0 0.0 1.0 0.0 0.0 255.0 242.0 0.95 0.02 0.0 0.0 0.0 0.0 0.0 0.0
0.0 45.0 114.0 0.0 0.0 0.0 0.0 0.0 0.0 0.0 0.0 0.0 0.0 0.0 0.0 2.0 4.0 0.0 0.0 0.0 0.0 1.0 0.0 0.5 255.0 241.0 0.95 0.02 0.01 0.0 0.0 0.0 0.0 0.0
0.0 48.0 48.0 0.0 0.0 0.0 0.0 0.0 0.0 0.0 0.0 0.0 0.0 0.0 0.0 1.0 1.0 0.0 0.0 0.0 0.0 1.0 0.0 0.0 255.0 12.0 0.05 0.02 0.05 0.0 0.0 0.0 0.0 0.0
0.0 34.0 34.0 0.0 0.0 0.0 0.0 0.0 0.0 0.0 0.0 0.0 0.0 0.0 0.0 2.0 3.0 0.0 0.0 0.0 0.0 1.0 0.0 0.67 255.0 242.0 0.95 0.02 0.0 0.0 0.0 0.0 0.0 0.0
18.0 24.0 42.0 0.0 0.0 0.0 0.0 0.0 0.0 0.0 0.0 0.0 0.0 0.0 0.0 2.0 6.0 0.0 0.0 0.0 0.0 1.0 0.0 0.5 255.0 242.0 0.95 0.02 0.08 0.0 0.0 0.0 0.0 0.0
0.0 30.0 30.0 0.0 0.0 0.0 0.0 0.0 0.0 0.0 0.0 0.0 0.0 0.0 0.0 2.0 3.0 0.0 0.0 0.0 0.0 1.0 0.0 0.67 255.0 241.0 0.95 0.02 0.0 0.0 0.0 0.0 0.0 0.0
795.0 24.0 30.0 0.0 0.0 0.0 0.0 0.0 0.0 0.0 0.0 0.0 0.0 0.0 0.0 1.0 2.0 0.0 0.0 0.0 0.0 1.0 0.0 1.0 255.0 241.0 0.95 0.01 0.09 0.0 0.0 0.0 0.0 0.0
343.0 24.0 31.0 0.0 0.0 0.0 0.0 0.0 0.0 0.0 0.0 0.0 0.0 0.0 0.0 1.0 2.0 0.0 0.0 0.0 0.0 1.0 0.0 1.0 255.0 239.0 0.94 0.01 0.09 0.0 0.0 0.0 0.0 0.0
0.0 30.0 30.0 0.0 0.0 0.0 0.0 0.0 0.0 0.0 0.0 0.0 0.0 0.0 0.0 2.0 3.0 0.0 0.0 0.0 0.0 1.0 0.0 0.67 255.0 236.0 0.93 0.01 0.0 0.0 0.0 0.0 0.0 0.0
0.0 48.0 48.0 0.0 0.0 0.0 0.0 0.0 0.0 0.0 0.0 0.0 0.0 0.0 0.0 1.0 1.0 0.0 0.0 0.0 0.0 1.0 0.0 0.0 255.0 20.0 0.08 0.01 0.08 0.0 0.0 0.0 0.0 0.0
0.0 33.0 88.0 0.0 0.0 0.0 0.0 0.0 0.0 0.0 0.0 0.0 0.0 0.0 0.0 1.0 3.0 0.0 0.0 0.0 0.0 1.0 0.0 1.0 255.0 234.0 0.92 0.01 0.0 0.0 0.0 0.0 0.0 0.0
0.0 48.0 48.0 0.0 0.0 0.0 0.0 0.0 0.0 0.0 0.0 0.0 0.0 0.0 0.0 1.0 1.0 0.0 0.0 0.0 0.0 1.0 0.0 0.0 255.0 20.0 0.08 0.01 0.08 0.0 0.0 0.0 0.0 0.0
0.0 48.0 48.0 0.0 0.0 0.0 0.0 0.0 0.0 0.0 0.0 0.0 0.0 0.0 0.0 1.0 1.0 0.0 0.0 0.0 0.0 1.0 0.0 0.0 255.0 23.0 0.09 0.01 0.09 0.0 0.0 0.0 0.0 0.0
795.0 24.0 30.0 0.0 0.0 0.0 0.0 0.0 0.0 0.0 0.0 0.0 0.0 0.0 0.0 1.0 2.0 0.0 0.0 0.0 0.0 1.0 0.0 1.0 255.0 229.0 0.9 0.01 0.14 0.0 0.0 0.0 0.0 0.0
295.0 24.0 42.0 0.0 0.0 0.0 0.0 0.0 0.0 0.0 0.0 0.0 0.0 0.0 0.0 1.0 2.0 0.0 0.0 0.0 0.0 1.0 0.0 1.0 255.0 227.0 0.89 0.01 0.15 0.0 0.0 0.0 0.0 0.0
0.0 30.0 30.0 0.0 0.0 0.0 0.0 0.0 0.0 0.0 0.0 0.0 0.0 0.0 0.0 2.0 3.0 0.0 0.0 0.0 0.0 1.0 0.0 0.67 255.0 225.0 0.88 0.01 0.0 0.0 0.0 0.0 0.0 0.0
0.0 46.0 77.0 0.0 0.0 0.0 0.0 0.0 0.0 0.0 0.0 0.0 0.0 0.0 0.0 43.0 45.0 0.0 0.0 0.0 0.0 1.0 0.0 0.07 255.0 224.0 0.88 0.01 0.0 0.0 0.0 0.0 0.0 0.0
0.0 43.0 69.0 0.0 0.0 0.0 0.0 0.0 0.0 0.0 0.0 0.0 0.0 0.0 0.0 53.0 55.0 0.0 0.0 0.0 0.0 1.0 0.0 0.05 255.0 224.0 0.88 0.01 0.0 0.0 0.0 0.0 0.0 0.0
0.0 46.0 78.0 0.0 0.0 0.0 0.0 0.0 0.0 0.0 0.0 0.0 0.0 0.0 0.0 63.0 65.0 0.0 0.0 0.0 0.0 1.0 0.0 0.05 255.0 224.0 0.88 0.01 0.0 0.0 0.0 0.0 0.0 0.0
0.0 45.0 73.0 0.0 0.0 0.0 0.0 0.0 0.0 0.0 0.0 0.0 0.0 0.0 0.0 73.0 76.0 0.0 0.0 0.0 0.0 1.0 0.0 0.04 255.0 224.0 0.88 0.01 0.0 0.0 0.0 0.0 0.0 0.0
0.0 46.0 72.0 0.0 0.0 0.0 0.0 0.0 0.0 0.0 0.0 0.0 0.0 0.0 0.0 121.0 124.0 0.0 0.0 0.0 0.0 1.0 0.0 0.02 255.0 224.0 0.88 0.01 0.0 0.0 0.0 0.0 0.0 0.0
0.0 43.0 69.0 0.0 0.0 0.0 0.0 0.0 0.0 0.0 0.0 0.0 0.0 0.0 0.0 131.0 134.0 0.0 0.0 0.0 0.0 1.0 0.0 0.02 255.0 225.0 0.88 0.01 0.0 0.0 0.0 0.0 0.0 0.0
0.0 46.0 102.0 0.0 0.0 0.0 0.0 0.0 0.0 0.0 0.0 0.0 0.0 0.0 0.0 141.0 144.0 0.0 0.0 0.0 0.0 1.0 0.0 0.02 255.0 226.0 0.89 0.01 0.0 0.0 0.0 0.0 0.0 0.0
0.0 45.0 79.0 0.0 0.0 0.0 0.0 0.0 0.0 0.0 0.0 0.0 0.0 0.0 0.0 151.0 154.0 0.0 0.0 0.0 0.0 1.0 0.0 0.02 255.0 227.0 0.89 0.01 0.01 0.0 0.0 0.0 0.0 0.0
0.0 44.0 70.0 0.0 0.0 0.0 0.0 0.0 0.0 0.0 0.0 0.0 0.0 0.0 0.0 82.0 84.0 0.0 0.0 0.0 0.0 1.0 0.0 0.04 255.0 227.0 0.89 0.01 0.0 0.0 0.0 0.0 0.0 0.0
0.0 44.0 79.0 0.0 0.0 0.0 0.0 0.0 0.0 0.0 0.0 0.0 0.0 0.0 0.0 92.0 94.0 0.0 0.0 0.0 0.0 1.0 0.0 0.03 255.0 228.0 0.89 0.01 0.0 0.0 0.0 0.0 0.0 0.0
0.0 44.0 73.0 0.0 0.0 0.0 0.0 0.0 0.0 0.0 0.0 0.0 0.0 0.0 0.0 102.0 104.0 0.0 0.0 0.0 0.0 1.0 0.0 0.03 255.0 229.0 0.9 0.01 0.0 0.0 0.0 0.0 0.0 0.0
0.0 45.0 71.0 0.0 0.0 0.0 0.0 0.0 0.0 0.0 0.0 0.0 0.0 0.0 0.0 112.0 114.0 0.0 0.0 0.0 0.0 1.0 0.0 0.03 255.0 229.0 0.9 0.01 0.01 0.0 0.0 0.0 0.0 0.0
0.0 45.0 45.0 0.0 0.0 0.0 0.0 0.0 0.0 0.0 0.0 0.0 0.0 0.0 0.0 122.0 124.0 0.0 0.0 0.0 0.0 1.0 0.0 0.02 255.0 230.0 0.9 0.01 0.0 0.0 0.0 0.0 0.0 0.0
0.0 44.0 71.0 0.0 0.0 0.0 0.0 0.0 0.0 0.0 0.0 0.0 0.0 0.0 0.0 132.0 134.0 0.0 0.0 0.0 0.0 1.0 0.0 0.02 255.0 230.0 0.9 0.01 0.0 0.0 0.0 0.0 0.0 0.0
0.0 45.0 77.0 0.0 0.0 0.0 0.0 0.0 0.0 0.0 0.0 0.0 0.0 0.0 0.0 142.0 144.0 0.0 0.0 0.0 0.0 1.0 0.0 0.02 255.0 230.0 0.9 0.01 0.0 0.0 0.0 0.0 0.0 0.0
0.0 45.0 80.0 0.0 0.0 0.0 0.0 0.0 0.0 0.0 0.0 0.0 0.0 0.0 0.0 152.0 154.0 0.0 0.0 0.0 0.0 1.0 0.0 0.02 255.0 231.0 0.91 0.01 0.0 0.0 0.0 0.0 0.0 0.0
0.0 46.0 46.0 0.0 0.0 0.0 0.0 0.0 0.0 0.0 0.0 0.0 0.0 0.0 0.0 4.0 6.0 0.0 0.0 0.0 0.0 1.0 0.0 0.5 255.0 234.0 0.92 0.01 0.0 0.0 0.0 0.0 0.0 0.0
0.0 45.0 87.0 0.0 0.0 0.0 0.0 0.0 0.0 0.0 0.0 0.0 0.0 0.0 0.0 21.0 21.0 0.0 0.0 0.0 0.0 1.0 0.0 0.0 255.0 236.0 0.93 0.01 0.0 0.0 0.0 0.0 0.0 0.0
0.0 46.0 75.0 0.0 0.0 0.0 0.0 0.0 0.0 0.0 0.0 0.0 0.0 0.0 0.0 101.0 103.0 0.0 0.0 0.0 0.0 1.0 0.0 0.03 255.0 239.0 0.94 0.01 0.01 0.0 0.0 0.0 0.0 0.0
0.0 44.0 74.0 0.0 0.0 0.0 0.0 0.0 0.0 0.0 0.0 0.0 0.0 0.0 0.0 111.0 112.0 0.0 0.0 0.0 0.0 0.99 0.02 0.03 255.0 241.0 0.95 0.01 0.0 0.0 0.0 0.0 0.0 0.0
0.0 45.0 78.0 0.0 0.0 0.0 0.0 0.0 0.0 0.0 0.0 0.0 0.0 0.0 0.0 121.0 122.0 0.0 0.0 0.0 0.0 0.99 0.02 0.02 255.0 241.0 0.95 0.01 0.0 0.0 0.0 0.0 0.0 0.0
0.0 44.0 72.0 0.0 0.0 0.0 0.0 0.0 0.0 0.0 0.0 0.0 0.0 0.0 0.0 131.0 132.0 0.0 0.0 0.0 0.0 0.99 0.02 0.02 255.0 243.0 0.95 0.01 0.0 0.0 0.0 0.0 0.0 0.0
0.0 46.0 71.0 0.0 0.0 0.0 0.0 0.0 0.0 0.0 0.0 0.0 0.0 0.0 0.0 141.0 142.0 0.0 0.0 0.0 0.0 0.99 0.01 0.02 255.0 246.0 0.96 0.01 0.0 0.0 0.0 0.0 0.0 0.0
0.0 45.0 82.0 0.0 0.0 0.0 0.0 0.0 0.0 0.0 0.0 0.0 0.0 0.0 0.0 151.0 152.0 0.0 0.0 0.0 0.0 0.99 0.01 0.02 255.0 249.0 0.98 0.01 0.0 0.0 0.0 0.0 0.0 0.0
0.0 45.0 81.0 0.0 0.0 0.0 0.0 0.0 0.0 0.0 0.0 0.0 0.0 0.0 0.0 161.0 162.0 0.0 0.0 0.0 0.0 0.99 0.01 0.02 255.0 251.0 0.98 0.01 0.0 0.0 0.0 0.0 0.0 0.0
0.0 46.0 77.0 0.0 0.0 0.0 0.0 0.0 0.0 0.0 0.0 0.0 0.0 0.0 0.0 65.0 65.0 0.0 0.0 0.0 0.0 1.0 0.0 0.0 255.0 254.0 1.0 0.01 0.0 0.0 0.0 0.0 0.0 0.0
0.0 46.0 85.0 0.0 0.0 0.0 0.0 0.0 0.0 0.0 0.0 0.0 0.0 0.0 0.0 75.0 75.0 0.0 0.0 0.0 0.0 1.0 0.0 0.0 255.0 254.0 1.0 0.01 0.0 0.0 0.0 0.0 0.0 0.0
0.0 43.0 74.0 0.0 0.0 0.0 0.0 0.0 0.0 0.0 0.0 0.0 0.0 0.0 0.0 85.0 85.0 0.0 0.0 0.0 0.0 1.0 0.0 0.0 255.0 254.0 1.0 0.01 0.0 0.0 0.0 0.0 0.0 0.0
0.0 46.0 79.0 0.0 0.0 0.0 0.0 0.0 0.0 0.0 0.0 0.0 0.0 0.0 0.0 95.0 95.0 0.0 0.0 0.0 0.0 1.0 0.0 0.0 255.0 254.0 1.0 0.01 0.0 0.0 0.0 0.0 0.0 0.0
0.0 46.0 75.0 0.0 0.0 0.0 0.0 0.0 0.0 0.0 0.0 0.0 0.0 0.0 0.0 105.0 105.0 0.0 0.0 0.0 0.0 1.0 0.0 0.0 255.0 254.0 1.0 0.01 0.0 0.0 0.0 0.0 0.0 0.0
0.0 45.0 78.0 0.0 0.0 0.0 0.0 0.0 0.0 0.0 0.0 0.0 0.0 0.0 0.0 115.0 115.0 0.0 0.0 0.0 0.0 1.0 0.0 0.0 255.0 254.0 1.0 0.01 0.0 0.0 0.0 0.0 0.0 0.0
0.0 45.0 74.0 0.0 0.0 0.0 0.0 0.0 0.0 0.0 0.0 0.0 0.0 0.0 0.0 147.0 147.0 0.0 0.0 0.0 0.0 1.0 0.0 0.0 255.0 254.0 1.0 0.01 0.0 0.0 0.0 0.0 0.0 0.0
0.0 46.0 73.0 0.0 0.0 0.0 0.0 0.0 0.0 0.0 0.0 0.0 0.0 0.0 0.0 157.0 157.0 0.0 0.0 0.0 0.0 1.0 0.0 0.0 255.0 254.0 1.0 0.01 0.0 0.0 0.0 0.0 0.0 0.0
0.0 43.0 73.0 0.0 0.0 0.0 0.0 0.0 0.0 0.0 0.0 0.0 0.0 0.0 0.0 85.0 85.0 0.0 0.0 0.0 0.0 1.0 0.0 0.0 255.0 254.0 1.0 0.01 0.0 0.0 0.0 0.0 0.0 0.0
0.0 45.0 80.0 0.0 0.0 0.0 0.0 0.0 0.0 0.0 0.0 0.0 0.0 0.0 0.0 95.0 95.0 0.0 0.0 0.0 0.0 1.0 0.0 0.0 255.0 254.0 1.0 0.01 0.0 0.0 0.0 0.0 0.0 0.0
0.0 43.0 69.0 0.0 0.0 0.0 0.0 0.0 0.0 0.0 0.0 0.0 0.0 0.0 0.0 105.0 105.0 0.0 0.0 0.0 0.0 1.0 0.0 0.0 255.0 254.0 1.0 0.01 0.0 0.0 0.0 0.0 0.0 0.0
0.0 46.0 71.0 0.0 0.0 0.0 0.0 0.0 0.0 0.0 0.0 0.0 0.0 0.0 0.0 115.0 115.0 0.0 0.0 0.0 0.0 1.0 0.0 0.0 255.0 254.0 1.0 0.01 0.0 0.0 0.0 0.0 0.0 0.0
0.0 44.0 70.0 0.0 0.0 0.0 0.0 0.0 0.0 0.0 0.0 0.0 0.0 0.0 0.0 125.0 125.0 0.0 0.0 0.0 0.0 1.0 0.0 0.0 255.0 254.0 1.0 0.01 0.0 0.0 0.0 0.0 0.0 0.0
0.0 43.0 75.0 0.0 0.0 0.0 0.0 0.0 0.0 0.0 0.0 0.0 0.0 0.0 0.0 135.0 135.0 0.0 0.0 0.0 0.0 1.0 0.0 0.0 255.0 254.0 1.0 0.01 0.0 0.0 0.0 0.0 0.0 0.0
0.0 45.0 114.0 0.0 0.0 0.0 0.0 0.0 0.0 0.0 0.0 0.0 0.0 0.0 0.0 1.0 2.0 0.0 0.0 0.0 0.0 1.0 0.0 1.0 255.0 254.0 1.0 0.01 0.0 0.0 0.0 0.0 0.0 0.0
0.0 45.0 70.0 0.0 0.0 0.0 0.0 0.0 0.0 0.0 0.0 0.0 0.0 0.0 0.0 154.0 154.0 0.0 0.0 0.0 0.0 1.0 0.0 0.0 255.0 254.0 1.0 0.01 0.0 0.0 0.0 0.0 0.0 0.0
0.0 45.0 74.0 0.0 0.0 0.0 0.0 0.0 0.0 0.0 0.0 0.0 0.0 0.0 0.0 27.0 27.0 0.0 0.0 0.0 0.0 1.0 0.0 0.0 255.0 254.0 1.0 0.01 0.0 0.0 0.0 0.0 0.0 0.0
0.0 42.0 71.0 0.0 0.0 0.0 0.0 0.0 0.0 0.0 0.0 0.0 0.0 0.0 0.0 37.0 37.0 0.0 0.0 0.0 0.0 1.0 0.0 0.0 255.0 254.0 1.0 0.01 0.0 0.0 0.0 0.0 0.0 0.0
0.0 44.0 44.0 0.0 0.0 0.0 0.0 0.0 0.0 0.0 0.0 0.0 0.0 0.0 0.0 47.0 47.0 0.0 0.0 0.0 0.0 1.0 0.0 0.0 255.0 254.0 1.0 0.01 0.0 0.0 0.0 0.0 0.0 0.0
0.0 43.0 69.0 0.0 0.0 0.0 0.0 0.0 0.0 0.0 0.0 0.0 0.0 0.0 0.0 112.0 112.0 0.0 0.0 0.0 0.0 1.0 0.0 0.0 255.0 254.0 1.0 0.01 0.0 0.0 0.0 0.0 0.0 0.0
0.0 43.0 76.0 0.0 0.0 0.0 0.0 0.0 0.0 0.0 0.0 0.0 0.0 0.0 0.0 122.0 122.0 0.0 0.0 0.0 0.0 1.0 0.0 0.0 255.0 255.0 1.0 0.0 0.0 0.0 0.0 0.0 0.0 0.0
0.0 44.0 81.0 0.0 0.0 0.0 0.0 0.0 0.0 0.0 0.0 0.0 0.0 0.0 0.0 132.0 132.0 0.0 0.0 0.0 0.0 1.0 0.0 0.0 255.0 255.0 1.0 0.0 0.0 0.0 0.0 0.0 0.0 0.0
0.0 46.0 72.0 0.0 0.0 0.0 0.0 0.0 0.0 0.0 0.0 0.0 0.0 0.0 0.0 142.0 142.0 0.0 0.0 0.0 0.0 1.0 0.0 0.0 255.0 255.0 1.0 0.0 0.0 0.0 0.0 0.0 0.0 0.0
0.0 44.0 111.0 0.0 0.0 0.0 0.0 0.0 0.0 0.0 0.0 0.0 0.0 0.0 0.0 152.0 152.0 0.0 0.0 0.0 0.0 1.0 0.0 0.0 255.0 255.0 1.0 0.0 0.0 0.0 0.0 0.0 0.0 0.0
