0.0 33.0 0.0 0.0 0.0 0.0 0.0 0.0 0.0 0.0 0.0 0.0 0.0 0.0 0.0 1.0 2.0 0.0 0.0 0.0 0.0 1.0 0.0 1.0 208.0 28.0 0.13 0.03 0.13 0.07 0.0 0.0 0.0 0.0
0.0 33.0 0.0 0.0 0.0 0.0 0.0 0.0 0.0 0.0 0.0 0.0 0.0 0.0 0.0 2.0 5.0 0.0 0.0 0.0 0.0 1.0 0.0 0.4 218.0 38.0 0.17 0.03 0.17 0.05 0.0 0.0 0.0 0.0
0.0 33.0 0.0 0.0 0.0 0.0 0.0 0.0 0.0 0.0 0.0 0.0 0.0 0.0 0.0 3.0 6.0 0.0 0.0 0.0 0.0 1.0 0.0 0.33 228.0 47.0 0.21 0.03 0.21 0.0 0.0 0.0 0.0 0.0
0.0 1783.0 330.0 0.0 0.0 0.0 0.0 0.0 0.0 0.0 0.0 0.0 0.0 0.0 0.0 2.0 1.0 0.0 0.0 0.0 0.0 0.5 1.0 0.0 238.0 132.0 0.55 0.03 0.0 0.02 0.0 0.0 0.0 0.0
0.0 30.0 0.0 0.0 0.0 0.0 0.0 0.0 0.0 0.0 0.0 0.0 0.0 0.0 0.0 1.0 2.0 0.0 0.0 0.0 0.0 1.0 0.0 1.0 248.0 51.0 0.21 0.03 0.21 0.0 0.0 0.0 0.0 0.0
0.0 641.0 0.0 0.0 0.0 0.0 0.0 0.0 0.0 0.0 0.0 0.0 0.0 0.0 0.0 4.0 2.0 0.0 0.0 0.0 0.0 0.5 0.5 0.0 255.0 13.0 0.05 0.03 0.05 0.0 0.0 0.0 0.0 0.0
0.0 8325.0 0.0 0.0 0.0 0.0 0.0 0.0 0.0 0.0 0.0 0.0 0.0 0.0 0.0 10.0 9.0 0.0 0.0 0.0 0.0 0.9 0.2 0.0 255.0 23.0 0.09 0.03 0.09 0.0 0.0 0.0 0.0 0.0
0.0 59.0 0.0 0.0 0.0 0.0 0.0 0.0 0.0 0.0 0.0 0.0 0.0 0.0 0.0 20.0 19.0 0.0 0.0 0.0 0.0 0.95 0.1 0.0 255.0 33.0 0.13 0.03 0.13 0.0 0.0 0.0 0.0 0.0
0.0 713.0 325.0 0.0 0.0 0.0 0.0 0.0 0.0 0.0 0.0 0.0 0.0 0.0 0.0 1.0 1.0 0.0 0.0 0.0 0.0 1.0 0.0 0.0 255.0 131.0 0.51 0.03 0.0 0.0 0.0 0.0 0.0 0.0
25.0 100788.0 32708.0 0.0 0.0 0.0 0.0 0.0 0.0 0.0 0.0 0.0 0.0 0.0 0.0 1.0 1.0 0.0 0.0 0.0 0.0 1.0 0.0 0.0 255.0 15.0 0.06 0.03 0.0 0.0 0.0 0.0 0.0 0.0
1.0 763.0 331.0 0.0 0.0 0.0 0.0 0.0 0.0 0.0 0.0 0.0 0.0 0.0 0.0 2.0 1.0 0.0 0.0 0.0 0.0 0.5 1.0 0.0 255.0 131.0 0.51 0.03 0.0 0.0 0.0 0.0 0.0 0.0
0.0 30.0 0.0 0.0 0.0 0.0 0.0 0.0 0.0 0.0 0.0 0.0 0.0 0.0 0.0 1.0 2.0 0.0 0.0 0.0 0.0 1.0 0.0 1.0 255.0 52.0 0.2 0.03 0.2 0.0 0.0 0.0 0.0 0.0
0.0 33.0 0.0 0.0 0.0 0.0 0.0 0.0 0.0 0.0 0.0 0.0 0.0 0.0 0.0 1.0 4.0 0.0 0.0 0.0 0.0 1.0 0.0 0.75 255.0 53.0 0.21 0.03 0.21 0.0 0.0 0.0 0.0 0.0
0.0 960.0 0.0 0.0 0.0 0.0 0.0 0.0 0.0 0.0 0.0 0.0 0.0 0.0 0.0 3.0 2.0 0.0 0.0 0.0 0.0 0.67 0.67 0.0 255.0 40.0 0.16 0.03 0.16 0.0 0.0 0.0 0.0 0.0
0.0 172.0 0.0 0.0 0.0 0.0 0.0 0.0 0.0 0.0 0.0 0.0 0.0 0.0 0.0 10.0 10.0 0.0 0.0 0.0 0.0 1.0 0.0 0.0 255.0 50.0 0.2 0.03 0.2 0.0 0.0 0.0 0.0 0.0
1.0 1496.0 331.0 0.0 0.0 0.0 0.0 0.0 0.0 0.0 0.0 0.0 0.0 0.0 0.0 1.0 2.0 0.0 0.0 0.0 0.0 1.0 0.0 1.0 255.0 105.0 0.41 0.03 0.0 0.0 0.0 0.0 0.0 0.0
0.0 29.0 0.0 0.0 0.0 0.0 0.0 0.0 0.0 0.0 0.0 0.0 0.0 0.0 0.0 1.0 2.0 0.0 0.0 0.0 0.0 1.0 0.0 1.0 9.0 49.0 0.11 0.33 0.11 0.04 0.0 0.0 0.0 0.0
1.0 2117.0 330.0 0.0 0.0 0.0 0.0 0.0 0.0 0.0 0.0 0.0 0.0 0.0 0.0 1.0 2.0 0.0 0.0 0.0 0.0 1.0 0.0 1.0 19.0 107.0 0.84 0.16 0.05 0.02 0.0 0.0 0.0 0.0
1.0 821.0 332.0 0.0 0.0 0.0 0.0 0.0 0.0 0.0 0.0 0.0 0.0 0.0 0.0 1.0 2.0 0.0 0.0 0.0 0.0 1.0 0.0 1.0 29.0 105.0 0.76 0.17 0.03 0.02 0.0 0.0 0.0 0.0
1.0 2373.0 326.0 0.0 0.0 0.0 0.0 0.0 0.0 0.0 0.0 0.0 0.0 0.0 0.0 1.0 3.0 0.0 0.0 0.0 0.0 1.0 0.0 1.0 39.0 107.0 0.77 0.13 0.03 0.02 0.0 0.0 0.0 0.0
0.0 1395.0 326.0 0.0 0.0 0.0 0.0 0.0 0.0 0.0 0.0 0.0 0.0 0.0 0.0 1.0 2.0 0.0 0.0 0.0 0.0 1.0 0.0 1.0 49.0 108.0 0.76 0.1 0.02 0.02 0.0 0.0 0.0 0.0
0.0 655.0 331.0 0.0 0.0 0.0 0.0 0.0 0.0 0.0 0.0 0.0 0.0 0.0 0.0 1.0 1.0 0.0 0.0 0.0 0.0 1.0 0.0 0.0 59.0 104.0 0.66 0.1 0.02 0.02 0.0 0.0 0.0 0.0
0.0 841.0 331.0 0.0 0.0 0.0 0.0 0.0 0.0 0.0 0.0 0.0 0.0 0.0 0.0 1.0 1.0 0.0 0.0 0.0 0.0 1.0 0.0 0.0 69.0 103.0 0.67 0.09 0.01 0.02 0.0 0.0 0.0 0.0
0.0 172.0 0.0 0.0 0.0 0.0 0.0 0.0 0.0 0.0 0.0 0.0 0.0 0.0 0.0 3.0 3.0 0.0 0.0 0.0 0.0 1.0 0.0 0.0 79.0 64.0 0.19 0.08 0.19 0.03 0.0 0.0 0.0 0.0
0.0 4763.0 0.0 0.0 0.0 0.0 0.0 0.0 0.0 0.0 0.0 0.0 0.0 0.0 0.0 13.0 13.0 0.0 0.0 0.0 0.0 1.0 0.0 0.0 89.0 74.0 0.28 0.07 0.28 0.03 0.0 0.0 0.0 0.0
0.0 192.0 0.0 0.0 0.0 0.0 0.0 0.0 0.0 0.0 0.0 0.0 0.0 0.0 0.0 2.0 2.0 0.0 0.0 0.0 0.0 1.0 0.0 0.0 99.0 78.0 0.29 0.06 0.29 0.03 0.0 0.0 0.0 0.0
0.0 7422.0 0.0 0.0 0.0 0.0 0.0 0.0 0.0 0.0 0.0 0.0 0.0 0.0 0.0 8.0 8.0 0.0 0.0 0.0 0.0 1.0 0.0 0.0 109.0 88.0 0.36 0.06 0.36 0.02 0.0 0.0 0.0 0.0
0.0 5319.0 0.0 0.0 0.0 0.0 0.0 0.0 0.0 0.0 0.0 0.0 0.0 0.0 0.0 18.0 18.0 0.0 0.0 0.0 0.0 1.0 0.0 0.0 119.0 98.0 0.41 0.05 0.41 0.02 0.0 0.0 0.0 0.0
0.0 567.0 0.0 0.0 0.0 0.0 0.0 0.0 0.0 0.0 6.0 0.0 0.0 0.0 0.0 1.0 1.0 0.0 0.0 0.0 0.0 1.0 0.0 0.0 129.0 99.0 0.39 0.05 0.39 0.02 0.0 0.0 0.0 0.0
0.0 14052.0 0.0 0.0 0.0 0.0 0.0 0.0 0.0 0.0 0.0 0.0 0.0 0.0 0.0 5.0 5.0 0.0 0.0 0.0 0.0 1.0 0.0 0.0 139.0 109.0 0.43 0.04 0.43 0.02 0.0 0.0 0.0 0.0
0.0 4892.0 0.0 0.0 0.0 0.0 0.0 0.0 0.0 0.0 0.0 0.0 0.0 0.0 0.0 15.0 15.0 0.0 0.0 0.0 0.0 1.0 0.0 0.0 149.0 119.0 0.47 0.04 0.47 0.02 0.0 0.0 0.0 0.0
0.0 1924.0 332.0 0.0 0.0 0.0 0.0 0.0 0.0 0.0 0.0 0.0 0.0 0.0 0.0 1.0 1.0 0.0 0.0 0.0 0.0 1.0 0.0 0.0 159.0 82.0 0.4 0.04 0.01 0.02 0.0 0.0 0.0 0.0
0.0 580.0 327.0 0.0 0.0 0.0 0.0 0.0 0.0 0.0 0.0 0.0 0.0 0.0 0.0 1.0 1.0 0.0 0.0 0.0 0.0 1.0 0.0 0.0 169.0 84.0 0.39 0.04 0.01 0.02 0.0 0.0 0.0 0.0
0.0 2538.0 327.0 0.0 0.0 0.0 0.0 0.0 0.0 0.0 0.0 0.0 0.0 0.0 0.0 1.0 1.0 0.0 0.0 0.0 0.0 1.0 0.0 0.0 179.0 92.0 0.41 0.03 0.01 0.02 0.0 0.0 0.0 0.0
6.0 1643.0 332.0 0.0 0.0 0.0 0.0 0.0 0.0 0.0 0.0 0.0 0.0 0.0 0.0 1.0 1.0 0.0 0.0 0.0 0.0 1.0 0.0 0.0 189.0 93.0 0.44 0.03 0.01 0.02 0.0 0.0 0.0 0.0
2.0 2067.0 332.0 0.0 0.0 0.0 0.0 0.0 0.0 0.0 0.0 0.0 0.0 0.0 0.0 1.0 1.0 0.0 0.0 0.0 0.0 1.0 0.0 0.0 199.0 96.0 0.43 0.03 0.01 0.02 0.0 0.0 0.0 0.0
0.0 7.0 136.0 0.0 0.0 0.0 0.0 0.0 0.0 0.0 0.0 0.0 0.0 0.0 0.0 3.0 1.0 0.0 0.0 0.0 0.0 0.33 0.67 0.0 209.0 6.0 0.02 0.03 0.0 0.33 0.0 0.0 0.0 0.0
4.0 1194.0 367.0 0.0 0.0 0.0 0.0 0.0 0.0 0.0 0.0 0.0 0.0 0.0 0.0 1.0 1.0 0.0 0.0 0.0 0.0 1.0 0.0 0.0 219.0 107.0 0.46 0.03 0.0 0.02 0.0 0.0 0.0 0.0
0.0 34.0 0.0 0.0 0.0 0.0 0.0 0.0 0.0 0.0 0.0 0.0 0.0 0.0 0.0 1.0 2.0 0.0 0.0 0.0 0.0 1.0 0.0 1.0 229.0 30.0 0.13 0.03 0.13 0.0 0.0 0.0 0.0 0.0
1.0 931.0 330.0 0.0 0.0 0.0 0.0 0.0 0.0 0.0 0.0 0.0 0.0 0.0 0.0 1.0 4.0 0.0 0.0 0.0 0.0 1.0 0.0 1.0 239.0 108.0 0.44 0.03 0.0 0.02 0.0 0.0 0.0 0.0
1.0 913.0 332.0 0.0 0.0 0.0 0.0 0.0 0.0 0.0 0.0 0.0 0.0 0.0 0.0 1.0 1.0 0.0 0.0 0.0 0.0 1.0 0.0 0.0 249.0 115.0 0.46 0.03 0.0 0.02 0.0 0.0 0.0 0.0
1.0 991.0 332.0 0.0 0.0 0.0 0.0 0.0 0.0 0.0 0.0 0.0 0.0 0.0 0.0 1.0 2.0 0.0 0.0 0.0 0.0 1.0 0.0 1.0 255.0 120.0 0.47 0.03 0.0 0.0 0.0 0.0 0.0 0.0
0.0 2163.0 330.0 0.0 0.0 0.0 0.0 0.0 0.0 0.0 0.0 0.0 0.0 0.0 0.0 1.0 1.0 0.0 0.0 0.0 0.0 1.0 0.0 0.0 255.0 120.0 0.47 0.03 0.0 0.0 0.0 0.0 0.0 0.0
2.0 722.0 328.0 0.0 0.0 0.0 0.0 0.0 0.0 0.0 0.0 0.0 0.0 0.0 0.0 1.0 2.0 0.0 0.0 0.0 0.0 1.0 0.0 1.0 255.0 120.0 0.47 0.03 0.0 0.0 0.0 0.0 0.0 0.0
1.0 1412.0 331.0 0.0 0.0 0.0 0.0 0.0 0.0 0.0 0.0 0.0 0.0 0.0 0.0 1.0 3.0 0.0 0.0 0.0 0.0 1.0 0.0 1.0 255.0 120.0 0.47 0.03 0.0 0.0 0.0 0.0 0.0 0.0
1.0 1694.0 334.0 0.0 0.0 0.0 0.0 0.0 0.0 0.0 0.0 0.0 0.0 0.0 0.0 1.0 2.0 0.0 0.0 0.0 0.0 1.0 0.0 1.0 255.0 121.0 0.47 0.03 0.0 0.0 0.0 0.0 0.0 0.0
0.0 0.0 0.0 0.0 0.0 0.0 0.0 0.0 0.0 0.0 0.0 0.0 0.0 0.0 0.0 1.0 2.0 0.0 0.0 1.0 1.0 1.0 0.0 1.0 1.0 4.0 1.0 0.0 1.0 0.5 0.0 0.0 1.0 1.0
0.0 0.0 0.0 0.0 0.0 0.0 0.0 0.0 0.0 0.0 0.0 0.0 0.0 0.0 0.0 1.0 1.0 0.0 0.0 1.0 1.0 1.0 0.0 0.0 4.0 14.0 1.0 0.0 0.25 0.36 0.0 0.0 1.0 1.0
0.0 0.0 0.0 0.0 0.0 0.0 0.0 0.0 0.0 0.0 0.0 0.0 0.0 0.0 0.0 1.0 2.0 0.0 0.0 1.0 1.0 1.0 0.0 1.0 14.0 24.0 1.0 0.0 0.07 0.21 0.0 0.0 1.0 1.0
0.0 845.0 334.0 0.0 0.0 0.0 0.0 0.0 0.0 0.0 0.0 0.0 0.0 0.0 0.0 1.0 2.0 0.0 0.0 0.0 0.0 1.0 0.0 1.0 8.0 118.0 0.62 0.25 0.12 0.02 0.0 0.0 0.0 0.0
0.0 13239.0 0.0 0.0 0.0 0.0 0.0 0.0 0.0 0.0 0.0 0.0 0.0 0.0 0.0 2.0 2.0 0.0 0.0 0.0 0.0 1.0 0.0 0.0 18.0 68.0 0.44 0.17 0.44 0.03 0.0 0.0 0.0 0.0
0.0 808.0 333.0 0.0 0.0 0.0 0.0 0.0 0.0 0.0 0.0 0.0 0.0 0.0 0.0 1.0 1.0 0.0 0.0 0.0 0.0 1.0 0.0 0.0 28.0 118.0 0.36 0.11 0.04 0.02 0.0 0.0 0.0 0.0
0.0 10044.0 0.0 0.0 0.0 0.0 0.0 0.0 0.0 0.0 0.0 0.0 0.0 0.0 0.0 11.0 11.0 0.0 0.0 0.0 0.0 1.0 0.0 0.0 38.0 62.0 0.55 0.08 0.55 0.03 0.0 0.0 0.0 0.0
1.0 773.0 334.0 0.0 0.0 0.0 0.0 0.0 0.0 0.0 0.0 0.0 0.0 0.0 0.0 1.0 2.0 0.0 0.0 0.0 0.0 1.0 0.0 1.0 48.0 123.0 0.4 0.08 0.02 0.02 0.0 0.0 0.0 0.0
0.0 1072.0 329.0 0.0 0.0 0.0 0.0 0.0 0.0 0.0 0.0 0.0 0.0 0.0 0.0 1.0 1.0 0.0 0.0 0.0 0.0 1.0 0.0 0.0 58.0 128.0 0.45 0.07 0.02 0.02 0.0 0.0 0.0 0.0
0.0 35.0 0.0 0.0 0.0 0.0 0.0 0.0 0.0 0.0 0.0 0.0 0.0 0.0 0.0 1.0 4.0 0.0 0.0 0.0 0.0 1.0 0.0 0.75 68.0 37.0 0.12 0.06 0.12 0.05 0.0 0.0 0.0 0.0
0.0 66.0 3088.0 0.0 0.0 0.0 0.0 0.0 0.0 0.0 0.0 0.0 0.0 0.0 0.0 1.0 1.0 0.0 0.0 0.0 0.0 1.0 0.0 0.0 78.0 4.0 0.01 0.06 0.01 0.5 0.0 0.0 0.0 0.0
0.0 1375.0 332.0 0.0 0.0 0.0 0.0 0.0 0.0 0.0 0.0 0.0 0.0 0.0 0.0 1.0 1.0 0.0 0.0 0.0 0.0 1.0 0.0 0.0 88.0 142.0 0.53 0.06 0.01 0.01 0.0 0.0 0.0 0.0
0.0 31.0 0.0 0.0 0.0 0.0 0.0 0.0 0.0 0.0 0.0 0.0 0.0 0.0 0.0 1.0 2.0 0.0 0.0 0.0 0.0 1.0 0.0 1.0 98.0 40.0 0.12 0.06 0.12 0.05 0.0 0.0 0.0 0.0
0.0 2881.0 0.0 0.0 0.0 0.0 0.0 0.0 0.0 0.0 0.0 0.0 0.0 0.0 0.0 4.0 4.0 0.0 0.0 0.0 0.0 1.0 0.0 0.0 108.0 41.0 0.32 0.06 0.32 0.05 0.0 0.0 0.0 0.0
0.0 914.0 285.0 0.0 0.0 0.0 0.0 0.0 0.0 0.0 0.0 1.0 0.0 0.0 0.0 1.0 1.0 0.0 0.0 0.0 0.0 1.0 0.0 0.0 118.0 134.0 0.51 0.05 0.01 0.01 0.0 0.0 0.0 0.0
2.0 651.0 328.0 0.0 0.0 0.0 0.0 0.0 0.0 0.0 0.0 0.0 0.0 0.0 0.0 1.0 2.0 0.0 0.0 0.0 0.0 1.0 0.0 1.0 128.0 139.0 0.54 0.05 0.01 0.01 0.0 0.0 0.0 0.0
0.0 12324.0 0.0 0.0 0.0 0.0 0.0 0.0 0.0 0.0 0.0 0.0 0.0 1.0 0.0 2.0 2.0 0.0 0.0 0.0 0.0 1.0 0.0 0.0 138.0 45.0 0.33 0.04 0.33 0.0 0.0 0.0 0.0 0.0
0.0 848.0 332.0 0.0 0.0 0.0 0.0 0.0 0.0 0.0 0.0 0.0 0.0 0.0 0.0 1.0 1.0 0.0 0.0 0.0 0.0 1.0 0.0 0.0 148.0 136.0 0.53 0.04 0.01 0.01 0.0 0.0 0.0 0.0
4.0 1488.0 334.0 0.0 0.0 0.0 0.0 0.0 0.0 0.0 0.0 0.0 0.0 0.0 0.0 1.0 2.0 0.0 0.0 0.0 0.0 1.0 0.0 1.0 158.0 143.0 0.55 0.04 0.01 0.01 0.0 0.0 0.0 0.0
0.0 1009.0 336.0 0.0 0.0 0.0 0.0 0.0 0.0 0.0 0.0 0.0 0.0 0.0 0.0 1.0 2.0 0.0 0.0 0.0 0.0 1.0 0.0 1.0 168.0 144.0 0.57 0.04 0.01 0.01 0.0 0.0 0.0 0.0
0.0 1018.0 334.0 0.0 0.0 0.0 0.0 0.0 0.0 0.0 0.0 0.0 0.0 0.0 0.0 2.0 2.0 0.0 0.0 0.0 0.0 0.5 1.0 1.0 178.0 143.0 0.57 0.03 0.01 0.01 0.0 0.0 0.0 0.0
0.0 677.0 333.0 0.0 0.0 0.0 0.0 0.0 0.0 0.0 0.0 0.0 0.0 0.0 0.0 1.0 1.0 0.0 0.0 0.0 0.0 1.0 0.0 0.0 188.0 141.0 0.58 0.03 0.01 0.01 0.0 0.0 0.0 0.0
0.0 35.0 0.0 0.0 0.0 0.0 0.0 0.0 0.0 0.0 0.0 0.0 0.0 0.0 0.0 4.0 9.0 0.0 0.0 0.0 0.0 1.0 0.0 0.22 198.0 32.0 0.15 0.03 0.15 0.06 0.0 0.0 0.0 0.0
0.0 35.0 0.0 0.0 0.0 0.0 0.0 0.0 0.0 0.0 0.0 0.0 0.0 0.0 0.0 1.0 2.0 0.0 0.0 0.0 0.0 1.0 0.0 1.0 208.0 39.0 0.18 0.03 0.18 0.05 0.0 0.0 0.0 0.0
0.0 9.0 138.0 0.0 0.0 0.0 0.0 0.0 0.0 0.0 0.0 0.0 0.0 0.0 0.0 1.0 1.0 0.0 0.0 0.0 0.0 1.0 0.0 0.0 218.0 5.0 0.02 0.03 0.0 0.0 0.0 0.0 0.0 0.0
0.0 31.0 0.0 0.0 0.0 0.0 0.0 0.0 0.0 0.0 0.0 0.0 0.0 0.0 0.0 1.0 2.0 0.0 0.0 0.0 0.0 1.0 0.0 1.0 228.0 43.0 0.19 0.03 0.19 0.0 0.0 0.0 0.0 0.0
0.0 567.0 0.0 0.0 0.0 0.0 0.0 0.0 0.0 0.0 6.0 0.0 0.0 0.0 0.0 1.0 1.0 0.0 0.0 0.0 0.0 1.0 0.0 0.0 238.0 46.0 0.19 0.03 0.19 0.0 0.0 0.0 0.0 0.0
0.0 749.0 0.0 0.0 0.0 0.0 0.0 0.0 0.0 0.0 0.0 0.0 0.0 0.0 0.0 5.0 5.0 0.0 0.0 0.0 0.0 1.0 0.0 0.0 248.0 56.0 0.23 0.02 0.23 0.0 0.0 0.0 0.0 0.0
0.0 31.0 0.0 0.0 0.0 0.0 0.0 0.0 0.0 0.0 0.0 0.0 0.0 0.0 0.0 1.0 2.0 0.0 0.0 0.0 0.0 1.0 0.0 1.0 255.0 44.0 0.17 0.02 0.17 0.0 0.0 0.0 0.0 0.0
5.0 1079.0 336.0 0.0 0.0 0.0 0.0 0.0 0.0 0.0 0.0 0.0 0.0 0.0 0.0 1.0 3.0 0.0 0.0 0.0 0.0 1.0 0.0 1.0 255.0 140.0 0.55 0.02 0.0 0.0 0.0 0.0 0.0 0.0
0.0 854.0 0.0 0.0 0.0 0.0 0.0 0.0 0.0 0.0 0.0 0.0 0.0 0.0 0.0 2.0 3.0 0.0 0.0 0.0 0.0 1.0 0.0 0.67 8.0 54.0 1.0 0.0 1.0 0.04 0.0 0.0 0.0 0.0
0.0 59.0 0.0 0.0 0.0 0.0 0.0 0.0 0.0 0.0 0.0 0.0 0.0 0.0 0.0 12.0 14.0 0.0 0.0 0.0 0.0 1.0 0.0 0.14 18.0 60.0 1.0 0.0 1.0 0.03 0.0 0.0 0.0 0.0
0.0 33.0 0.0 0.0 0.0 0.0 0.0 0.0 0.0 0.0 0.0 0.0 0.0 0.0 0.0 1.0 4.0 0.0 0.0 0.0 0.0 1.0 0.0 0.75 28.0 44.0 0.04 0.11 0.04 0.05 0.0 0.0 0.0 0.0
0.0 1094.0 332.0 0.0 0.0 0.0 0.0 0.0 0.0 0.0 0.0 0.0 0.0 0.0 0.0 1.0 1.0 0.0 0.0 0.0 0.0 1.0 0.0 0.0 38.0 142.0 0.47 0.11 0.03 0.01 0.0 0.0 0.0 0.0
0.0 33.0 0.0 0.0 0.0 0.0 0.0 0.0 0.0 0.0 0.0 0.0 0.0 0.0 0.0 1.0 2.0 0.0 0.0 0.0 0.0 1.0 0.0 1.0 48.0 41.0 0.04 0.1 0.04 0.05 0.0 0.0 0.0 0.0
1.0 973.0 330.0 0.0 0.0 0.0 0.0 0.0 0.0 0.0 0.0 0.0 0.0 0.0 0.0 2.0 4.0 0.0 0.0 0.0 0.0 0.5 1.0 1.0 58.0 142.0 0.53 0.09 0.02 0.01 0.0 0.0 0.0 0.0
1.0 967.0 329.0 0.0 0.0 0.0 0.0 0.0 0.0 0.0 0.0 0.0 0.0 0.0 0.0 1.0 3.0 0.0 0.0 0.0 0.0 1.0 0.0 1.0 68.0 135.0 0.47 0.07 0.01 0.01 0.0 0.0 0.0 0.0
0.0 201.0 0.0 0.0 0.0 0.0 0.0 0.0 0.0 0.0 0.0 0.0 0.0 0.0 0.0 1.0 18.0 0.0 0.0 0.0 0.0 1.0 0.0 0.11 78.0 73.0 0.5 0.06 0.5 0.03 0.0 0.0 0.0 0.0
0.0 3841.0 334.0 0.0 0.0 0.0 0.0 0.0 0.0 0.0 0.0 0.0 0.0 0.0 0.0 2.0 1.0 0.0 0.0 0.0 0.0 0.5 1.0 0.0 88.0 131.0 0.43 0.07 0.01 0.02 0.0 0.0 0.0 0.0
5.0 2538.0 334.0 0.0 0.0 0.0 0.0 0.0 0.0 0.0 0.0 0.0 0.0 0.0 0.0 1.0 1.0 0.0 0.0 0.0 0.0 1.0 0.0 0.0 98.0 137.0 0.46 0.07 0.01 0.01 0.0 0.0 0.0 0.0
1.0 919.0 333.0 0.0 0.0 0.0 0.0 0.0 0.0 0.0 0.0 0.0 0.0 0.0 0.0 1.0 2.0 0.0 0.0 0.0 0.0 1.0 0.0 1.0 108.0 135.0 0.49 0.06 0.01 0.01 0.0 0.0 0.0 0.0
0.0 1152.0 336.0 0.0 0.0 0.0 0.0 0.0 0.0 0.0 0.0 0.0 0.0 0.0 0.0 1.0 4.0 0.0 0.0 0.0 0.0 1.0 0.0 1.0 118.0 140.0 0.53 0.06 0.01 0.01 0.0 0.0 0.0 0.0
0.0 759.0 328.0 0.0 0.0 0.0 0.0 0.0 0.0 0.0 0.0 0.0 0.0 0.0 0.0 1.0 1.0 0.0 0.0 0.0 0.0 1.0 0.0 0.0 128.0 144.0 0.55 0.05 0.01 0.01 0.0 0.0 0.0 0.0
0.0 1766.0 0.0 0.0 0.0 0.0 0.0 0.0 0.0 0.0 0.0 0.0 0.0 0.0 0.0 2.0 2.0 0.0 0.0 0.0 0.0 1.0 0.0 0.0 138.0 67.0 0.38 0.05 0.38 0.03 0.0 0.0 0.0 0.0
0.0 8173.0 0.0 0.0 0.0 0.0 0.0 0.0 0.0 0.0 0.0 0.0 0.0 0.0 0.0 7.0 7.0 0.0 0.0 0.0 0.0 1.0 0.0 0.0 148.0 77.0 0.43 0.05 0.43 0.03 0.0 0.0 0.0 0.0
3.0 771.0 362.0 0.0 0.0 0.0 0.0 0.0 0.0 0.0 0.0 0.0 0.0 0.0 0.0 1.0 1.0 0.0 0.0 0.0 0.0 1.0 0.0 0.0 158.0 122.0 0.46 0.04 0.01 0.02 0.0 0.0 0.0 0.0
0.0 1339.0 0.0 0.0 0.0 0.0 0.0 0.0 0.0 0.0 0.0 0.0 0.0 0.0 0.0 1.0 1.0 0.0 0.0 0.0 0.0 1.0 0.0 0.0 168.0 92.0 0.46 0.04 0.46 0.02 0.0 0.0 0.0 0.0
0.0 40494.0 0.0 0.0 0.0 0.0 0.0 0.0 0.0 0.0 0.0 0.0 0.0 0.0 0.0 10.0 10.0 0.0 0.0 0.0 0.0 1.0 0.0 0.0 178.0 102.0 0.49 0.04 0.49 0.02 0.0 0.0 0.0 0.0
0.0 1379.0 360.0 0.0 0.0 0.0 0.0 0.0 0.0 0.0 0.0 0.0 0.0 0.0 0.0 1.0 1.0 0.0 0.0 0.0 0.0 1.0 0.0 0.0 188.0 114.0 0.41 0.04 0.01 0.02 0.0 0.0 0.0 0.0
0.0 1350.0 330.0 0.0 0.0 0.0 0.0 0.0 0.0 0.0 0.0 0.0 0.0 0.0 0.0 1.0 1.0 0.0 0.0 0.0 0.0 1.0 0.0 0.0 198.0 118.0 0.43 0.04 0.01 0.02 0.0 0.0 0.0 0.0
0.0 1064.0 364.0 0.0 0.0 0.0 0.0 0.0 0.0 0.0 0.0 0.0 0.0 0.0 0.0 1.0 1.0 0.0 0.0 0.0 0.0 1.0 0.0 0.0 208.0 116.0 0.44 0.03 0.0 0.02 0.0 0.0 0.0 0.0
2.0 639.0 332.0 0.0 0.0 0.0 0.0 0.0 0.0 0.0 0.0 0.0 0.0 0.0 0.0 1.0 2.0 0.0 0.0 0.0 0.0 1.0 0.0 1.0 218.0 117.0 0.46 0.03 0.0 0.02 0.0 0.0 0.0 0.0
0.0 1248.0 330.0 0.0 0.0 0.0 0.0 0.0 0.0 0.0 0.0 0.0 0.0 0.0 0.0 1.0 1.0 0.0 0.0 0.0 0.0 1.0 0.0 0.0 228.0 123.0 0.48 0.03 0.0 0.02 0.0 0.0 0.0 0.0
0.0 33.0 0.0 0.0 0.0 0.0 0.0 0.0 0.0 0.0 0.0 0.0 0.0 0.0 0.0 5.0 10.0 0.0 0.0 0.0 0.0 1.0 0.0 0.2 238.0 24.0 0.09 0.03 0.09 0.08 0.0 0.0 0.0 0.0
0.0 33.0 0.0 0.0 0.0 0.0 0.0 0.0 0.0 0.0 0.0 0.0 0.0 0.0 0.0 1.0 2.0 0.0 0.0 0.0 0.0 1.0 0.0 1.0 248.0 27.0 0.1 0.03 0.1 0.07 0.0 0.0 0.0 0.0
1.0 1008.0 333.0 0.0 0.0 0.0 0.0 0.0 0.0 0.0 0.0 0.0 0.0 0.0 0.0 1.0 2.0 0.0 0.0 0.0 0.0 1.0 0.0 1.0 255.0 117.0 0.46 0.03 0.0 0.0 0.0 0.0 0.0 0.0
0.0 567.0 0.0 0.0 0.0 0.0 0.0 0.0 0.0 0.0 6.0 0.0 0.0 0.0 0.0 1.0 3.0 0.0 0.0 0.0 0.0 1.0 0.0 1.0 255.0 84.0 0.33 0.03 0.33 0.0 0.0 0.0 0.0 0.0
0.0 15876.0 0.0 0.0 0.0 0.0 0.0 0.0 0.0 0.0 0.0 0.0 0.0 0.0 0.0 5.0 5.0 0.0 0.0 0.0 0.0 1.0 0.0 0.0 255.0 89.0 0.35 0.03 0.35 0.0 0.0 0.0 0.0 0.0
0.0 6601.0 0.0 0.0 0.0 0.0 0.0 0.0 0.0 0.0 0.0 0.0 0.0 0.0 0.0 15.0 15.0 0.0 0.0 0.0 0.0 1.0 0.0 0.0 255.0 99.0 0.39 0.03 0.39 0.0 0.0 0.0 0.0 0.0
1.0 1356.0 326.0 0.0 0.0 0.0 0.0 0.0 0.0 0.0 0.0 0.0 0.0 0.0 0.0 1.0 1.0 0.0 0.0 0.0 0.0 1.0 0.0 0.0 255.0 103.0 0.4 0.03 0.0 0.0 0.0 0.0 0.0 0.0
1.0 1134.0 323.0 0.0 0.0 0.0 0.0 0.0 0.0 0.0 0.0 0.0 0.0 0.0 0.0 1.0 3.0 0.0 0.0 0.0 0.0 1.0 0.0 1.0 255.0 106.0 0.42 0.03 0.0 0.0 0.0 0.0 0.0 0.0
1.0 2308.0 332.0 0.0 0.0 0.0 0.0 0.0 0.0 0.0 0.0 0.0 0.0 2.0 0.0 1.0 1.0 0.0 0.0 0.0 0.0 1.0 0.0 0.0 255.0 115.0 0.45 0.03 0.0 0.0 0.0 0.0 0.0 0.0
0.0 567.0 0.0 0.0 0.0 0.0 0.0 0.0 0.0 0.0 6.0 0.0 0.0 0.0 0.0 1.0 1.0 0.0 0.0 0.0 0.0 1.0 0.0 0.0 255.0 93.0 0.36 0.03 0.36 0.0 0.0 0.0 0.0 0.0
0.0 18.0 0.0 0.0 0.0 0.0 0.0 0.0 0.0 0.0 0.0 0.0 0.0 0.0 0.0 1.0 1.0 0.0 0.0 0.0 0.0 1.0 0.0 0.0 1.0 1.0 1.0 0.0 1.0 0.0 0.0 0.0 0.0 0.0
0.0 18.0 0.0 0.0 0.0 0.0 0.0 0.0 0.0 0.0 0.0 0.0 0.0 0.0 0.0 1.0 1.0 0.0 0.0 0.0 0.0 1.0 0.0 0.0 11.0 11.0 1.0 0.0 1.0 0.0 0.0 0.0 0.0 0.0
1.0 1362.0 288.0 0.0 0.0 0.0 0.0 0.0 0.0 0.0 0.0 0.0 0.0 0.0 0.0 1.0 2.0 0.0 0.0 0.0 0.0 1.0 0.0 1.0 21.0 110.0 0.14 0.19 0.05 0.02 0.0 0.0 0.0 0.0
0.0 586.0 284.0 0.0 0.0 0.0 0.0 0.0 0.0 0.0 0.0 0.0 0.0 0.0 0.0 1.0 2.0 0.0 0.0 0.0 0.0 1.0 0.0 1.0 31.0 108.0 0.35 0.13 0.03 0.02 0.0 0.0 0.0 0.0
0.0 1270.0 334.0 0.0 0.0 0.0 0.0 0.0 0.0 0.0 0.0 0.0 0.0 0.0 0.0 1.0 2.0 0.0 0.0 0.0 0.0 1.0 0.0 1.0 41.0 107.0 0.49 0.1 0.02 0.02 0.0 0.0 0.0 0.0
0.0 854.0 0.0 0.0 0.0 0.0 0.0 0.0 0.0 0.0 0.0 0.0 0.0 0.0 0.0 3.0 3.0 0.0 0.0 0.0 0.0 1.0 0.0 0.0 51.0 93.0 0.18 0.1 0.18 0.02 0.0 0.0 0.0 0.0
1.0 973.0 414.0 0.0 0.0 0.0 0.0 0.0 0.0 0.0 0.0 0.0 0.0 0.0 0.0 1.0 4.0 0.0 0.0 0.0 0.0 1.0 0.0 1.0 61.0 105.0 0.36 0.11 0.02 0.02 0.02 0.0 0.0 0.0
0.0 864.0 336.0 0.0 0.0 0.0 0.0 0.0 0.0 0.0 0.0 0.0 0.0 0.0 0.0 2.0 1.0 0.0 0.0 0.0 0.0 0.5 1.0 0.0 71.0 112.0 0.41 0.1 0.01 0.02 0.01 0.0 0.0 0.0
0.0 1292.0 287.0 0.0 0.0 2.0 0.0 0.0 0.0 0.0 0.0 0.0 0.0 0.0 0.0 1.0 1.0 0.0 0.0 0.0 0.0 1.0 0.0 0.0 81.0 115.0 0.44 0.1 0.01 0.02 0.01 0.0 0.0 0.0
0.0 31.0 0.0 0.0 0.0 0.0 0.0 0.0 0.0 0.0 0.0 0.0 0.0 0.0 0.0 1.0 2.0 0.0 0.0 0.0 0.0 1.0 0.0 1.0 91.0 39.0 0.11 0.1 0.11 0.05 0.01 0.0 0.0 0.0
2.0 1753.0 336.0 0.0 0.0 0.0 0.0 0.0 0.0 0.0 0.0 0.0 0.0 0.0 0.0 1.0 3.0 0.0 0.0 0.0 0.0 1.0 0.0 1.0 101.0 124.0 0.45 0.1 0.01 0.02 0.01 0.0 0.0 0.0
0.0 641.0 0.0 0.0 0.0 0.0 0.0 0.0 0.0 0.0 0.0 0.0 0.0 0.0 0.0 2.0 2.0 0.0 0.0 0.0 0.0 1.0 0.0 0.0 111.0 62.0 0.23 0.09 0.25 0.03 0.01 0.02 0.0 0.0
0.0 59.0 0.0 0.0 0.0 0.0 0.0 0.0 0.0 0.0 0.0 0.0 0.0 0.0 0.0 9.0 1.0 0.0 0.0 0.0 0.0 0.11 0.78 0.0 121.0 1.0 0.01 0.13 0.31 0.0 0.01 0.0 0.0 0.0
2.0 1211.0 336.0 0.0 0.0 0.0 0.0 0.0 0.0 0.0 0.0 0.0 0.0 0.0 0.0 1.0 2.0 0.0 0.0 0.0 0.0 1.0 0.0 1.0 131.0 111.0 0.39 0.16 0.01 0.02 0.02 0.0 0.0 0.0
0.0 1112.0 338.0 0.0 0.0 0.0 0.0 0.0 0.0 0.0 0.0 0.0 0.0 0.0 0.0 3.0 1.0 0.0 0.0 0.0 0.0 0.33 0.67 0.0 141.0 108.0 0.4 0.15 0.01 0.02 0.01 0.0 0.0 0.0
0.0 36.0 0.0 0.0 0.0 0.0 0.0 0.0 0.0 0.0 0.0 0.0 0.0 0.0 0.0 1.0 5.0 0.0 0.0 0.0 0.0 1.0 0.0 0.8 151.0 38.0 0.12 0.14 0.12 0.05 0.01 0.0 0.0 0.0
0.0 1541.0 336.0 0.0 0.0 0.0 0.0 0.0 0.0 0.0 0.0 0.0 0.0 0.0 0.0 1.0 1.0 0.0 0.0 0.0 0.0 1.0 0.0 0.0 161.0 115.0 0.47 0.13 0.01 0.02 0.01 0.0 0.0 0.0
0.0 383.0 0.0 0.0 0.0 0.0 0.0 0.0 0.0 0.0 0.0 0.0 0.0 0.0 0.0 3.0 2.0 0.0 0.0 0.0 0.0 0.67 0.67 0.0 171.0 71.0 0.2 0.12 0.28 0.03 0.01 0.03 0.0 0.0
0.0 1214.0 0.0 0.0 0.0 0.0 0.0 0.0 0.0 0.0 0.0 0.0 0.0 0.0 0.0 7.0 8.0 0.0 0.0 0.0 0.0 1.0 0.0 0.25 181.0 81.0 0.25 0.12 0.32 0.02 0.01 0.02 0.0 0.0
0.0 4753.0 0.0 0.0 0.0 0.0 0.0 0.0 0.0 0.0 0.0 0.0 1.0 0.0 0.0 17.0 18.0 0.0 0.0 0.0 0.0 1.0 0.0 0.11 191.0 85.0 0.29 0.11 0.36 0.02 0.01 0.02 0.0 0.0
0.0 245.0 0.0 0.0 0.0 0.0 0.0 0.0 0.0 0.0 1.0 0.0 0.0 0.0 0.0 3.0 2.0 0.0 0.0 0.0 0.0 0.67 0.67 0.0 201.0 78.0 0.29 0.1 0.35 0.03 0.01 0.03 0.0 0.0
0.0 374.0 0.0 0.0 0.0 0.0 0.0 0.0 0.0 0.0 0.0 0.0 0.0 0.0 0.0 6.0 6.0 0.0 0.0 0.0 0.0 1.0 0.0 0.0 211.0 78.0 0.32 0.1 0.38 0.03 0.01 0.03 0.0 0.0
0.0 245.0 0.0 0.0 0.0 0.0 0.0 0.0 0.0 0.0 1.0 0.0 0.0 0.0 0.0 3.0 2.0 0.0 0.0 0.0 0.0 0.67 0.67 0.0 221.0 78.0 0.33 0.1 0.38 0.03 0.01 0.03 0.0 0.0
0.0 637.0 0.0 0.0 0.0 0.0 0.0 0.0 0.0 0.0 0.0 0.0 0.0 0.0 0.0 6.0 6.0 0.0 0.0 0.0 0.0 1.0 0.0 0.0 231.0 88.0 0.35 0.09 0.41 0.02 0.01 0.02 0.0 0.0
0.0 4753.0 0.0 0.0 0.0 0.0 0.0 0.0 0.0 0.0 0.0 0.0 1.0 0.0 0.0 16.0 16.0 0.0 0.0 0.0 0.0 1.0 0.0 0.0 241.0 98.0 0.38 0.09 0.44 0.02 0.01 0.02 0.0 0.0
0.0 36.0 0.0 0.0 0.0 0.0 0.0 0.0 0.0 0.0 0.0 0.0 0.0 0.0 0.0 1.0 2.0 0.0 0.0 0.0 0.0 1.0 0.0 1.0 251.0 29.0 0.11 0.08 0.11 0.07 0.01 0.0 0.0 0.0
0.0 36.0 0.0 0.0 0.0 0.0 0.0 0.0 0.0 0.0 0.0 0.0 0.0 0.0 0.0 1.0 2.0 0.0 0.0 0.0 0.0 1.0 0.0 1.0 255.0 37.0 0.15 0.08 0.15 0.0 0.01 0.0 0.0 0.0
0.0 670.0 335.0 0.0 0.0 0.0 0.0 0.0 0.0 0.0 0.0 0.0 0.0 0.0 0.0 1.0 1.0 0.0 0.0 0.0 0.0 1.0 0.0 0.0 255.0 101.0 0.4 0.08 0.0 0.0 0.01 0.0 0.0 0.0
0.0 749.0 0.0 0.0 0.0 0.0 0.0 0.0 0.0 0.0 0.0 0.0 0.0 0.0 0.0 2.0 2.0 0.0 0.0 0.0 0.0 1.0 0.0 0.0 255.0 102.0 0.4 0.08 0.45 0.0 0.01 0.02 0.0 0.0
0.0 3163.0 337.0 0.0 0.0 0.0 0.0 0.0 0.0 0.0 0.0 0.0 0.0 0.0 0.0 2.0 1.0 0.0 0.0 0.0 0.0 0.5 1.0 0.0 255.0 90.0 0.35 0.08 0.0 0.0 0.01 0.0 0.0 0.0
0.0 1182.0 336.0 0.0 0.0 0.0 0.0 0.0 0.0 0.0 0.0 0.0 0.0 0.0 0.0 1.0 3.0 0.0 0.0 0.0 0.0 1.0 0.0 1.0 255.0 94.0 0.37 0.08 0.0 0.0 0.01 0.0 0.0 0.0
2.0 1174.0 289.0 0.0 0.0 0.0 0.0 0.0 0.0 0.0 0.0 0.0 0.0 0.0 0.0 1.0 3.0 0.0 0.0 0.0 0.0 1.0 0.0 1.0 255.0 101.0 0.4 0.07 0.0 0.0 0.01 0.0 0.0 0.0
0.0 9.0 38.0 0.0 0.0 0.0 0.0 0.0 0.0 0.0 0.0 0.0 0.0 0.0 0.0 2.0 1.0 0.0 0.0 0.0 0.0 0.5 1.0 0.0 255.0 3.0 0.01 0.07 0.0 0.0 0.01 0.0 0.0 0.0
0.0 924.0 332.0 0.0 0.0 0.0 0.0 0.0 0.0 0.0 0.0 0.0 0.0 0.0 0.0 1.0 1.0 0.0 0.0 0.0 0.0 1.0 0.0 0.0 2.0 99.0 1.0 0.0 0.5 0.02 0.0 0.0 0.0 0.0
0.0 1659.0 281.0 0.0 0.0 0.0 0.0 0.0 0.0 0.0 0.0 0.0 0.0 0.0 0.0 1.0 1.0 0.0 0.0 0.0 0.0 1.0 0.0 0.0 12.0 102.0 0.83 0.25 0.08 0.02 0.0 0.0 0.0 0.0
0.0 704.0 332.0 0.0 0.0 0.0 0.0 0.0 0.0 0.0 0.0 0.0 0.0 0.0 0.0 1.0 1.0 0.0 0.0 0.0 0.0 1.0 0.0 0.0 22.0 107.0 0.86 0.14 0.05 0.02 0.0 0.0 0.0 0.0
0.0 6932.0 0.0 0.0 0.0 0.0 0.0 0.0 0.0 0.0 0.0 0.0 0.0 0.0 0.0 2.0 2.0 0.0 0.0 0.0 0.0 1.0 0.0 0.0 32.0 95.0 0.12 0.12 0.12 0.02 0.0 0.01 0.0 0.0
0.0 8.0 445.0 0.0 0.0 0.0 0.0 0.0 0.0 0.0 0.0 0.0 0.0 0.0 0.0 1.0 1.0 0.0 0.0 0.0 0.0 1.0 0.0 0.0 42.0 4.0 0.05 0.1 0.02 0.5 0.0 0.0 0.0 0.0
0.0 1392.0 362.0 0.0 0.0 0.0 0.0 0.0 0.0 0.0 0.0 0.0 0.0 0.0 0.0 1.0 1.0 0.0 0.0 0.0 0.0 1.0 0.0 0.0 52.0 121.0 0.79 0.08 0.02 0.02 0.0 0.0 0.0 0.0
0.0 190.0 0.0 0.0 0.0 0.0 0.0 0.0 0.0 0.0 1.0 0.0 0.0 0.0 0.0 2.0 2.0 0.0 0.0 0.0 0.0 1.0 0.0 0.0 62.0 93.0 0.21 0.06 0.21 0.02 0.0 0.0 0.0 0.0
0.0 641.0 0.0 0.0 0.0 0.0 0.0 0.0 0.0 0.0 0.0 0.0 0.0 0.0 0.0 2.0 2.0 0.0 0.0 0.0 0.0 1.0 0.0 0.0 72.0 101.0 0.29 0.06 0.29 0.02 0.0 0.0 0.0 0.0
0.0 7077.0 0.0 0.0 0.0 0.0 0.0 0.0 0.0 0.0 0.0 0.0 0.0 0.0 0.0 9.0 9.0 0.0 0.0 0.0 0.0 1.0 0.0 0.0 82.0 111.0 0.38 0.05 0.38 0.02 0.0 0.0 0.0 0.0
0.0 7.0 223.0 0.0 0.0 0.0 0.0 0.0 0.0 0.0 0.0 0.0 0.0 0.0 0.0 1.0 1.0 0.0 0.0 0.0 0.0 1.0 0.0 0.0 92.0 5.0 0.04 0.05 0.01 0.4 0.0 0.0 0.0 0.0
5.0 569.0 333.0 0.0 0.0 0.0 0.0 0.0 0.0 0.0 0.0 0.0 0.0 0.0 0.0 1.0 2.0 0.0 0.0 0.0 0.0 1.0 0.0 1.0 102.0 104.0 0.55 0.05 0.01 0.02 0.0 0.0 0.0 0.0
0.0 1670.0 366.0 0.0 0.0 0.0 0.0 0.0 0.0 0.0 0.0 0.0 0.0 0.0 0.0 1.0 1.0 0.0 0.0 0.0 0.0 1.0 0.0 0.0 112.0 112.0 0.57 0.05 0.01 0.02 0.0 0.0 0.0 0.0
2.0 1418.0 331.0 0.0 0.0 0.0 0.0 0.0 0.0 0.0 0.0 0.0 0.0 0.0 0.0 1.0 3.0 0.0 0.0 0.0 0.0 1.0 0.0 1.0 122.0 115.0 0.58 0.06 0.01 0.02 0.01 0.01 0.0 0.0
1.0 901.0 331.0 0.0 0.0 0.0 0.0 0.0 0.0 0.0 0.0 0.0 0.0 0.0 0.0 1.0 1.0 0.0 0.0 0.0 0.0 1.0 0.0 0.0 132.0 121.0 0.59 0.05 0.01 0.02 0.01 0.01 0.0 0.0
0.0 194.0 0.0 0.0 0.0 0.0 0.0 0.0 0.0 0.0 0.0 0.0 0.0 0.0 0.0 2.0 3.0 0.0 0.0 0.0 0.0 1.0 0.0 0.67 142.0 81.0 0.27 0.05 0.27 0.02 0.01 0.0 0.0 0.0
4.0 911.0 332.0 0.0 0.0 0.0 0.0 0.0 0.0 0.0 0.0 0.0 0.0 0.0 0.0 1.0 2.0 0.0 0.0 0.0 0.0 1.0 0.0 1.0 152.0 130.0 0.59 0.05 0.01 0.02 0.01 0.02 0.0 0.0
0.0 19.0 0.0 0.0 0.0 0.0 0.0 0.0 0.0 0.0 0.0 0.0 0.0 0.0 0.0 1.0 1.0 0.0 0.0 0.0 0.0 1.0 0.0 0.0 162.0 71.0 0.28 0.04 0.28 0.03 0.01 0.0 0.0 0.0
3.0 1276.0 332.0 0.0 0.0 0.0 0.0 0.0 0.0 0.0 0.0 0.0 0.0 0.0 0.0 1.0 2.0 0.0 0.0 0.0 0.0 1.0 0.0 1.0 172.0 140.0 0.6 0.04 0.01 0.01 0.02 0.01 0.0 0.0
0.0 567.0 0.0 0.0 0.0 0.0 0.0 0.0 0.0 0.0 6.0 0.0 0.0 0.0 0.0 1.0 1.0 0.0 0.0 0.0 0.0 1.0 0.0 0.0 182.0 66.0 0.26 0.04 0.26 0.03 0.02 0.02 0.0 0.0
0.0 3690.0 0.0 0.0 0.0 0.0 0.0 0.0 0.0 0.0 0.0 0.0 0.0 0.0 0.0 5.0 5.0 0.0 0.0 0.0 0.0 1.0 0.0 0.0 192.0 76.0 0.3 0.04 0.3 0.03 0.02 0.01 0.0 0.0
0.0 88382.0 0.0 0.0 0.0 0.0 0.0 0.0 0.0 0.0 1.0 0.0 0.0 0.0 0.0 15.0 15.0 0.0 0.0 0.0 0.0 1.0 0.0 0.0 202.0 82.0 0.34 0.03 0.34 0.02 0.01 0.01 0.0 0.0
2.0 574.0 333.0 0.0 0.0 0.0 0.0 0.0 0.0 0.0 0.0 0.0 0.0 0.0 0.0 1.0 1.0 0.0 0.0 0.0 0.0 1.0 0.0 0.0 212.0 139.0 0.53 0.03 0.0 0.01 0.01 0.01 0.0 0.0
0.0 1699.0 0.0 0.0 0.0 0.0 0.0 0.0 0.0 0.0 0.0 0.0 0.0 0.0 0.0 2.0 2.0 0.0 0.0 0.0 0.0 1.0 0.0 0.0 222.0 89.0 0.38 0.03 0.38 0.02 0.01 0.01 0.0 0.0
0.0 59.0 0.0 0.0 0.0 0.0 0.0 0.0 0.0 0.0 0.0 0.0 0.0 0.0 0.0 10.0 10.0 0.0 0.0 0.0 0.0 1.0 0.0 0.0 232.0 97.0 0.4 0.03 0.4 0.02 0.01 0.01 0.0 0.0
0.0 649.0 329.0 0.0 0.0 0.0 0.0 0.0 0.0 0.0 0.0 0.0 0.0 0.0 0.0 1.0 2.0 0.0 0.0 0.0 0.0 1.0 0.0 1.0 242.0 127.0 0.5 0.03 0.0 0.02 0.01 0.02 0.0 0.0
0.0 567.0 0.0 0.0 0.0 0.0 0.0 0.0 0.0 0.0 6.0 0.0 0.0 0.0 0.0 1.0 1.0 0.0 0.0 0.0 0.0 1.0 0.0 0.0 252.0 96.0 0.38 0.03 0.38 0.0 0.01 0.01 0.0 0.0
0.0 383.0 0.0 0.0 0.0 0.0 0.0 0.0 0.0 0.0 0.0 0.0 0.0 0.0 0.0 2.0 2.0 0.0 0.0 0.0 0.0 1.0 0.0 0.0 255.0 102.0 0.4 0.03 0.4 0.0 0.01 0.01 0.0 0.0
1.0 847.0 328.0 0.0 0.0 0.0 0.0 0.0 0.0 0.0 0.0 0.0 0.0 0.0 0.0 1.0 3.0 0.0 0.0 0.0 0.0 1.0 0.0 1.0 255.0 124.0 0.49 0.03 0.0 0.0 0.01 0.02 0.0 0.0
0.0 1671.0 332.0 0.0 0.0 0.0 0.0 0.0 0.0 0.0 0.0 0.0 0.0 0.0 0.0 1.0 1.0 0.0 0.0 0.0 0.0 1.0 0.0 0.0 255.0 122.0 0.48 0.03 0.0 0.0 0.01 0.02 0.0 0.0
2.0 902.0 282.0 0.0 0.0 0.0 0.0 0.0 0.0 0.0 0.0 0.0 0.0 0.0 0.0 2.0 2.0 0.0 0.0 0.0 0.0 0.5 1.0 1.0 255.0 124.0 0.49 0.03 0.0 0.0 0.01 0.02 0.0 0.0
0.0 14189.0 0.0 0.0 0.0 0.0 0.0 0.0 0.0 0.0 0.0 0.0 0.0 0.0 0.0 5.0 5.0 0.0 0.0 0.0 0.0 1.0 0.0 0.0 255.0 111.0 0.44 0.03 0.44 0.0 0.01 0.01 0.0 0.0
0.0 5929.0 0.0 0.0 0.0 0.0 0.0 0.0 0.0 0.0 0.0 0.0 0.0 0.0 0.0 15.0 15.0 0.0 0.0 0.0 0.0 1.0 0.0 0.0 255.0 118.0 0.46 0.03 0.46 0.0 0.01 0.01 0.0 0.0
0.0 2246.0 335.0 0.0 0.0 0.0 0.0 0.0 0.0 0.0 0.0 0.0 0.0 0.0 0.0 1.0 2.0 0.0 0.0 0.0 0.0 1.0 0.0 1.0 255.0 113.0 0.44 0.03 0.0 0.0 0.01 0.02 0.0 0.0
0.0 12.0 0.0 0.0 0.0 0.0 0.0 0.0 0.0 0.0 0.0 0.0 0.0 0.0 0.0 2.0 2.0 0.0 0.0 0.0 0.0 1.0 0.0 0.0 10.0 107.0 0.6 0.3 0.6 0.02 0.0 0.01 0.0 0.0
0.0 32.0 0.0 0.0 0.0 0.0 0.0 0.0 0.0 0.0 0.0 0.0 0.0 0.0 0.0 1.0 2.0 0.0 0.0 0.0 0.0 1.0 0.0 1.0 20.0 13.0 0.05 0.2 0.05 0.15 0.0 0.0 0.0 0.0
27.0 704.0 2077.0 0.0 0.0 14.0 0.0 0.0 0.0 0.0 0.0 0.0 0.0 0.0 0.0 1.0 1.0 0.0 0.0 0.0 0.0 1.0 0.0 0.0 30.0 4.0 0.13 0.13 0.03 0.0 0.0 0.0 0.0 0.0
1.0 904.0 332.0 0.0 0.0 0.0 0.0 0.0 0.0 0.0 0.0 0.0 0.0 0.0 0.0 1.0 1.0 0.0 0.0 0.0 0.0 1.0 0.0 0.0 40.0 120.0 0.55 0.1 0.03 0.02 0.0 0.02 0.0 0.0
1.0 2373.0 329.0 0.0 0.0 0.0 0.0 0.0 0.0 0.0 0.0 0.0 0.0 0.0 0.0 1.0 4.0 0.0 0.0 0.0 0.0 1.0 0.0 1.0 50.0 113.0 0.48 0.08 0.02 0.02 0.0 0.01 0.0 0.0
0.0 192.0 0.0 0.0 0.0 0.0 0.0 0.0 0.0 0.0 0.0 0.0 0.0 0.0 0.0 1.0 1.0 0.0 0.0 0.0 0.0 1.0 0.0 0.0 60.0 112.0 0.33 0.07 0.33 0.02 0.0 0.01 0.0 0.0
0.0 15377.0 0.0 0.0 0.0 0.0 0.0 0.0 0.0 0.0 0.0 0.0 0.0 0.0 0.0 8.0 8.0 0.0 0.0 0.0 0.0 1.0 0.0 0.0 70.0 122.0 0.43 0.06 0.43 0.02 0.0 0.01 0.0 0.0
0.0 10389.0 0.0 0.0 0.0 0.0 0.0 0.0 0.0 0.0 0.0 0.0 0.0 0.0 0.0 18.0 18.0 0.0 0.0 0.0 0.0 1.0 0.0 0.0 80.0 126.0 0.5 0.05 0.5 0.02 0.0 0.01 0.0 0.0
0.0 32.0 0.0 0.0 0.0 0.0 0.0 0.0 0.0 0.0 0.0 0.0 0.0 0.0 0.0 2.0 4.0 0.0 0.0 0.0 0.0 0.5 1.0 0.75 90.0 10.0 0.03 0.06 0.03 0.2 0.0 0.0 0.0 0.0
6.0 1044.0 333.0 0.0 0.0 0.0 0.0 0.0 0.0 0.0 0.0 0.0 0.0 0.0 0.0 1.0 3.0 0.0 0.0 0.0 0.0 1.0 0.0 1.0 100.0 93.0 0.34 0.05 0.01 0.02 0.0 0.0 0.0 0.0
1.0 1061.0 331.0 0.0 0.0 0.0 0.0 0.0 0.0 0.0 0.0 0.0 0.0 0.0 0.0 1.0 3.0 0.0 0.0 0.0 0.0 1.0 0.0 1.0 110.0 90.0 0.37 0.05 0.01 0.02 0.0 0.0 0.0 0.0
2.0 1792.0 329.0 0.0 0.0 0.0 0.0 0.0 0.0 0.0 0.0 0.0 0.0 0.0 0.0 1.0 2.0 0.0 0.0 0.0 0.0 1.0 0.0 1.0 120.0 95.0 0.41 0.04 0.01 0.02 0.0 0.0 0.0 0.0
1.0 957.0 335.0 0.0 0.0 0.0 0.0 0.0 0.0 0.0 0.0 0.0 0.0 0.0 0.0 1.0 1.0 0.0 0.0 0.0 0.0 1.0 0.0 0.0 130.0 102.0 0.43 0.04 0.01 0.02 0.0 0.0 0.0 0.0
0.0 1069.0 334.0 0.0 0.0 0.0 0.0 0.0 0.0 0.0 0.0 0.0 0.0 0.0 0.0 1.0 2.0 0.0 0.0 0.0 0.0 1.0 0.0 1.0 140.0 109.0 0.45 0.04 0.01 0.02 0.0 0.0 0.0 0.0
2.0 1335.0 368.0 0.0 0.0 0.0 0.0 0.0 0.0 0.0 0.0 0.0 0.0 0.0 0.0 1.0 3.0 0.0 0.0 0.0 0.0 1.0 0.0 1.0 150.0 113.0 0.46 0.03 0.01 0.02 0.0 0.0 0.0 0.0
25.0 346.0 1063.0 0.0 0.0 6.0 0.0 0.0 0.0 0.0 0.0 0.0 0.0 0.0 0.0 1.0 1.0 0.0 0.0 0.0 0.0 1.0 0.0 0.0 160.0 26.0 0.16 0.04 0.01 0.0 0.0 0.0 0.0 0.0
5.0 870.0 332.0 0.0 0.0 0.0 0.0 0.0 0.0 0.0 0.0 0.0 0.0 0.0 0.0 1.0 2.0 0.0 0.0 0.0 0.0 1.0 0.0 1.0 170.0 119.0 0.46 0.04 0.01 0.02 0.0 0.0 0.0 0.0
1.0 1653.0 332.0 0.0 0.0 0.0 0.0 0.0 0.0 0.0 0.0 0.0 0.0 0.0 0.0 1.0 2.0 0.0 0.0 0.0 0.0 1.0 0.0 1.0 180.0 120.0 0.49 0.03 0.01 0.02 0.0 0.0 0.0 0.0
2.0 2074.0 334.0 0.0 0.0 0.0 0.0 0.0 0.0 0.0 0.0 0.0 0.0 0.0 0.0 1.0 2.0 0.0 0.0 0.0 0.0 1.0 0.0 1.0 190.0 119.0 0.48 0.03 0.01 0.02 0.0 0.0 0.0 0.0
0.0 32.0 0.0 0.0 0.0 0.0 0.0 0.0 0.0 0.0 0.0 0.0 0.0 0.0 0.0 1.0 2.0 0.0 0.0 0.0 0.0 1.0 0.0 1.0 200.0 18.0 0.08 0.04 0.08 0.11 0.0 0.0 0.0 0.0
1.0 963.0 364.0 0.0 0.0 0.0 0.0 0.0 0.0 0.0 0.0 0.0 0.0 0.0 0.0 1.0 3.0 0.0 0.0 0.0 0.0 1.0 0.0 1.0 210.0 112.0 0.45 0.03 0.0 0.02 0.0 0.0 0.0 0.0
21.0 238.0 774.0 0.0 0.0 4.0 0.0 0.0 0.0 0.0 0.0 0.0 0.0 0.0 0.0 1.0 1.0 0.0 0.0 0.0 0.0 1.0 0.0 0.0 220.0 43.0 0.2 0.03 0.0 0.0 0.0 0.0 0.0 0.0
0.0 749.0 0.0 0.0 0.0 0.0 0.0 0.0 0.0 0.0 0.0 0.0 0.0 0.0 0.0 3.0 3.0 0.0 0.0 0.0 0.0 1.0 0.0 0.0 230.0 71.0 0.24 0.03 0.24 0.03 0.0 0.0 0.0 0.0
1.0 912.0 334.0 0.0 0.0 0.0 0.0 0.0 0.0 0.0 0.0 0.0 0.0 0.0 0.0 1.0 3.0 0.0 0.0 0.0 0.0 1.0 0.0 1.0 240.0 106.0 0.42 0.03 0.0 0.02 0.0 0.0 0.0 0.0
0.0 276.0 0.0 0.0 0.0 0.0 0.0 0.0 0.0 0.0 0.0 0.0 0.0 0.0 0.0 1.0 1.0 0.0 0.0 0.0 0.0 1.0 0.0 0.0 250.0 67.0 0.27 0.03 0.27 0.0 0.0 0.0 0.0 0.0
