2055.0 146.0 105.0 0.0 0.0 0.0 0.0 0.0 0.0 0.0 0.0 0.0 0.0 0.0 0.0 1.0 1.0 0.0 0.0 0.0 0.0 1.0 0.0 0.0 255.0 1.0 0.0 0.59 0.92 0.0 0.0 0.0 0.0 0.0
301.0 146.0 105.0 0.0 0.0 0.0 0.0 0.0 0.0 0.0 0.0 0.0 0.0 0.0 0.0 1.0 1.0 0.0 0.0 0.0 0.0 1.0 0.0 0.0 255.0 3.0 0.01 0.59 0.92 0.0 0.0 0.0 0.0 0.0
0.0 146.0 0.0 0.0 0.0 0.0 0.0 0.0 0.0 0.0 0.0 0.0 0.0 0.0 0.0 2.0 1.0 0.0 0.0 0.0 0.0 0.5 1.0 0.0 255.0 1.0 0.0 0.59 0.92 0.0 0.0 0.0 0.0 0.0
10763.0 146.0 105.0 0.0 0.0 0.0 0.0 0.0 0.0 0.0 0.0 0.0 0.0 0.0 0.0 1.0 1.0 0.0 0.0 0.0 0.0 1.0 0.0 0.0 255.0 1.0 0.0 0.59 0.92 0.0 0.0 0.0 0.0 0.0
4145.0 146.0 105.0 0.0 0.0 0.0 0.0 0.0 0.0 0.0 0.0 0.0 0.0 0.0 0.0 1.0 1.0 0.0 0.0 0.0 0.0 1.0 0.0 0.0 255.0 3.0 0.01 0.59 0.91 0.0 0.0 0.0 0.0 0.0
1275.0 146.0 105.0 0.0 0.0 0.0 0.0 0.0 0.0 0.0 0.0 0.0 0.0 0.0 0.0 1.0 1.0 0.0 0.0 0.0 0.0 1.0 0.0 0.0 255.0 1.0 0.0 0.58 0.92 0.0 0.0 0.0 0.0 0.0
7925.0 146.0 105.0 0.0 0.0 0.0 0.0 0.0 0.0 0.0 0.0 0.0 0.0 0.0 0.0 2.0 1.0 0.0 0.0 0.0 0.0 0.5 1.0 0.0 255.0 1.0 0.0 0.58 0.93 0.0 0.0 0.0 0.0 0.0
1617.0 146.0 105.0 0.0 0.0 0.0 0.0 0.0 0.0 0.0 0.0 0.0 0.0 0.0 0.0 1.0 1.0 0.0 0.0 0.0 0.0 1.0 0.0 0.0 255.0 1.0 0.0 0.59 0.93 0.0 0.0 0.0 0.0 0.0
6744.0 146.0 105.0 0.0 0.0 0.0 0.0 0.0 0.0 0.0 0.0 0.0 0.0 0.0 0.0 1.0 1.0 0.0 0.0 0.0 0.0 1.0 0.0 0.0 255.0 1.0 0.0 0.6 0.93 0.0 0.0 0.0 0.0 0.0
14536.0 146.0 105.0 0.0 0.0 0.0 0.0 0.0 0.0 0.0 0.0 0.0 0.0 0.0 0.0 2.0 1.0 0.0 0.0 0.0 0.0 0.5 1.0 0.0 255.0 1.0 0.0 0.6 0.93 0.0 0.0 0.0 0.0 0.0
27177.0 146.0 105.0 0.0 0.0 0.0 0.0 0.0 0.0 0.0 0.0 0.0 0.0 0.0 0.0 1.0 1.0 0.0 0.0 0.0 0.0 1.0 0.0 0.0 255.0 2.0 0.01 0.59 0.94 0.0 0.0 0.0 0.0 0.0
1375.0 146.0 105.0 0.0 0.0 0.0 0.0 0.0 0.0 0.0 0.0 0.0 0.0 0.0 0.0 1.0 1.0 0.0 0.0 0.0 0.0 1.0 0.0 0.0 255.0 3.0 0.01 0.58 0.95 0.0 0.0 0.0 0.0 0.0
1327.0 146.0 105.0 0.0 0.0 0.0 0.0 0.0 0.0 0.0 0.0 0.0 0.0 0.0 0.0 1.0 1.0 0.0 0.0 0.0 0.0 1.0 0.0 0.0 255.0 4.0 0.02 0.57 0.95 0.0 0.0 0.0 0.0 0.0
4245.0 146.0 105.0 0.0 0.0 0.0 0.0 0.0 0.0 0.0 0.0 0.0 0.0 0.0 0.0 1.0 1.0 0.0 0.0 0.0 0.0 1.0 0.0 0.0 255.0 1.0 0.0 0.57 0.95 0.0 0.0 0.0 0.0 0.0
1304.0 146.0 105.0 0.0 0.0 0.0 0.0 0.0 0.0 0.0 0.0 0.0 0.0 0.0 0.0 4.0 2.0 0.0 0.0 0.0 0.0 0.5 0.5 0.0 255.0 2.0 0.01 0.59 0.95 0.0 0.0 0.0 0.0 0.0
2499.0 146.0 105.0 0.0 0.0 0.0 0.0 0.0 0.0 0.0 0.0 0.0 0.0 0.0 0.0 2.0 2.0 0.0 0.0 0.0 0.0 1.0 0.0 0.0 255.0 4.0 0.02 0.58 0.95 0.0 0.0 0.0 0.0 0.0
8761.0 146.0 105.0 0.0 0.0 0.0 0.0 0.0 0.0 0.0 0.0 0.0 0.0 0.0 0.0 1.0 1.0 0.0 0.0 0.0 0.0 1.0 0.0 0.0 255.0 1.0 0.0 0.59 0.95 0.0 0.0 0.0 0.0 0.0
2892.0 146.0 105.0 0.0 0.0 0.0 0.0 0.0 0.0 0.0 0.0 0.0 0.0 0.0 0.0 1.0 1.0 0.0 0.0 0.0 0.0 1.0 0.0 0.0 255.0 1.0 0.0 0.58 0.95 0.0 0.0 0.0 0.0 0.0
10401.0 146.0 105.0 0.0 0.0 0.0 0.0 0.0 0.0 0.0 0.0 0.0 0.0 0.0 0.0 1.0 1.0 0.0 0.0 0.0 0.0 1.0 0.0 0.0 255.0 3.0 0.01 0.59 0.95 0.0 0.0 0.0 0.0 0.0
2778.0 146.0 105.0 0.0 0.0 0.0 0.0 0.0 0.0 0.0 0.0 0.0 0.0 0.0 0.0 1.0 1.0 0.0 0.0 0.0 0.0 1.0 0.0 0.0 255.0 1.0 0.0 0.62 0.95 0.0 0.0 0.0 0.0 0.0
6393.0 146.0 105.0 0.0 0.0 0.0 0.0 0.0 0.0 0.0 0.0 0.0 0.0 0.0 0.0 4.0 2.0 0.0 0.0 0.0 0.0 0.5 0.5 0.0 255.0 4.0 0.02 0.63 0.95 0.0 0.0 0.0 0.0 0.0
0.0 1044.0 324.0 0.0 0.0 0.0 0.0 0.0 0.0 0.0 0.0 1.0 0.0 0.0 0.0 1.0 1.0 0.0 0.0 0.0 0.0 1.0 0.0 0.0 255.0 12.0 0.05 0.63 0.0 0.0 0.0 0.0 0.0 0.0
0.0 172.0 0.0 0.0 0.0 0.0 0.0 0.0 0.0 0.0 0.0 0.0 0.0 0.0 0.0 1.0 1.0 0.0 0.0 0.0 0.0 1.0 0.0 0.0 255.0 7.0 0.03 0.62 0.03 0.0 0.0 0.0 0.0 0.0
0.0 4763.0 0.0 0.0 0.0 0.0 0.0 0.0 0.0 0.0 0.0 0.0 0.0 0.0 0.0 10.0 10.0 0.0 0.0 0.0 0.0 1.0 0.0 0.0 255.0 16.0 0.06 0.6 0.06 0.0 0.0 0.0 0.0 0.0
0.0 2082.0 369.0 0.0 0.0 0.0 0.0 0.0 0.0 0.0 0.0 0.0 0.0 0.0 0.0 1.0 2.0 0.0 0.0 0.0 0.0 1.0 0.0 1.0 255.0 13.0 0.05 0.6 0.0 0.0 0.0 0.0 0.0 0.0
0.0 146.0 0.0 0.0 0.0 0.0 0.0 0.0 0.0 0.0 0.0 0.0 0.0 0.0 0.0 1.0 1.0 0.0 0.0 0.0 0.0 1.0 0.0 0.0 255.0 1.0 0.0 0.61 0.88 0.0 0.0 0.0 0.0 0.0
2034.0 146.0 105.0 0.0 0.0 0.0 0.0 0.0 0.0 0.0 0.0 0.0 0.0 0.0 0.0 2.0 2.0 0.0 0.0 0.0 0.0 1.0 0.0 0.0 255.0 2.0 0.01 0.63 0.88 0.0 0.0 0.0 0.0 0.0
757.0 146.0 105.0 0.0 0.0 0.0 0.0 0.0 0.0 0.0 0.0 0.0 0.0 0.0 0.0 1.0 1.0 0.0 0.0 0.0 0.0 1.0 0.0 0.0 255.0 2.0 0.01 0.62 0.88 0.0 0.0 0.0 0.0 0.0
2008.0 146.0 105.0 0.0 0.0 0.0 0.0 0.0 0.0 0.0 0.0 0.0 0.0 0.0 0.0 1.0 1.0 0.0 0.0 0.0 0.0 1.0 0.0 0.0 255.0 2.0 0.01 0.62 0.88 0.0 0.0 0.0 0.0 0.0
2733.0 146.0 105.0 0.0 0.0 0.0 0.0 0.0 0.0 0.0 0.0 0.0 0.0 0.0 0.0 1.0 1.0 0.0 0.0 0.0 0.0 1.0 0.0 0.0 255.0 2.0 0.01 0.6 0.88 0.0 0.0 0.0 0.0 0.0
3300.0 146.0 105.0 0.0 0.0 0.0 0.0 0.0 0.0 0.0 0.0 0.0 0.0 0.0 0.0 1.0 1.0 0.0 0.0 0.0 0.0 1.0 0.0 0.0 255.0 2.0 0.01 0.6 0.89 0.0 0.0 0.0 0.0 0.0
4130.0 146.0 105.0 0.0 0.0 0.0 0.0 0.0 0.0 0.0 0.0 0.0 0.0 0.0 0.0 1.0 1.0 0.0 0.0 0.0 0.0 1.0 0.0 0.0 255.0 1.0 0.0 0.6 0.89 0.0 0.0 0.0 0.0 0.0
3146.0 146.0 105.0 0.0 0.0 0.0 0.0 0.0 0.0 0.0 0.0 0.0 0.0 0.0 0.0 1.0 1.0 0.0 0.0 0.0 0.0 1.0 0.0 0.0 255.0 1.0 0.0 0.6 0.89 0.0 0.0 0.0 0.0 0.0
4751.0 146.0 105.0 0.0 0.0 0.0 0.0 0.0 0.0 0.0 0.0 0.0 0.0 0.0 0.0 1.0 1.0 0.0 0.0 0.0 0.0 1.0 0.0 0.0 255.0 1.0 0.0 0.61 0.89 0.0 0.0 0.0 0.0 0.0
0.0 146.0 0.0 0.0 0.0 0.0 0.0 0.0 0.0 0.0 0.0 0.0 0.0 0.0 0.0 1.0 1.0 0.0 0.0 0.0 0.0 1.0 0.0 0.0 255.0 1.0 0.0 0.6 0.89 0.0 0.0 0.0 0.0 0.0
3850.0 146.0 105.0 0.0 0.0 0.0 0.0 0.0 0.0 0.0 0.0 0.0 0.0 0.0 0.0 2.0 2.0 0.0 0.0 0.0 0.0 1.0 0.0 0.0 255.0 2.0 0.01 0.6 0.89 0.0 0.0 0.0 0.0 0.0
9916.0 146.0 105.0 0.0 0.0 0.0 0.0 0.0 0.0 0.0 0.0 0.0 0.0 0.0 0.0 1.0 1.0 0.0 0.0 0.0 0.0 1.0 0.0 0.0 255.0 2.0 0.01 0.6 0.89 0.0 0.0 0.0 0.0 0.0
0.0 146.0 0.0 0.0 0.0 0.0 0.0 0.0 0.0 0.0 0.0 0.0 0.0 0.0 0.0 3.0 1.0 0.0 0.0 0.0 0.0 0.33 0.67 0.0 255.0 2.0 0.01 0.6 0.89 0.0 0.0 0.0 0.0 0.0
0.0 146.0 0.0 0.0 0.0 0.0 0.0 0.0 0.0 0.0 0.0 0.0 0.0 0.0 0.0 1.0 1.0 0.0 0.0 0.0 0.0 1.0 0.0 0.0 255.0 1.0 0.0 0.6 0.89 0.0 0.0 0.0 0.0 0.0
0.0 1151.0 330.0 0.0 0.0 0.0 0.0 0.0 0.0 0.0 0.0 0.0 0.0 0.0 0.0 1.0 1.0 0.0 0.0 0.0 0.0 1.0 0.0 0.0 255.0 8.0 0.03 0.6 0.0 0.0 0.0 0.0 0.0 0.0
15816.0 146.0 105.0 0.0 0.0 0.0 0.0 0.0 0.0 0.0 0.0 0.0 0.0 0.0 0.0 2.0 2.0 0.0 0.0 0.0 0.0 1.0 0.0 0.0 255.0 2.0 0.01 0.62 0.89 0.0 0.0 0.0 0.0 0.0
11335.0 146.0 105.0 0.0 0.0 0.0 0.0 0.0 0.0 0.0 0.0 0.0 0.0 0.0 0.0 1.0 1.0 0.0 0.0 0.0 0.0 1.0 0.0 0.0 255.0 2.0 0.01 0.6 0.89 0.0 0.0 0.0 0.0 0.0
2878.0 146.0 105.0 0.0 0.0 0.0 0.0 0.0 0.0 0.0 0.0 0.0 0.0 0.0 0.0 1.0 1.0 0.0 0.0 0.0 0.0 1.0 0.0 0.0 255.0 1.0 0.0 0.61 0.89 0.0 0.0 0.0 0.0 0.0
1444.0 146.0 105.0 0.0 0.0 0.0 0.0 0.0 0.0 0.0 0.0 0.0 0.0 0.0 0.0 1.0 1.0 0.0 0.0 0.0 0.0 1.0 0.0 0.0 255.0 4.0 0.02 0.6 0.89 0.0 0.0 0.0 0.0 0.0
1073.0 146.0 105.0 0.0 0.0 0.0 0.0 0.0 0.0 0.0 0.0 0.0 0.0 0.0 0.0 1.0 1.0 0.0 0.0 0.0 0.0 1.0 0.0 0.0 255.0 1.0 0.0 0.59 0.88 0.0 0.0 0.0 0.0 0.0
4213.0 146.0 105.0 0.0 0.0 0.0 0.0 0.0 0.0 0.0 0.0 0.0 0.0 0.0 0.0 5.0 1.0 0.0 0.0 0.0 0.0 0.2 0.6 0.0 255.0 1.0 0.0 0.6 0.88 0.0 0.0 0.0 0.0 0.0
11807.0 146.0 105.0 0.0 0.0 0.0 0.0 0.0 0.0 0.0 0.0 0.0 0.0 0.0 0.0 5.0 1.0 0.0 0.0 0.0 0.0 0.2 0.6 0.0 255.0 2.0 0.01 0.6 0.88 0.0 0.0 0.0 0.0 0.0
5934.0 146.0 105.0 0.0 0.0 0.0 0.0 0.0 0.0 0.0 0.0 0.0 0.0 0.0 0.0 1.0 1.0 0.0 0.0 0.0 0.0 1.0 0.0 0.0 255.0 1.0 0.0 0.6 0.89 0.0 0.0 0.0 0.0 0.0
2249.0 146.0 105.0 0.0 0.0 0.0 0.0 0.0 0.0 0.0 0.0 0.0 0.0 0.0 0.0 1.0 1.0 0.0 0.0 0.0 0.0 1.0 0.0 0.0 255.0 1.0 0.0 0.62 0.93 0.0 0.0 0.0 0.0 0.0
10429.0 146.0 105.0 0.0 0.0 0.0 0.0 0.0 0.0 0.0 0.0 0.0 0.0 0.0 0.0 1.0 1.0 0.0 0.0 0.0 0.0 1.0 0.0 0.0 255.0 1.0 0.0 0.65 0.96 0.0 0.0 0.0 0.0 0.0
2228.0 146.0 105.0 0.0 0.0 0.0 0.0 0.0 0.0 0.0 0.0 0.0 0.0 0.0 0.0 2.0 2.0 0.0 0.0 0.0 0.0 1.0 0.0 0.0 255.0 2.0 0.01 0.65 0.96 0.0 0.0 0.0 0.0 0.0
0.0 146.0 0.0 0.0 0.0 0.0 0.0 0.0 0.0 0.0 0.0 0.0 0.0 0.0 0.0 3.0 1.0 0.0 0.0 0.0 0.0 0.33 0.67 0.0 255.0 1.0 0.0 0.65 0.96 0.0 0.0 0.0 0.0 0.0
4805.0 146.0 105.0 0.0 0.0 0.0 0.0 0.0 0.0 0.0 0.0 0.0 0.0 0.0 0.0 2.0 2.0 0.0 0.0 0.0 0.0 1.0 0.0 0.0 255.0 2.0 0.01 0.65 0.96 0.0 0.0 0.0 0.0 0.0
0.0 146.0 0.0 0.0 0.0 0.0 0.0 0.0 0.0 0.0 0.0 0.0 0.0 0.0 0.0 1.0 1.0 0.0 0.0 0.0 0.0 1.0 0.0 0.0 255.0 1.0 0.0 0.67 0.96 0.0 0.0 0.0 0.0 0.0
10784.0 146.0 105.0 0.0 0.0 0.0 0.0 0.0 0.0 0.0 0.0 0.0 0.0 0.0 0.0 1.0 1.0 0.0 0.0 0.0 0.0 1.0 0.0 0.0 255.0 2.0 0.01 0.68 0.97 0.0 0.0 0.0 0.0 0.0
0.0 146.0 0.0 0.0 0.0 0.0 0.0 0.0 0.0 0.0 0.0 0.0 0.0 0.0 0.0 1.0 1.0 0.0 0.0 0.0 0.0 1.0 0.0 0.0 255.0 1.0 0.0 0.67 0.96 0.0 0.0 0.0 0.0 0.0
0.0 146.0 0.0 0.0 0.0 0.0 0.0 0.0 0.0 0.0 0.0 0.0 0.0 0.0 0.0 1.0 1.0 0.0 0.0 0.0 0.0 1.0 0.0 0.0 255.0 1.0 0.0 0.68 0.96 0.0 0.0 0.0 0.0 0.0
2476.0 146.0 105.0 0.0 0.0 0.0 0.0 0.0 0.0 0.0 0.0 0.0 0.0 0.0 0.0 1.0 1.0 0.0 0.0 0.0 0.0 1.0 0.0 0.0 255.0 1.0 0.0 0.69 0.96 0.0 0.0 0.0 0.0 0.0
0.0 146.0 0.0 0.0 0.0 0.0 0.0 0.0 0.0 0.0 0.0 0.0 0.0 0.0 0.0 1.0 1.0 0.0 0.0 0.0 0.0 1.0 0.0 0.0 255.0 1.0 0.0 0.69 0.97 0.0 0.0 0.0 0.0 0.0
2343.0 146.0 105.0 0.0 0.0 0.0 0.0 0.0 0.0 0.0 0.0 0.0 0.0 0.0 0.0 2.0 2.0 0.0 0.0 0.0 0.0 1.0 0.0 0.0 255.0 2.0 0.01 0.69 0.97 0.0 0.0 0.0 0.0 0.0
1388.0 146.0 105.0 0.0 0.0 0.0 0.0 0.0 0.0 0.0 0.0 0.0 0.0 0.0 0.0 2.0 2.0 0.0 0.0 0.0 0.0 1.0 0.0 0.0 255.0 2.0 0.01 0.7 0.97 0.0 0.0 0.0 0.0 0.0
3687.0 146.0 105.0 0.0 0.0 0.0 0.0 0.0 0.0 0.0 0.0 0.0 0.0 0.0 0.0 1.0 1.0 0.0 0.0 0.0 0.0 1.0 0.0 0.0 255.0 1.0 0.0 0.71 0.97 0.0 0.0 0.0 0.0 0.0
0.0 146.0 0.0 0.0 0.0 0.0 0.0 0.0 0.0 0.0 0.0 0.0 0.0 0.0 0.0 3.0 1.0 0.0 0.0 0.0 0.0 0.33 0.67 0.0 255.0 1.0 0.0 0.72 0.97 0.0 0.0 0.0 0.0 0.0
360.0 146.0 105.0 0.0 0.0 0.0 0.0 0.0 0.0 0.0 0.0 0.0 0.0 0.0 0.0 1.0 1.0 0.0 0.0 0.0 0.0 1.0 0.0 0.0 255.0 1.0 0.0 0.72 0.97 0.0 0.0 0.0 0.0 0.0
3445.0 146.0 105.0 0.0 0.0 0.0 0.0 0.0 0.0 0.0 0.0 0.0 0.0 0.0 0.0 1.0 1.0 0.0 0.0 0.0 0.0 1.0 0.0 0.0 255.0 2.0 0.01 0.71 0.97 0.0 0.0 0.0 0.0 0.0
3919.0 146.0 105.0 0.0 0.0 0.0 0.0 0.0 0.0 0.0 0.0 0.0 0.0 0.0 0.0 1.0 1.0 0.0 0.0 0.0 0.0 1.0 0.0 0.0 255.0 1.0 0.0 0.71 0.97 0.0 0.0 0.0 0.0 0.0
0.0 2341.0 326.0 0.0 0.0 0.0 0.0 0.0 0.0 0.0 0.0 0.0 0.0 0.0 0.0 1.0 2.0 0.0 0.0 0.0 0.0 1.0 0.0 1.0 255.0 7.0 0.03 0.71 0.0 0.0 0.0 0.0 0.0 0.0
355.0 146.0 105.0 0.0 0.0 0.0 0.0 0.0 0.0 0.0 0.0 0.0 0.0 0.0 0.0 1.0 1.0 0.0 0.0 0.0 0.0 1.0 0.0 0.0 255.0 2.0 0.01 0.7 0.97 0.0 0.0 0.0 0.0 0.0
5982.0 146.0 105.0 0.0 0.0 0.0 0.0 0.0 0.0 0.0 0.0 0.0 0.0 0.0 0.0 1.0 1.0 0.0 0.0 0.0 0.0 1.0 0.0 0.0 255.0 2.0 0.01 0.7 0.97 0.0 0.0 0.0 0.0 0.0
4191.0 146.0 105.0 0.0 0.0 0.0 0.0 0.0 0.0 0.0 0.0 0.0 0.0 0.0 0.0 1.0 1.0 0.0 0.0 0.0 0.0 1.0 0.0 0.0 255.0 2.0 0.01 0.7 0.97 0.0 0.0 0.0 0.0 0.0
0.0 33.0 0.0 0.0 0.0 0.0 0.0 0.0 0.0 0.0 0.0 0.0 0.0 0.0 0.0 1.0 1.0 0.0 0.0 0.0 0.0 1.0 0.0 0.0 255.0 1.0 0.0 0.7 0.0 0.0 0.0 0.0 0.0 0.0
0.0 146.0 0.0 0.0 0.0 0.0 0.0 0.0 0.0 0.0 0.0 0.0 0.0 0.0 0.0 1.0 1.0 0.0 0.0 0.0 0.0 1.0 0.0 0.0 255.0 1.0 0.0 0.69 0.97 0.0 0.0 0.0 0.0 0.0
0.0 146.0 0.0 0.0 0.0 0.0 0.0 0.0 0.0 0.0 0.0 0.0 0.0 0.0 0.0 2.0 1.0 0.0 0.0 0.0 0.0 0.5 1.0 0.0 255.0 1.0 0.0 0.68 0.97 0.0 0.0 0.0 0.0 0.0
6543.0 146.0 105.0 0.0 0.0 0.0 0.0 0.0 0.0 0.0 0.0 0.0 0.0 0.0 0.0 2.0 2.0 0.0 0.0 0.0 0.0 1.0 0.0 0.0 255.0 2.0 0.01 0.68 0.97 0.0 0.0 0.0 0.0 0.0
0.0 146.0 0.0 0.0 0.0 0.0 0.0 0.0 0.0 0.0 0.0 0.0 0.0 0.0 0.0 1.0 1.0 0.0 0.0 0.0 0.0 1.0 0.0 0.0 255.0 1.0 0.0 0.66 0.97 0.0 0.0 0.0 0.0 0.0
3894.0 146.0 105.0 0.0 0.0 0.0 0.0 0.0 0.0 0.0 0.0 0.0 0.0 0.0 0.0 1.0 1.0 0.0 0.0 0.0 0.0 1.0 0.0 0.0 255.0 1.0 0.0 0.68 0.97 0.0 0.0 0.0 0.0 0.0
20171.0 146.0 105.0 0.0 0.0 0.0 0.0 0.0 0.0 0.0 0.0 0.0 0.0 0.0 0.0 1.0 1.0 0.0 0.0 0.0 0.0 1.0 0.0 0.0 255.0 2.0 0.01 0.67 0.96 0.0 0.0 0.0 0.0 0.0
0.0 146.0 0.0 0.0 0.0 0.0 0.0 0.0 0.0 0.0 0.0 0.0 0.0 0.0 0.0 1.0 1.0 0.0 0.0 0.0 0.0 1.0 0.0 0.0 255.0 1.0 0.0 0.66 0.96 0.0 0.0 0.0 0.0 0.0
8783.0 146.0 105.0 0.0 0.0 0.0 0.0 0.0 0.0 0.0 0.0 0.0 0.0 0.0 0.0 4.0 2.0 0.0 0.0 0.0 0.0 0.5 0.5 0.0 255.0 2.0 0.01 0.64 0.96 0.0 0.0 0.0 0.0 0.0
3.0 1159.0 330.0 0.0 0.0 0.0 0.0 0.0 0.0 0.0 0.0 0.0 0.0 0.0 0.0 1.0 2.0 0.0 0.0 0.0 0.0 1.0 0.0 1.0 255.0 10.0 0.04 0.62 0.0 0.0 0.0 0.0 0.0 0.0
1278.0 146.0 105.0 0.0 0.0 0.0 0.0 0.0 0.0 0.0 0.0 0.0 0.0 0.0 0.0 2.0 2.0 0.0 0.0 0.0 0.0 1.0 0.0 0.0 255.0 3.0 0.01 0.63 0.95 0.0 0.0 0.0 0.0 0.0
0.0 146.0 0.0 0.0 0.0 0.0 0.0 0.0 0.0 0.0 0.0 0.0 0.0 0.0 0.0 3.0 1.0 0.0 0.0 0.0 0.0 0.33 0.67 0.0 255.0 1.0 0.0 0.64 0.95 0.0 0.0 0.0 0.0 0.0
5882.0 146.0 105.0 0.0 0.0 0.0 0.0 0.0 0.0 0.0 0.0 0.0 0.0 0.0 0.0 5.0 1.0 0.0 0.0 0.0 0.0 0.2 0.6 0.0 255.0 1.0 0.0 0.63 0.95 0.0 0.0 0.0 0.0 0.0
2639.0 146.0 105.0 0.0 0.0 0.0 0.0 0.0 0.0 0.0 0.0 0.0 0.0 0.0 0.0 2.0 2.0 0.0 0.0 0.0 0.0 1.0 0.0 0.0 255.0 2.0 0.01 0.62 0.95 0.0 0.0 0.0 0.0 0.0
921.0 146.0 105.0 0.0 0.0 0.0 0.0 0.0 0.0 0.0 0.0 0.0 0.0 0.0 0.0 1.0 1.0 0.0 0.0 0.0 0.0 1.0 0.0 0.0 255.0 1.0 0.0 0.64 0.95 0.0 0.0 0.0 0.0 0.0
504.0 146.0 105.0 0.0 0.0 0.0 0.0 0.0 0.0 0.0 0.0 0.0 0.0 0.0 0.0 1.0 1.0 0.0 0.0 0.0 0.0 1.0 0.0 0.0 255.0 1.0 0.0 0.64 0.95 0.0 0.0 0.0 0.0 0.0
3038.0 146.0 105.0 0.0 0.0 0.0 0.0 0.0 0.0 0.0 0.0 0.0 0.0 0.0 0.0 1.0 1.0 0.0 0.0 0.0 0.0 1.0 0.0 0.0 255.0 3.0 0.01 0.64 0.95 0.0 0.0 0.0 0.0 0.0
3927.0 146.0 105.0 0.0 0.0 0.0 0.0 0.0 0.0 0.0 0.0 0.0 0.0 0.0 0.0 1.0 1.0 0.0 0.0 0.0 0.0 1.0 0.0 0.0 255.0 2.0 0.01 0.64 0.95 0.0 0.0 0.0 0.0 0.0
263.0 146.0 105.0 0.0 0.0 0.0 0.0 0.0 0.0 0.0 0.0 0.0 0.0 0.0 0.0 1.0 1.0 0.0 0.0 0.0 0.0 1.0 0.0 0.0 255.0 1.0 0.0 0.64 0.95 0.0 0.0 0.0 0.0 0.0
3477.0 146.0 105.0 0.0 0.0 0.0 0.0 0.0 0.0 0.0 0.0 0.0 0.0 0.0 0.0 1.0 1.0 0.0 0.0 0.0 0.0 1.0 0.0 0.0 255.0 1.0 0.0 0.64 0.94 0.0 0.0 0.0 0.0 0.0
4371.0 146.0 105.0 0.0 0.0 0.0 0.0 0.0 0.0 0.0 0.0 0.0 0.0 0.0 0.0 1.0 1.0 0.0 0.0 0.0 0.0 1.0 0.0 0.0 255.0 1.0 0.0 0.65 0.95 0.0 0.0 0.0 0.0 0.0
2326.0 146.0 105.0 0.0 0.0 0.0 0.0 0.0 0.0 0.0 0.0 0.0 0.0 0.0 0.0 1.0 1.0 0.0 0.0 0.0 0.0 1.0 0.0 0.0 255.0 2.0 0.01 0.64 0.95 0.0 0.0 0.0 0.0 0.0
1397.0 146.0 105.0 0.0 0.0 0.0 0.0 0.0 0.0 0.0 0.0 0.0 0.0 0.0 0.0 1.0 1.0 0.0 0.0 0.0 0.0 1.0 0.0 0.0 255.0 2.0 0.01 0.65 0.95 0.0 0.0 0.0 0.0 0.0
4923.0 146.0 105.0 0.0 0.0 0.0 0.0 0.0 0.0 0.0 0.0 0.0 0.0 0.0 0.0 4.0 2.0 0.0 0.0 0.0 0.0 0.5 0.5 0.0 255.0 2.0 0.01 0.65 0.95 0.0 0.0 0.0 0.0 0.0
462.0 146.0 105.0 0.0 0.0 0.0 0.0 0.0 0.0 0.0 0.0 0.0 0.0 0.0 0.0 4.0 2.0 0.0 0.0 0.0 0.0 0.5 0.5 0.0 255.0 2.0 0.01 0.65 0.95 0.0 0.0 0.0 0.0 0.0
0.0 146.0 0.0 0.0 0.0 0.0 0.0 0.0 0.0 0.0 0.0 0.0 0.0 0.0 0.0 3.0 1.0 0.0 0.0 0.0 0.0 0.33 0.67 0.0 255.0 1.0 0.0 0.63 0.95 0.0 0.0 0.0 0.0 0.0
0.0 850.0 329.0 0.0 0.0 0.0 0.0 0.0 0.0 0.0 0.0 0.0 0.0 0.0 0.0 2.0 1.0 0.0 0.0 0.0 0.0 0.5 1.0 0.0 255.0 12.0 0.05 0.62 0.0 0.0 0.0 0.0 0.0 0.0
10466.0 146.0 105.0 0.0 0.0 0.0 0.0 0.0 0.0 0.0 0.0 0.0 0.0 0.0 0.0 1.0 1.0 0.0 0.0 0.0 0.0 1.0 0.0 0.0 255.0 1.0 0.0 0.62 0.95 0.0 0.0 0.0 0.0 0.0
8053.0 146.0 105.0 0.0 0.0 0.0 0.0 0.0 0.0 0.0 0.0 0.0 0.0 0.0 0.0 1.0 1.0 0.0 0.0 0.0 0.0 1.0 0.0 0.0 255.0 1.0 0.0 0.62 0.96 0.0 0.0 0.0 0.0 0.0
4336.0 146.0 105.0 0.0 0.0 0.0 0.0 0.0 0.0 0.0 0.0 0.0 0.0 0.0 0.0 1.0 1.0 0.0 0.0 0.0 0.0 1.0 0.0 0.0 255.0 1.0 0.0 0.63 0.96 0.0 0.0 0.0 0.0 0.0
1143.0 146.0 105.0 0.0 0.0 0.0 0.0 0.0 0.0 0.0 0.0 0.0 0.0 0.0 0.0 4.0 2.0 0.0 0.0 0.0 0.0 0.5 0.5 0.0 255.0 2.0 0.01 0.63 0.96 0.0 0.0 0.0 0.0 0.0
1621.0 146.0 105.0 0.0 0.0 0.0 0.0 0.0 0.0 0.0 0.0 0.0 0.0 0.0 0.0 1.0 1.0 0.0 0.0 0.0 0.0 1.0 0.0 0.0 255.0 1.0 0.0 0.64 0.96 0.0 0.0 0.0 0.0 0.0
3540.0 146.0 105.0 0.0 0.0 0.0 0.0 0.0 0.0 0.0 0.0 0.0 0.0 0.0 0.0 1.0 1.0 0.0 0.0 0.0 0.0 1.0 0.0 0.0 255.0 1.0 0.0 0.63 0.96 0.0 0.0 0.0 0.0 0.0
4.0 859.0 329.0 0.0 0.0 0.0 0.0 0.0 0.0 0.0 0.0 0.0 0.0 0.0 0.0 1.0 2.0 0.0 0.0 0.0 0.0 1.0 0.0 1.0 255.0 13.0 0.05 0.65 0.0 0.0 0.0 0.0 0.0 0.0
9748.0 146.0 105.0 0.0 0.0 0.0 0.0 0.0 0.0 0.0 0.0 0.0 0.0 0.0 0.0 2.0 2.0 0.0 0.0 0.0 0.0 1.0 0.0 0.0 255.0 4.0 0.02 0.64 0.95 0.0 0.0 0.0 0.0 0.0
4299.0 146.0 105.0 0.0 0.0 0.0 0.0 0.0 0.0 0.0 0.0 0.0 0.0 0.0 0.0 1.0 1.0 0.0 0.0 0.0 0.0 1.0 0.0 0.0 255.0 1.0 0.0 0.65 0.95 0.0 0.0 0.0 0.0 0.0
0.0 146.0 0.0 0.0 0.0 0.0 0.0 0.0 0.0 0.0 0.0 0.0 0.0 0.0 0.0 1.0 1.0 0.0 0.0 0.0 0.0 1.0 0.0 0.0 255.0 1.0 0.0 0.65 0.96 0.0 0.0 0.0 0.0 0.0
0.0 146.0 0.0 0.0 0.0 0.0 0.0 0.0 0.0 0.0 0.0 0.0 0.0 0.0 0.0 1.0 1.0 0.0 0.0 0.0 0.0 1.0 0.0 0.0 255.0 1.0 0.0 0.64 0.96 0.0 0.0 0.0 0.0 0.0
1848.0 146.0 105.0 0.0 0.0 0.0 0.0 0.0 0.0 0.0 0.0 0.0 0.0 0.0 0.0 1.0 1.0 0.0 0.0 0.0 0.0 1.0 0.0 0.0 255.0 1.0 0.0 0.65 0.96 0.0 0.0 0.0 0.0 0.0
2655.0 146.0 105.0 0.0 0.0 0.0 0.0 0.0 0.0 0.0 0.0 0.0 0.0 0.0 0.0 1.0 1.0 0.0 0.0 0.0 0.0 1.0 0.0 0.0 255.0 1.0 0.0 0.64 0.96 0.0 0.0 0.0 0.0 0.0
9058.0 146.0 105.0 0.0 0.0 0.0 0.0 0.0 0.0 0.0 0.0 0.0 0.0 0.0 0.0 1.0 1.0 0.0 0.0 0.0 0.0 1.0 0.0 0.0 255.0 1.0 0.0 0.64 0.96 0.0 0.0 0.0 0.0 0.0
1007.0 146.0 105.0 0.0 0.0 0.0 0.0 0.0 0.0 0.0 0.0 0.0 0.0 0.0 0.0 1.0 1.0 0.0 0.0 0.0 0.0 1.0 0.0 0.0 255.0 1.0 0.0 0.65 0.96 0.0 0.0 0.0 0.0 0.0
2154.0 146.0 105.0 0.0 0.0 0.0 0.0 0.0 0.0 0.0 0.0 0.0 0.0 0.0 0.0 1.0 1.0 0.0 0.0 0.0 0.0 1.0 0.0 0.0 255.0 1.0 0.0 0.66 0.96 0.0 0.0 0.0 0.0 0.0
4283.0 146.0 105.0 0.0 0.0 0.0 0.0 0.0 0.0 0.0 0.0 0.0 0.0 0.0 0.0 4.0 2.0 0.0 0.0 0.0 0.0 0.5 0.5 0.0 255.0 2.0 0.01 0.65 0.95 0.0 0.0 0.0 0.0 0.0
18185.0 146.0 105.0 0.0 0.0 0.0 0.0 0.0 0.0 0.0 0.0 0.0 0.0 0.0 0.0 2.0 2.0 0.0 0.0 0.0 0.0 1.0 0.0 0.0 255.0 2.0 0.01 0.67 0.96 0.0 0.0 0.0 0.0 0.0
4262.0 146.0 105.0 0.0 0.0 0.0 0.0 0.0 0.0 0.0 0.0 0.0 0.0 0.0 0.0 2.0 2.0 0.0 0.0 0.0 0.0 1.0 0.0 0.0 255.0 2.0 0.01 0.67 0.95 0.0 0.0 0.0 0.0 0.0
0.0 146.0 0.0 0.0 0.0 0.0 0.0 0.0 0.0 0.0 0.0 0.0 0.0 0.0 0.0 1.0 1.0 0.0 0.0 0.0 0.0 1.0 0.0 0.0 255.0 3.0 0.01 0.66 0.95 0.0 0.0 0.0 0.0 0.0
6186.0 146.0 105.0 0.0 0.0 0.0 0.0 0.0 0.0 0.0 0.0 0.0 0.0 0.0 0.0 1.0 1.0 0.0 0.0 0.0 0.0 1.0 0.0 0.0 255.0 2.0 0.01 0.66 0.95 0.0 0.0 0.0 0.0 0.0
1877.0 146.0 105.0 0.0 0.0 0.0 0.0 0.0 0.0 0.0 0.0 0.0 0.0 0.0 0.0 1.0 1.0 0.0 0.0 0.0 0.0 1.0 0.0 0.0 255.0 2.0 0.01 0.65 0.95 0.0 0.0 0.0 0.0 0.0
1494.0 146.0 105.0 0.0 0.0 0.0 0.0 0.0 0.0 0.0 0.0 0.0 0.0 0.0 0.0 1.0 1.0 0.0 0.0 0.0 0.0 1.0 0.0 0.0 255.0 2.0 0.01 0.65 0.95 0.0 0.0 0.0 0.0 0.0
4286.0 146.0 105.0 0.0 0.0 0.0 0.0 0.0 0.0 0.0 0.0 0.0 0.0 0.0 0.0 1.0 1.0 0.0 0.0 0.0 0.0 1.0 0.0 0.0 255.0 1.0 0.0 0.66 0.95 0.0 0.0 0.0 0.0 0.0
4474.0 146.0 105.0 0.0 0.0 0.0 0.0 0.0 0.0 0.0 0.0 0.0 0.0 0.0 0.0 1.0 1.0 0.0 0.0 0.0 0.0 1.0 0.0 0.0 255.0 2.0 0.01 0.68 0.95 0.0 0.0 0.0 0.0 0.0
0.0 1335.0 331.0 0.0 0.0 0.0 0.0 0.0 0.0 0.0 0.0 0.0 0.0 0.0 0.0 1.0 1.0 0.0 0.0 0.0 0.0 1.0 0.0 0.0 255.0 12.0 0.05 0.68 0.0 0.0 0.0 0.0 0.0 0.0
18175.0 146.0 105.0 0.0 0.0 0.0 0.0 0.0 0.0 0.0 0.0 0.0 0.0 0.0 0.0 5.0 1.0 0.0 0.0 0.0 0.0 0.2 0.6 0.0 255.0 3.0 0.01 0.67 0.95 0.0 0.0 0.0 0.0 0.0
7546.0 146.0 105.0 0.0 0.0 0.0 0.0 0.0 0.0 0.0 0.0 0.0 0.0 0.0 0.0 1.0 1.0 0.0 0.0 0.0 0.0 1.0 0.0 0.0 255.0 2.0 0.01 0.66 0.95 0.0 0.0 0.0 0.0 0.0
500.0 146.0 105.0 0.0 0.0 0.0 0.0 0.0 0.0 0.0 0.0 0.0 0.0 0.0 0.0 1.0 1.0 0.0 0.0 0.0 0.0 1.0 0.0 0.0 255.0 1.0 0.0 0.65 0.95 0.0 0.0 0.0 0.0 0.0
2887.0 146.0 105.0 0.0 0.0 0.0 0.0 0.0 0.0 0.0 0.0 0.0 0.0 0.0 0.0 1.0 1.0 0.0 0.0 0.0 0.0 1.0 0.0 0.0 255.0 1.0 0.0 0.66 0.95 0.0 0.0 0.0 0.0 0.0
0.0 146.0 0.0 0.0 0.0 0.0 0.0 0.0 0.0 0.0 0.0 0.0 0.0 0.0 0.0 3.0 1.0 0.0 0.0 0.0 0.0 0.33 0.67 0.0 255.0 1.0 0.0 0.67 0.95 0.0 0.0 0.0 0.0 0.0
0.0 146.0 0.0 0.0 0.0 0.0 0.0 0.0 0.0 0.0 0.0 0.0 0.0 0.0 0.0 3.0 1.0 0.0 0.0 0.0 0.0 0.33 0.67 0.0 255.0 1.0 0.0 0.67 0.95 0.0 0.0 0.0 0.0 0.0
0.0 146.0 0.0 0.0 0.0 0.0 0.0 0.0 0.0 0.0 0.0 0.0 0.0 0.0 0.0 3.0 1.0 0.0 0.0 0.0 0.0 0.33 0.67 0.0 255.0 1.0 0.0 0.68 0.96 0.0 0.0 0.0 0.0 0.0
3067.0 146.0 105.0 0.0 0.0 0.0 0.0 0.0 0.0 0.0 0.0 0.0 0.0 0.0 0.0 2.0 2.0 0.0 0.0 0.0 0.0 1.0 0.0 0.0 255.0 2.0 0.01 0.7 0.96 0.0 0.0 0.0 0.0 0.0
7584.0 146.0 105.0 0.0 0.0 0.0 0.0 0.0 0.0 0.0 0.0 0.0 0.0 0.0 0.0 1.0 1.0 0.0 0.0 0.0 0.0 1.0 0.0 0.0 255.0 1.0 0.0 0.7 0.96 0.0 0.0 0.0 0.0 0.0
5552.0 146.0 105.0 0.0 0.0 0.0 0.0 0.0 0.0 0.0 0.0 0.0 0.0 0.0 0.0 1.0 1.0 0.0 0.0 0.0 0.0 1.0 0.0 0.0 255.0 1.0 0.0 0.69 0.96 0.0 0.0 0.0 0.0 0.0
5568.0 146.0 105.0 0.0 0.0 0.0 0.0 0.0 0.0 0.0 0.0 0.0 0.0 0.0 0.0 1.0 1.0 0.0 0.0 0.0 0.0 1.0 0.0 0.0 255.0 1.0 0.0 0.69 0.96 0.0 0.0 0.0 0.0 0.0
7978.0 146.0 105.0 0.0 0.0 0.0 0.0 0.0 0.0 0.0 0.0 0.0 0.0 0.0 0.0 1.0 1.0 0.0 0.0 0.0 0.0 1.0 0.0 0.0 255.0 1.0 0.0 0.7 0.96 0.0 0.0 0.0 0.0 0.0
254.0 146.0 105.0 0.0 0.0 0.0 0.0 0.0 0.0 0.0 0.0 0.0 0.0 0.0 0.0 1.0 1.0 0.0 0.0 0.0 0.0 1.0 0.0 0.0 255.0 3.0 0.01 0.69 0.96 0.0 0.0 0.0 0.0 0.0
0.0 146.0 0.0 0.0 0.0 0.0 0.0 0.0 0.0 0.0 0.0 0.0 0.0 0.0 0.0 3.0 1.0 0.0 0.0 0.0 0.0 0.33 0.67 0.0 255.0 1.0 0.0 0.69 0.96 0.0 0.0 0.0 0.0 0.0
596.0 146.0 105.0 0.0 0.0 0.0 0.0 0.0 0.0 0.0 0.0 0.0 0.0 0.0 0.0 1.0 1.0 0.0 0.0 0.0 0.0 1.0 0.0 0.0 255.0 1.0 0.0 0.7 0.96 0.0 0.0 0.0 0.0 0.0
21925.0 146.0 105.0 0.0 0.0 0.0 0.0 0.0 0.0 0.0 0.0 0.0 0.0 0.0 0.0 4.0 2.0 0.0 0.0 0.0 0.0 0.5 0.5 0.0 255.0 3.0 0.01 0.7 0.97 0.0 0.0 0.0 0.0 0.0
8240.0 146.0 105.0 0.0 0.0 0.0 0.0 0.0 0.0 0.0 0.0 0.0 0.0 0.0 0.0 1.0 1.0 0.0 0.0 0.0 0.0 1.0 0.0 0.0 255.0 1.0 0.0 0.7 0.97 0.0 0.0 0.0 0.0 0.0
0.0 146.0 0.0 0.0 0.0 0.0 0.0 0.0 0.0 0.0 0.0 0.0 0.0 0.0 0.0 1.0 1.0 0.0 0.0 0.0 0.0 1.0 0.0 0.0 255.0 3.0 0.01 0.69 0.97 0.0 0.0 0.0 0.0 0.0
0.0 146.0 0.0 0.0 0.0 0.0 0.0 0.0 0.0 0.0 0.0 0.0 0.0 0.0 0.0 3.0 1.0 0.0 0.0 0.0 0.0 0.33 0.67 0.0 255.0 2.0 0.01 0.68 0.97 0.0 0.0 0.0 0.0 0.0
2374.0 146.0 105.0 0.0 0.0 0.0 0.0 0.0 0.0 0.0 0.0 0.0 0.0 0.0 0.0 2.0 2.0 0.0 0.0 0.0 0.0 1.0 0.0 0.0 255.0 2.0 0.01 0.69 0.97 0.0 0.0 0.0 0.0 0.0
0.0 146.0 0.0 0.0 0.0 0.0 0.0 0.0 0.0 0.0 0.0 0.0 0.0 0.0 0.0 1.0 1.0 0.0 0.0 0.0 0.0 1.0 0.0 0.0 255.0 1.0 0.0 0.68 0.98 0.0 0.0 0.0 0.0 0.0
2090.0 146.0 105.0 0.0 0.0 0.0 0.0 0.0 0.0 0.0 0.0 0.0 0.0 0.0 0.0 1.0 1.0 0.0 0.0 0.0 0.0 1.0 0.0 0.0 255.0 1.0 0.0 0.68 0.97 0.0 0.0 0.0 0.0 0.0
1693.0 146.0 105.0 0.0 0.0 0.0 0.0 0.0 0.0 0.0 0.0 0.0 0.0 0.0 0.0 1.0 1.0 0.0 0.0 0.0 0.0 1.0 0.0 0.0 255.0 1.0 0.0 0.68 0.97 0.0 0.0 0.0 0.0 0.0
239.0 146.0 105.0 0.0 0.0 0.0 0.0 0.0 0.0 0.0 0.0 0.0 0.0 0.0 0.0 1.0 1.0 0.0 0.0 0.0 0.0 1.0 0.0 0.0 255.0 1.0 0.0 0.68 0.97 0.0 0.0 0.0 0.0 0.0
4259.0 146.0 105.0 0.0 0.0 0.0 0.0 0.0 0.0 0.0 0.0 0.0 0.0 0.0 0.0 1.0 1.0 0.0 0.0 0.0 0.0 1.0 0.0 0.0 255.0 1.0 0.0 0.67 0.97 0.0 0.0 0.0 0.0 0.0
4574.0 146.0 105.0 0.0 0.0 0.0 0.0 0.0 0.0 0.0 0.0 0.0 0.0 0.0 0.0 1.0 1.0 0.0 0.0 0.0 0.0 1.0 0.0 0.0 255.0 1.0 0.0 0.67 0.97 0.0 0.0 0.0 0.0 0.0
228.0 146.0 105.0 0.0 0.0 0.0 0.0 0.0 0.0 0.0 0.0 0.0 0.0 0.0 0.0 1.0 1.0 0.0 0.0 0.0 0.0 1.0 0.0 0.0 255.0 2.0 0.01 0.68 0.98 0.0 0.0 0.0 0.0 0.0
5854.0 146.0 105.0 0.0 0.0 0.0 0.0 0.0 0.0 0.0 0.0 0.0 0.0 0.0 0.0 1.0 1.0 0.0 0.0 0.0 0.0 1.0 0.0 0.0 255.0 1.0 0.0 0.69 0.97 0.0 0.0 0.0 0.0 0.0
2407.0 146.0 105.0 0.0 0.0 0.0 0.0 0.0 0.0 0.0 0.0 0.0 0.0 0.0 0.0 4.0 2.0 0.0 0.0 0.0 0.0 0.5 0.5 0.0 255.0 2.0 0.01 0.68 0.97 0.0 0.0 0.0 0.0 0.0
0.0 146.0 0.0 0.0 0.0 0.0 0.0 0.0 0.0 0.0 0.0 0.0 0.0 0.0 0.0 3.0 1.0 0.0 0.0 0.0 0.0 0.33 0.67 0.0 255.0 2.0 0.01 0.66 0.97 0.0 0.0 0.0 0.0 0.0
5799.0 146.0 105.0 0.0 0.0 0.0 0.0 0.0 0.0 0.0 0.0 0.0 0.0 0.0 0.0 1.0 1.0 0.0 0.0 0.0 0.0 1.0 0.0 0.0 255.0 1.0 0.0 0.67 0.97 0.0 0.0 0.0 0.0 0.0
846.0 146.0 105.0 0.0 0.0 0.0 0.0 0.0 0.0 0.0 0.0 0.0 0.0 0.0 0.0 1.0 1.0 0.0 0.0 0.0 0.0 1.0 0.0 0.0 255.0 2.0 0.01 0.67 0.97 0.0 0.0 0.0 0.0 0.0
0.0 146.0 0.0 0.0 0.0 0.0 0.0 0.0 0.0 0.0 0.0 0.0 0.0 0.0 0.0 3.0 1.0 0.0 0.0 0.0 0.0 0.33 0.67 0.0 255.0 1.0 0.0 0.68 0.97 0.0 0.0 0.0 0.0 0.0
0.0 146.0 0.0 0.0 0.0 0.0 0.0 0.0 0.0 0.0 0.0 0.0 0.0 0.0 0.0 3.0 1.0 0.0 0.0 0.0 0.0 0.33 0.67 0.0 255.0 1.0 0.0 0.69 0.97 0.0 0.0 0.0 0.0 0.0
0.0 146.0 0.0 0.0 0.0 0.0 0.0 0.0 0.0 0.0 0.0 0.0 0.0 0.0 0.0 3.0 1.0 0.0 0.0 0.0 0.0 0.33 0.67 0.0 255.0 1.0 0.0 0.68 0.98 0.0 0.0 0.0 0.0 0.0
14205.0 146.0 105.0 0.0 0.0 0.0 0.0 0.0 0.0 0.0 0.0 0.0 0.0 0.0 0.0 3.0 1.0 0.0 0.0 0.0 0.0 0.33 0.67 0.0 255.0 1.0 0.0 0.68 0.98 0.0 0.0 0.0 0.0 0.0
0.0 146.0 0.0 0.0 0.0 0.0 0.0 0.0 0.0 0.0 0.0 0.0 0.0 0.0 0.0 3.0 1.0 0.0 0.0 0.0 0.0 0.33 0.67 0.0 255.0 1.0 0.0 0.69 0.97 0.0 0.0 0.0 0.0 0.0
8059.0 146.0 105.0 0.0 0.0 0.0 0.0 0.0 0.0 0.0 0.0 0.0 0.0 0.0 0.0 1.0 1.0 0.0 0.0 0.0 0.0 1.0 0.0 0.0 255.0 1.0 0.0 0.69 0.97 0.0 0.0 0.0 0.0 0.0
1246.0 146.0 105.0 0.0 0.0 0.0 0.0 0.0 0.0 0.0 0.0 0.0 0.0 0.0 0.0 1.0 1.0 0.0 0.0 0.0 0.0 1.0 0.0 0.0 255.0 1.0 0.0 0.69 0.96 0.0 0.0 0.0 0.0 0.0
0.0 146.0 0.0 0.0 0.0 0.0 0.0 0.0 0.0 0.0 0.0 0.0 0.0 0.0 0.0 3.0 1.0 0.0 0.0 0.0 0.0 0.33 0.67 0.0 255.0 1.0 0.0 0.69 0.96 0.0 0.0 0.0 0.0 0.0
4921.0 146.0 105.0 0.0 0.0 0.0 0.0 0.0 0.0 0.0 0.0 0.0 0.0 0.0 0.0 1.0 1.0 0.0 0.0 0.0 0.0 1.0 0.0 0.0 255.0 1.0 0.0 0.71 0.96 0.0 0.0 0.0 0.0 0.0
2281.0 146.0 105.0 0.0 0.0 0.0 0.0 0.0 0.0 0.0 0.0 0.0 0.0 0.0 0.0 1.0 1.0 0.0 0.0 0.0 0.0 1.0 0.0 0.0 255.0 1.0 0.0 0.71 0.96 0.0 0.0 0.0 0.0 0.0
3123.0 146.0 105.0 0.0 0.0 0.0 0.0 0.0 0.0 0.0 0.0 0.0 0.0 0.0 0.0 1.0 1.0 0.0 0.0 0.0 0.0 1.0 0.0 0.0 255.0 2.0 0.01 0.71 0.96 0.0 0.0 0.0 0.0 0.0
5647.0 146.0 105.0 0.0 0.0 0.0 0.0 0.0 0.0 0.0 0.0 0.0 0.0 0.0 0.0 1.0 1.0 0.0 0.0 0.0 0.0 1.0 0.0 0.0 255.0 2.0 0.01 0.69 0.95 0.0 0.0 0.0 0.0 0.0
14659.0 146.0 105.0 0.0 0.0 0.0 0.0 0.0 0.0 0.0 0.0 0.0 0.0 0.0 0.0 1.0 1.0 0.0 0.0 0.0 0.0 1.0 0.0 0.0 255.0 1.0 0.0 0.69 0.95 0.0 0.0 0.0 0.0 0.0
12956.0 146.0 105.0 0.0 0.0 0.0 0.0 0.0 0.0 0.0 0.0 0.0 0.0 0.0 0.0 1.0 1.0 0.0 0.0 0.0 0.0 1.0 0.0 0.0 255.0 3.0 0.01 0.68 0.95 0.0 0.0 0.0 0.0 0.0
1022.0 146.0 105.0 0.0 0.0 0.0 0.0 0.0 0.0 0.0 0.0 0.0 0.0 0.0 0.0 4.0 2.0 0.0 0.0 0.0 0.0 0.5 0.5 0.0 255.0 2.0 0.01 0.69 0.95 0.0 0.0 0.0 0.0 0.0
3458.0 146.0 105.0 0.0 0.0 0.0 0.0 0.0 0.0 0.0 0.0 0.0 0.0 0.0 0.0 1.0 1.0 0.0 0.0 0.0 0.0 1.0 0.0 0.0 255.0 1.0 0.0 0.7 0.96 0.0 0.0 0.0 0.0 0.0
3825.0 146.0 105.0 0.0 0.0 0.0 0.0 0.0 0.0 0.0 0.0 0.0 0.0 0.0 0.0 1.0 1.0 0.0 0.0 0.0 0.0 1.0 0.0 0.0 255.0 1.0 0.0 0.69 0.96 0.0 0.0 0.0 0.0 0.0
12962.0 146.0 105.0 0.0 0.0 0.0 0.0 0.0 0.0 0.0 0.0 0.0 0.0 0.0 0.0 1.0 1.0 0.0 0.0 0.0 0.0 1.0 0.0 0.0 255.0 2.0 0.01 0.69 0.96 0.0 0.0 0.0 0.0 0.0
1933.0 146.0 105.0 0.0 0.0 0.0 0.0 0.0 0.0 0.0 0.0 0.0 0.0 0.0 0.0 1.0 1.0 0.0 0.0 0.0 0.0 1.0 0.0 0.0 255.0 1.0 0.0 0.68 0.96 0.0 0.0 0.0 0.0 0.0
0.0 146.0 0.0 0.0 0.0 0.0 0.0 0.0 0.0 0.0 0.0 0.0 0.0 0.0 0.0 3.0 1.0 0.0 0.0 0.0 0.0 0.33 0.67 0.0 255.0 1.0 0.0 0.68 0.96 0.0 0.0 0.0 0.0 0.0
3305.0 146.0 105.0 0.0 0.0 0.0 0.0 0.0 0.0 0.0 0.0 0.0 0.0 0.0 0.0 1.0 1.0 0.0 0.0 0.0 0.0 1.0 0.0 0.0 255.0 2.0 0.01 0.69 0.96 0.0 0.0 0.0 0.0 0.0
3483.0 146.0 105.0 0.0 0.0 0.0 0.0 0.0 0.0 0.0 0.0 0.0 0.0 0.0 0.0 1.0 1.0 0.0 0.0 0.0 0.0 1.0 0.0 0.0 255.0 2.0 0.01 0.68 0.96 0.0 0.0 0.0 0.0 0.0
4593.0 146.0 105.0 0.0 0.0 0.0 0.0 0.0 0.0 0.0 0.0 0.0 0.0 0.0 0.0 2.0 1.0 0.0 0.0 0.0 0.0 0.5 1.0 0.0 255.0 2.0 0.01 0.7 0.96 0.0 0.0 0.0 0.0 0.0
12208.0 146.0 105.0 0.0 0.0 0.0 0.0 0.0 0.0 0.0 0.0 0.0 0.0 0.0 0.0 2.0 2.0 0.0 0.0 0.0 0.0 1.0 0.0 0.0 255.0 2.0 0.01 0.7 0.96 0.0 0.0 0.0 0.0 0.0
12762.0 146.0 105.0 0.0 0.0 0.0 0.0 0.0 0.0 0.0 0.0 0.0 0.0 0.0 0.0 1.0 1.0 0.0 0.0 0.0 0.0 1.0 0.0 0.0 255.0 1.0 0.0 0.7 0.96 0.0 0.0 0.0 0.0 0.0
12767.0 146.0 105.0 0.0 0.0 0.0 0.0 0.0 0.0 0.0 0.0 0.0 0.0 0.0 0.0 1.0 1.0 0.0 0.0 0.0 0.0 1.0 0.0 0.0 255.0 1.0 0.0 0.72 0.96 0.0 0.0 0.0 0.0 0.0
4020.0 146.0 105.0 0.0 0.0 0.0 0.0 0.0 0.0 0.0 0.0 0.0 0.0 0.0 0.0 1.0 1.0 0.0 0.0 0.0 0.0 1.0 0.0 0.0 255.0 1.0 0.0 0.73 0.96 0.0 0.0 0.0 0.0 0.0
3994.0 146.0 105.0 0.0 0.0 0.0 0.0 0.0 0.0 0.0 0.0 0.0 0.0 0.0 0.0 5.0 2.0 0.0 0.0 0.0 0.0 0.4 0.6 0.0 255.0 2.0 0.01 0.74 0.96 0.0 0.0 0.0 0.0 0.0
1836.0 146.0 105.0 0.0 0.0 0.0 0.0 0.0 0.0 0.0 0.0 0.0 0.0 0.0 0.0 1.0 1.0 0.0 0.0 0.0 0.0 1.0 0.0 0.0 255.0 1.0 0.0 0.74 0.96 0.0 0.0 0.0 0.0 0.0
2400.0 146.0 105.0 0.0 0.0 0.0 0.0 0.0 0.0 0.0 0.0 0.0 0.0 0.0 0.0 1.0 1.0 0.0 0.0 0.0 0.0 1.0 0.0 0.0 255.0 3.0 0.01 0.73 0.96 0.0 0.0 0.0 0.0 0.0
2421.0 146.0 105.0 0.0 0.0 0.0 0.0 0.0 0.0 0.0 0.0 0.0 0.0 0.0 0.0 1.0 1.0 0.0 0.0 0.0 0.0 1.0 0.0 0.0 255.0 2.0 0.01 0.72 0.96 0.0 0.0 0.0 0.0 0.0
4060.0 146.0 105.0 0.0 0.0 0.0 0.0 0.0 0.0 0.0 0.0 0.0 0.0 0.0 0.0 1.0 1.0 0.0 0.0 0.0 0.0 1.0 0.0 0.0 255.0 1.0 0.0 0.73 0.97 0.0 0.0 0.0 0.0 0.0
0.0 146.0 0.0 0.0 0.0 0.0 0.0 0.0 0.0 0.0 0.0 0.0 0.0 0.0 0.0 1.0 1.0 0.0 0.0 0.0 0.0 1.0 0.0 0.0 255.0 1.0 0.0 0.75 0.97 0.0 0.0 0.0 0.0 0.0
12828.0 146.0 105.0 0.0 0.0 0.0 0.0 0.0 0.0 0.0 0.0 0.0 0.0 0.0 0.0 4.0 2.0 0.0 0.0 0.0 0.0 0.5 0.5 0.0 255.0 2.0 0.01 0.74 0.98 0.0 0.0 0.0 0.0 0.0
13015.0 146.0 105.0 0.0 0.0 0.0 0.0 0.0 0.0 0.0 0.0 0.0 0.0 0.0 0.0 3.0 1.0 0.0 0.0 0.0 0.0 0.33 0.67 0.0 255.0 1.0 0.0 0.76 0.98 0.0 0.0 0.0 0.0 0.0
992.0 146.0 105.0 0.0 0.0 0.0 0.0 0.0 0.0 0.0 0.0 0.0 0.0 0.0 0.0 2.0 2.0 0.0 0.0 0.0 0.0 1.0 0.0 0.0 255.0 2.0 0.01 0.78 0.98 0.0 0.0 0.0 0.0 0.0
2658.0 146.0 105.0 0.0 0.0 0.0 0.0 0.0 0.0 0.0 0.0 0.0 0.0 0.0 0.0 1.0 1.0 0.0 0.0 0.0 0.0 1.0 0.0 0.0 255.0 1.0 0.0 0.78 0.98 0.0 0.0 0.0 0.0 0.0
2683.0 146.0 105.0 0.0 0.0 0.0 0.0 0.0 0.0 0.0 0.0 0.0 0.0 0.0 0.0 1.0 1.0 0.0 0.0 0.0 0.0 1.0 0.0 0.0 255.0 1.0 0.0 0.79 0.98 0.0 0.0 0.0 0.0 0.0
3005.0 146.0 105.0 0.0 0.0 0.0 0.0 0.0 0.0 0.0 0.0 0.0 0.0 0.0 0.0 1.0 1.0 0.0 0.0 0.0 0.0 1.0 0.0 0.0 255.0 2.0 0.01 0.78 0.98 0.0 0.0 0.0 0.0 0.0
3171.0 146.0 105.0 0.0 0.0 0.0 0.0 0.0 0.0 0.0 0.0 0.0 0.0 0.0 0.0 1.0 1.0 0.0 0.0 0.0 0.0 1.0 0.0 0.0 255.0 1.0 0.0 0.78 0.98 0.0 0.0 0.0 0.0 0.0
11934.0 146.0 105.0 0.0 0.0 0.0 0.0 0.0 0.0 0.0 0.0 0.0 0.0 0.0 0.0 1.0 1.0 0.0 0.0 0.0 0.0 1.0 0.0 0.0 255.0 1.0 0.0 0.78 0.98 0.0 0.0 0.0 0.0 0.0
0.0 146.0 0.0 0.0 0.0 0.0 0.0 0.0 0.0 0.0 0.0 0.0 0.0 0.0 0.0 1.0 1.0 0.0 0.0 0.0 0.0 1.0 0.0 0.0 255.0 1.0 0.0 0.78 0.98 0.0 0.0 0.0 0.0 0.0
0.0 146.0 0.0 0.0 0.0 0.0 0.0 0.0 0.0 0.0 0.0 0.0 0.0 0.0 0.0 1.0 1.0 0.0 0.0 0.0 0.0 1.0 0.0 0.0 255.0 1.0 0.0 0.77 0.98 0.0 0.0 0.0 0.0 0.0
12134.0 146.0 105.0 0.0 0.0 0.0 0.0 0.0 0.0 0.0 0.0 0.0 0.0 0.0 0.0 1.0 1.0 0.0 0.0 0.0 0.0 1.0 0.0 0.0 255.0 1.0 0.0 0.78 0.98 0.0 0.0 0.0 0.0 0.0
12137.0 146.0 105.0 0.0 0.0 0.0 0.0 0.0 0.0 0.0 0.0 0.0 0.0 0.0 0.0 1.0 1.0 0.0 0.0 0.0 0.0 1.0 0.0 0.0 255.0 1.0 0.0 0.78 0.98 0.0 0.0 0.0 0.0 0.0
