3438.0 146.0 105.0 0.0 0.0 0.0 0.0 0.0 0.0 0.0 0.0 0.0 0.0 0.0 0.0 1.0 1.0 0.0 0.0 0.0 0.0 1.0 0.0 0.0 255.0 1.0 0.0 0.78 0.98 0.0 0.0 0.0 0.0 0.0
0.0 146.0 0.0 0.0 0.0 0.0 0.0 0.0 0.0 0.0 0.0 0.0 0.0 0.0 0.0 3.0 1.0 0.0 0.0 0.0 0.0 0.33 0.67 0.0 255.0 1.0 0.0 0.77 0.98 0.0 0.0 0.0 0.0 0.0
1452.0 146.0 105.0 0.0 0.0 0.0 0.0 0.0 0.0 0.0 0.0 0.0 0.0 0.0 0.0 4.0 2.0 0.0 0.0 0.0 0.0 0.5 0.5 0.0 255.0 2.0 0.01 0.76 0.98 0.0 0.0 0.0 0.0 0.0
0.0 146.0 0.0 0.0 0.0 0.0 0.0 0.0 0.0 0.0 0.0 0.0 0.0 0.0 0.0 1.0 1.0 0.0 0.0 0.0 0.0 1.0 0.0 0.0 255.0 1.0 0.0 0.77 0.98 0.0 0.0 0.0 0.0 0.0
3702.0 146.0 105.0 0.0 0.0 0.0 0.0 0.0 0.0 0.0 0.0 0.0 0.0 0.0 0.0 1.0 1.0 0.0 0.0 0.0 0.0 1.0 0.0 0.0 255.0 1.0 0.0 0.75 0.98 0.0 0.0 0.0 0.0 0.0
10937.0 146.0 105.0 0.0 0.0 0.0 0.0 0.0 0.0 0.0 0.0 0.0 0.0 0.0 0.0 1.0 1.0 0.0 0.0 0.0 0.0 1.0 0.0 0.0 255.0 1.0 0.0 0.76 0.98 0.0 0.0 0.0 0.0 0.0
559.0 146.0 105.0 0.0 0.0 0.0 0.0 0.0 0.0 0.0 0.0 0.0 0.0 0.0 0.0 1.0 1.0 0.0 0.0 0.0 0.0 1.0 0.0 0.0 255.0 2.0 0.01 0.77 0.98 0.0 0.0 0.0 0.0 0.0
569.0 146.0 105.0 0.0 0.0 0.0 0.0 0.0 0.0 0.0 0.0 0.0 0.0 0.0 0.0 1.0 1.0 0.0 0.0 0.0 0.0 1.0 0.0 0.0 255.0 1.0 0.0 0.74 0.98 0.0 0.0 0.0 0.0 0.0
0.0 146.0 0.0 0.0 0.0 0.0 0.0 0.0 0.0 0.0 0.0 0.0 0.0 0.0 0.0 1.0 1.0 0.0 0.0 0.0 0.0 1.0 0.0 0.0 255.0 1.0 0.0 0.74 0.98 0.0 0.0 0.0 0.0 0.0
2700.0 146.0 105.0 0.0 0.0 0.0 0.0 0.0 0.0 0.0 0.0 0.0 0.0 0.0 0.0 1.0 1.0 0.0 0.0 0.0 0.0 1.0 0.0 0.0 255.0 3.0 0.01 0.74 0.98 0.0 0.0 0.0 0.0 0.0
2951.0 146.0 105.0 0.0 0.0 0.0 0.0 0.0 0.0 0.0 0.0 0.0 0.0 0.0 0.0 1.0 1.0 0.0 0.0 0.0 0.0 1.0 0.0 0.0 255.0 1.0 0.0 0.74 0.98 0.0 0.0 0.0 0.0 0.0
600.0 146.0 105.0 0.0 0.0 0.0 0.0 0.0 0.0 0.0 0.0 0.0 0.0 0.0 0.0 4.0 2.0 0.0 0.0 0.0 0.0 0.5 0.5 0.0 255.0 2.0 0.01 0.75 0.98 0.0 0.0 0.0 0.0 0.0
4500.0 146.0 105.0 0.0 0.0 0.0 0.0 0.0 0.0 0.0 0.0 0.0 0.0 0.0 0.0 1.0 1.0 0.0 0.0 0.0 0.0 1.0 0.0 0.0 255.0 1.0 0.0 0.75 0.98 0.0 0.0 0.0 0.0 0.0
9862.0 146.0 105.0 0.0 0.0 0.0 0.0 0.0 0.0 0.0 0.0 0.0 0.0 0.0 0.0 1.0 1.0 0.0 0.0 0.0 0.0 1.0 0.0 0.0 255.0 1.0 0.0 0.75 0.98 0.0 0.0 0.0 0.0 0.0
10031.0 146.0 105.0 0.0 0.0 0.0 0.0 0.0 0.0 0.0 0.0 0.0 0.0 0.0 0.0 1.0 1.0 0.0 0.0 0.0 0.0 1.0 0.0 0.0 255.0 1.0 0.0 0.75 0.98 0.0 0.0 0.0 0.0 0.0
9949.0 146.0 105.0 0.0 0.0 0.0 0.0 0.0 0.0 0.0 0.0 0.0 0.0 0.0 0.0 2.0 2.0 0.0 0.0 0.0 0.0 1.0 0.0 0.0 255.0 3.0 0.01 0.73 0.98 0.0 0.0 0.0 0.0 0.0
1619.0 146.0 105.0 0.0 0.0 0.0 0.0 0.0 0.0 0.0 0.0 0.0 0.0 0.0 0.0 1.0 1.0 0.0 0.0 0.0 0.0 1.0 0.0 0.0 255.0 1.0 0.0 0.74 0.98 0.0 0.0 0.0 0.0 0.0
1629.0 146.0 105.0 0.0 0.0 0.0 0.0 0.0 0.0 0.0 0.0 0.0 0.0 0.0 0.0 1.0 1.0 0.0 0.0 0.0 0.0 1.0 0.0 0.0 255.0 2.0 0.01 0.74 0.98 0.0 0.0 0.0 0.0 0.0
10401.0 146.0 105.0 0.0 0.0 0.0 0.0 0.0 0.0 0.0 0.0 0.0 0.0 0.0 0.0 1.0 1.0 0.0 0.0 0.0 0.0 1.0 0.0 0.0 255.0 1.0 0.0 0.73 0.98 0.0 0.0 0.0 0.0 0.0
11105.0 146.0 105.0 0.0 0.0 0.0 0.0 0.0 0.0 0.0 0.0 0.0 0.0 0.0 0.0 1.0 1.0 0.0 0.0 0.0 0.0 1.0 0.0 0.0 255.0 1.0 0.0 0.71 0.98 0.0 0.0 0.0 0.0 0.0
2334.0 146.0 105.0 0.0 0.0 0.0 0.0 0.0 0.0 0.0 0.0 0.0 0.0 0.0 0.0 4.0 2.0 0.0 0.0 0.0 0.0 0.5 0.5 0.0 255.0 2.0 0.01 0.7 0.98 0.0 0.0 0.0 0.0 0.0
2349.0 146.0 105.0 0.0 0.0 0.0 0.0 0.0 0.0 0.0 0.0 0.0 0.0 0.0 0.0 1.0 1.0 0.0 0.0 0.0 0.0 1.0 0.0 0.0 255.0 1.0 0.0 0.71 0.98 0.0 0.0 0.0 0.0 0.0
3724.0 146.0 105.0 0.0 0.0 0.0 0.0 0.0 0.0 0.0 0.0 0.0 0.0 0.0 0.0 1.0 1.0 0.0 0.0 0.0 0.0 1.0 0.0 0.0 255.0 2.0 0.01 0.71 0.98 0.0 0.0 0.0 0.0 0.0
11142.0 146.0 105.0 0.0 0.0 0.0 0.0 0.0 0.0 0.0 0.0 0.0 0.0 0.0 0.0 1.0 1.0 0.0 0.0 0.0 0.0 1.0 0.0 0.0 255.0 2.0 0.01 0.71 0.98 0.0 0.0 0.0 0.0 0.0
3715.0 146.0 105.0 0.0 0.0 0.0 0.0 0.0 0.0 0.0 0.0 0.0 0.0 0.0 0.0 4.0 2.0 0.0 0.0 0.0 0.0 0.5 0.5 0.0 255.0 2.0 0.01 0.7 0.98 0.0 0.0 0.0 0.0 0.0
0.0 146.0 0.0 0.0 0.0 0.0 0.0 0.0 0.0 0.0 0.0 0.0 0.0 0.0 0.0 1.0 1.0 0.0 0.0 0.0 0.0 1.0 0.0 0.0 255.0 1.0 0.0 0.69 0.98 0.0 0.0 0.0 0.0 0.0
3910.0 146.0 105.0 0.0 0.0 0.0 0.0 0.0 0.0 0.0 0.0 0.0 0.0 0.0 0.0 2.0 2.0 0.0 0.0 0.0 0.0 1.0 0.0 0.0 255.0 2.0 0.01 0.69 0.98 0.0 0.0 0.0 0.0 0.0
3914.0 146.0 105.0 0.0 0.0 0.0 0.0 0.0 0.0 0.0 0.0 0.0 0.0 0.0 0.0 4.0 2.0 0.0 0.0 0.0 0.0 0.5 0.5 0.0 255.0 2.0 0.01 0.7 0.98 0.0 0.0 0.0 0.0 0.0
3908.0 146.0 105.0 0.0 0.0 0.0 0.0 0.0 0.0 0.0 0.0 0.0 0.0 0.0 0.0 2.0 2.0 0.0 0.0 0.0 0.0 1.0 0.0 0.0 255.0 2.0 0.01 0.73 0.98 0.0 0.0 0.0 0.0 0.0
3924.0 146.0 105.0 0.0 0.0 0.0 0.0 0.0 0.0 0.0 0.0 0.0 0.0 0.0 0.0 1.0 1.0 0.0 0.0 0.0 0.0 1.0 0.0 0.0 255.0 2.0 0.01 0.74 0.98 0.0 0.0 0.0 0.0 0.0
3918.0 146.0 105.0 0.0 0.0 0.0 0.0 0.0 0.0 0.0 0.0 0.0 0.0 0.0 0.0 1.0 1.0 0.0 0.0 0.0 0.0 1.0 0.0 0.0 255.0 1.0 0.0 0.74 0.98 0.0 0.0 0.0 0.0 0.0
3916.0 146.0 105.0 0.0 0.0 0.0 0.0 0.0 0.0 0.0 0.0 0.0 0.0 0.0 0.0 1.0 1.0 0.0 0.0 0.0 0.0 1.0 0.0 0.0 255.0 1.0 0.0 0.73 0.98 0.0 0.0 0.0 0.0 0.0
0.0 146.0 0.0 0.0 0.0 0.0 0.0 0.0 0.0 0.0 0.0 0.0 0.0 0.0 0.0 1.0 1.0 0.0 0.0 0.0 0.0 1.0 0.0 0.0 255.0 1.0 0.0 0.76 0.97 0.0 0.0 0.0 0.0 0.0
3924.0 146.0 105.0 0.0 0.0 0.0 0.0 0.0 0.0 0.0 0.0 0.0 0.0 0.0 0.0 1.0 1.0 0.0 0.0 0.0 0.0 1.0 0.0 0.0 255.0 1.0 0.0 0.79 0.97 0.0 0.0 0.0 0.0 0.0
3916.0 146.0 105.0 0.0 0.0 0.0 0.0 0.0 0.0 0.0 0.0 0.0 0.0 0.0 0.0 1.0 1.0 0.0 0.0 0.0 0.0 1.0 0.0 0.0 255.0 1.0 0.0 0.8 0.97 0.0 0.0 0.0 0.0 0.0
0.0 146.0 0.0 0.0 0.0 0.0 0.0 0.0 0.0 0.0 0.0 0.0 0.0 0.0 0.0 1.0 1.0 0.0 0.0 0.0 0.0 1.0 0.0 0.0 255.0 1.0 0.0 0.82 0.98 0.0 0.0 0.0 0.0 0.0
3924.0 146.0 105.0 0.0 0.0 0.0 0.0 0.0 0.0 0.0 0.0 0.0 0.0 0.0 0.0 1.0 1.0 0.0 0.0 0.0 0.0 1.0 0.0 0.0 255.0 1.0 0.0 0.81 0.98 0.0 0.0 0.0 0.0 0.0
3939.0 146.0 105.0 0.0 0.0 0.0 0.0 0.0 0.0 0.0 0.0 0.0 0.0 0.0 0.0 1.0 1.0 0.0 0.0 0.0 0.0 1.0 0.0 0.0 255.0 1.0 0.0 0.82 0.98 0.0 0.0 0.0 0.0 0.0
3924.0 146.0 105.0 0.0 0.0 0.0 0.0 0.0 0.0 0.0 0.0 0.0 0.0 0.0 0.0 4.0 2.0 0.0 0.0 0.0 0.0 0.5 0.5 0.0 255.0 2.0 0.01 0.82 0.98 0.0 0.0 0.0 0.0 0.0
3949.0 146.0 105.0 0.0 0.0 0.0 0.0 0.0 0.0 0.0 0.0 0.0 0.0 0.0 0.0 1.0 1.0 0.0 0.0 0.0 0.0 1.0 0.0 0.0 255.0 3.0 0.01 0.82 0.98 0.0 0.0 0.0 0.0 0.0
1355.0 146.0 105.0 0.0 0.0 0.0 0.0 0.0 0.0 0.0 0.0 0.0 0.0 0.0 0.0 1.0 1.0 0.0 0.0 0.0 0.0 1.0 0.0 0.0 255.0 2.0 0.01 0.79 0.97 0.0 0.0 0.0 0.0 0.0
1357.0 146.0 105.0 0.0 0.0 0.0 0.0 0.0 0.0 0.0 0.0 0.0 0.0 0.0 0.0 1.0 1.0 0.0 0.0 0.0 0.0 1.0 0.0 0.0 255.0 1.0 0.0 0.78 0.98 0.0 0.0 0.0 0.0 0.0
1347.0 146.0 105.0 0.0 0.0 0.0 0.0 0.0 0.0 0.0 0.0 0.0 0.0 0.0 0.0 4.0 2.0 0.0 0.0 0.0 0.0 0.5 0.5 0.0 255.0 2.0 0.01 0.8 0.98 0.0 0.0 0.0 0.0 0.0
1345.0 146.0 105.0 0.0 0.0 0.0 0.0 0.0 0.0 0.0 0.0 0.0 0.0 0.0 0.0 2.0 2.0 0.0 0.0 0.0 0.0 1.0 0.0 0.0 255.0 2.0 0.01 0.83 0.98 0.0 0.0 0.0 0.0 0.0
1355.0 146.0 105.0 0.0 0.0 0.0 0.0 0.0 0.0 0.0 0.0 0.0 0.0 0.0 0.0 1.0 1.0 0.0 0.0 0.0 0.0 1.0 0.0 0.0 255.0 1.0 0.0 0.84 0.98 0.0 0.0 0.0 0.0 0.0
1355.0 146.0 105.0 0.0 0.0 0.0 0.0 0.0 0.0 0.0 0.0 0.0 0.0 0.0 0.0 1.0 1.0 0.0 0.0 0.0 0.0 1.0 0.0 0.0 255.0 1.0 0.0 0.83 0.98 0.0 0.0 0.0 0.0 0.0
1357.0 146.0 105.0 0.0 0.0 0.0 0.0 0.0 0.0 0.0 0.0 0.0 0.0 0.0 0.0 1.0 1.0 0.0 0.0 0.0 0.0 1.0 0.0 0.0 255.0 1.0 0.0 0.83 0.98 0.0 0.0 0.0 0.0 0.0
1347.0 146.0 105.0 0.0 0.0 0.0 0.0 0.0 0.0 0.0 0.0 0.0 0.0 0.0 0.0 2.0 2.0 0.0 0.0 0.0 0.0 1.0 0.0 0.0 255.0 2.0 0.01 0.84 0.98 0.0 0.0 0.0 0.0 0.0
1355.0 146.0 105.0 0.0 0.0 0.0 0.0 0.0 0.0 0.0 0.0 0.0 0.0 0.0 0.0 1.0 1.0 0.0 0.0 0.0 0.0 1.0 0.0 0.0 255.0 1.0 0.0 0.83 0.98 0.0 0.0 0.0 0.0 0.0
1356.0 146.0 105.0 0.0 0.0 0.0 0.0 0.0 0.0 0.0 0.0 0.0 0.0 0.0 0.0 1.0 1.0 0.0 0.0 0.0 0.0 1.0 0.0 0.0 255.0 1.0 0.0 0.83 0.98 0.0 0.0 0.0 0.0 0.0
1355.0 146.0 105.0 0.0 0.0 0.0 0.0 0.0 0.0 0.0 0.0 0.0 0.0 0.0 0.0 1.0 1.0 0.0 0.0 0.0 0.0 1.0 0.0 0.0 255.0 1.0 0.0 0.84 0.98 0.0 0.0 0.0 0.0 0.0
1357.0 146.0 105.0 0.0 0.0 0.0 0.0 0.0 0.0 0.0 0.0 0.0 0.0 0.0 0.0 1.0 1.0 0.0 0.0 0.0 0.0 1.0 0.0 0.0 255.0 1.0 0.0 0.84 0.98 0.0 0.0 0.0 0.0 0.0
1347.0 146.0 105.0 0.0 0.0 0.0 0.0 0.0 0.0 0.0 0.0 0.0 0.0 0.0 0.0 2.0 2.0 0.0 0.0 0.0 0.0 1.0 0.0 0.0 255.0 2.0 0.01 0.84 0.98 0.0 0.0 0.0 0.0 0.0
1355.0 146.0 105.0 0.0 0.0 0.0 0.0 0.0 0.0 0.0 0.0 0.0 0.0 0.0 0.0 1.0 1.0 0.0 0.0 0.0 0.0 1.0 0.0 0.0 255.0 1.0 0.0 0.84 0.98 0.0 0.0 0.0 0.0 0.0
8780.0 146.0 105.0 0.0 0.0 0.0 0.0 0.0 0.0 0.0 0.0 0.0 0.0 0.0 0.0 1.0 1.0 0.0 0.0 0.0 0.0 1.0 0.0 0.0 255.0 1.0 0.0 0.84 0.98 0.0 0.0 0.0 0.0 0.0
4686.0 146.0 105.0 0.0 0.0 0.0 0.0 0.0 0.0 0.0 0.0 0.0 0.0 0.0 0.0 2.0 2.0 0.0 0.0 0.0 0.0 1.0 0.0 0.0 255.0 2.0 0.01 0.84 0.99 0.0 0.0 0.0 0.0 0.0
6362.0 146.0 105.0 0.0 0.0 0.0 0.0 0.0 0.0 0.0 0.0 0.0 0.0 0.0 0.0 1.0 1.0 0.0 0.0 0.0 0.0 1.0 0.0 0.0 255.0 1.0 0.0 0.85 0.99 0.0 0.0 0.0 0.0 0.0
0.0 146.0 0.0 0.0 0.0 0.0 0.0 0.0 0.0 0.0 0.0 0.0 0.0 0.0 0.0 1.0 1.0 0.0 0.0 0.0 0.0 1.0 0.0 0.0 255.0 1.0 0.0 0.85 0.99 0.0 0.0 0.0 0.0 0.0
1539.0 146.0 105.0 0.0 0.0 0.0 0.0 0.0 0.0 0.0 0.0 0.0 0.0 0.0 0.0 1.0 1.0 0.0 0.0 0.0 0.0 1.0 0.0 0.0 255.0 1.0 0.0 0.85 0.99 0.0 0.0 0.0 0.0 0.0
2055.0 146.0 105.0 0.0 0.0 0.0 0.0 0.0 0.0 0.0 0.0 0.0 0.0 0.0 0.0 1.0 1.0 0.0 0.0 0.0 0.0 1.0 0.0 0.0 255.0 1.0 0.0 0.85 0.99 0.0 0.0 0.0 0.0 0.0
2586.0 146.0 105.0 0.0 0.0 0.0 0.0 0.0 0.0 0.0 0.0 0.0 0.0 0.0 0.0 5.0 1.0 0.0 0.0 0.0 0.0 0.2 0.6 0.0 255.0 3.0 0.01 0.82 0.99 0.0 0.0 0.0 0.0 0.0
2592.0 146.0 105.0 0.0 0.0 0.0 0.0 0.0 0.0 0.0 0.0 0.0 0.0 0.0 0.0 1.0 1.0 0.0 0.0 0.0 0.0 1.0 0.0 0.0 255.0 2.0 0.01 0.79 0.99 0.0 0.0 0.0 0.0 0.0
2593.0 146.0 105.0 0.0 0.0 0.0 0.0 0.0 0.0 0.0 0.0 0.0 0.0 0.0 0.0 1.0 1.0 0.0 0.0 0.0 0.0 1.0 0.0 0.0 255.0 2.0 0.01 0.77 0.99 0.0 0.0 0.0 0.0 0.0
2587.0 146.0 105.0 0.0 0.0 0.0 0.0 0.0 0.0 0.0 0.0 0.0 0.0 0.0 0.0 1.0 1.0 0.0 0.0 0.0 0.0 1.0 0.0 0.0 255.0 3.0 0.01 0.75 0.99 0.0 0.0 0.0 0.0 0.0
2595.0 146.0 105.0 0.0 0.0 0.0 0.0 0.0 0.0 0.0 0.0 0.0 0.0 0.0 0.0 1.0 1.0 0.0 0.0 0.0 0.0 1.0 0.0 0.0 255.0 2.0 0.01 0.71 0.99 0.0 0.0 0.0 0.0 0.0
2595.0 146.0 105.0 0.0 0.0 0.0 0.0 0.0 0.0 0.0 0.0 0.0 0.0 0.0 0.0 1.0 1.0 0.0 0.0 0.0 0.0 1.0 0.0 0.0 255.0 2.0 0.01 0.69 0.99 0.0 0.0 0.0 0.0 0.0
2595.0 146.0 105.0 0.0 0.0 0.0 0.0 0.0 0.0 0.0 0.0 0.0 0.0 0.0 0.0 1.0 1.0 0.0 0.0 0.0 0.0 1.0 0.0 0.0 255.0 2.0 0.01 0.68 0.99 0.0 0.0 0.0 0.0 0.0
2584.0 146.0 105.0 0.0 0.0 0.0 0.0 0.0 0.0 0.0 0.0 0.0 0.0 0.0 0.0 2.0 2.0 0.0 0.0 0.0 0.0 1.0 0.0 0.0 255.0 2.0 0.01 0.69 0.99 0.0 0.0 0.0 0.0 0.0
2588.0 146.0 105.0 0.0 0.0 0.0 0.0 0.0 0.0 0.0 0.0 0.0 0.0 0.0 0.0 4.0 2.0 0.0 0.0 0.0 0.0 0.5 0.5 0.0 255.0 4.0 0.02 0.69 0.99 0.0 0.0 0.0 0.0 0.0
2595.0 146.0 105.0 0.0 0.0 0.0 0.0 0.0 0.0 0.0 0.0 0.0 0.0 0.0 0.0 1.0 1.0 0.0 0.0 0.0 0.0 1.0 0.0 0.0 255.0 2.0 0.01 0.69 0.99 0.0 0.0 0.0 0.0 0.0
2595.0 146.0 105.0 0.0 0.0 0.0 0.0 0.0 0.0 0.0 0.0 0.0 0.0 0.0 0.0 1.0 1.0 0.0 0.0 0.0 0.0 1.0 0.0 0.0 255.0 2.0 0.01 0.69 0.99 0.0 0.0 0.0 0.0 0.0
2587.0 146.0 105.0 0.0 0.0 0.0 0.0 0.0 0.0 0.0 0.0 0.0 0.0 0.0 0.0 5.0 1.0 0.0 0.0 0.0 0.0 0.2 0.6 0.0 255.0 3.0 0.01 0.69 0.99 0.0 0.0 0.0 0.0 0.0
2595.0 146.0 105.0 0.0 0.0 0.0 0.0 0.0 0.0 0.0 0.0 0.0 0.0 0.0 0.0 1.0 1.0 0.0 0.0 0.0 0.0 1.0 0.0 0.0 255.0 2.0 0.01 0.69 0.99 0.0 0.0 0.0 0.0 0.0
2597.0 146.0 105.0 0.0 0.0 0.0 0.0 0.0 0.0 0.0 0.0 0.0 0.0 0.0 0.0 1.0 1.0 0.0 0.0 0.0 0.0 1.0 0.0 0.0 255.0 2.0 0.01 0.69 0.99 0.0 0.0 0.0 0.0 0.0
2595.0 146.0 105.0 0.0 0.0 0.0 0.0 0.0 0.0 0.0 0.0 0.0 0.0 0.0 0.0 1.0 1.0 0.0 0.0 0.0 0.0 1.0 0.0 0.0 255.0 1.0 0.0 0.71 0.99 0.0 0.0 0.0 0.0 0.0
2585.0 146.0 105.0 0.0 0.0 0.0 0.0 0.0 0.0 0.0 0.0 0.0 0.0 0.0 0.0 4.0 2.0 0.0 0.0 0.0 0.0 0.5 0.5 0.0 255.0 2.0 0.01 0.74 0.99 0.0 0.0 0.0 0.0 0.0
4834.0 146.0 105.0 0.0 0.0 0.0 0.0 0.0 0.0 0.0 0.0 0.0 0.0 0.0 0.0 1.0 1.0 0.0 0.0 0.0 0.0 1.0 0.0 0.0 255.0 1.0 0.0 0.77 0.99 0.0 0.0 0.0 0.0 0.0
4834.0 146.0 105.0 0.0 0.0 0.0 0.0 0.0 0.0 0.0 0.0 0.0 0.0 0.0 0.0 1.0 1.0 0.0 0.0 0.0 0.0 1.0 0.0 0.0 255.0 1.0 0.0 0.8 0.99 0.0 0.0 0.0 0.0 0.0
4828.0 146.0 105.0 0.0 0.0 0.0 0.0 0.0 0.0 0.0 0.0 0.0 0.0 0.0 0.0 1.0 1.0 0.0 0.0 0.0 0.0 1.0 0.0 0.0 255.0 1.0 0.0 0.84 0.99 0.0 0.0 0.0 0.0 0.0
22474.0 146.0 105.0 0.0 0.0 0.0 0.0 0.0 0.0 0.0 0.0 0.0 0.0 0.0 0.0 1.0 1.0 0.0 0.0 0.0 0.0 1.0 0.0 0.0 255.0 1.0 0.0 0.86 0.99 0.0 0.0 0.0 0.0 0.0
22474.0 146.0 105.0 0.0 0.0 0.0 0.0 0.0 0.0 0.0 0.0 0.0 0.0 0.0 0.0 1.0 1.0 0.0 0.0 0.0 0.0 1.0 0.0 0.0 255.0 1.0 0.0 0.85 0.99 0.0 0.0 0.0 0.0 0.0
22474.0 146.0 105.0 0.0 0.0 0.0 0.0 0.0 0.0 0.0 0.0 0.0 0.0 0.0 0.0 1.0 1.0 0.0 0.0 0.0 0.0 1.0 0.0 0.0 255.0 2.0 0.01 0.85 0.98 0.0 0.0 0.0 0.0 0.0
2240.0 146.0 105.0 0.0 0.0 0.0 0.0 0.0 0.0 0.0 0.0 0.0 0.0 0.0 0.0 1.0 1.0 0.0 0.0 0.0 0.0 1.0 0.0 0.0 255.0 1.0 0.0 0.84 0.98 0.0 0.0 0.0 0.0 0.0
2242.0 146.0 105.0 0.0 0.0 0.0 0.0 0.0 0.0 0.0 0.0 0.0 0.0 0.0 0.0 1.0 1.0 0.0 0.0 0.0 0.0 1.0 0.0 0.0 255.0 1.0 0.0 0.85 0.98 0.0 0.0 0.0 0.0 0.0
2240.0 146.0 105.0 0.0 0.0 0.0 0.0 0.0 0.0 0.0 0.0 0.0 0.0 0.0 0.0 1.0 1.0 0.0 0.0 0.0 0.0 1.0 0.0 0.0 255.0 1.0 0.0 0.85 0.99 0.0 0.0 0.0 0.0 0.0
2232.0 146.0 105.0 0.0 0.0 0.0 0.0 0.0 0.0 0.0 0.0 0.0 0.0 0.0 0.0 1.0 1.0 0.0 0.0 0.0 0.0 1.0 0.0 0.0 255.0 1.0 0.0 0.85 0.99 0.0 0.0 0.0 0.0 0.0
0.0 146.0 0.0 0.0 0.0 0.0 0.0 0.0 0.0 0.0 0.0 0.0 0.0 0.0 0.0 3.0 1.0 0.0 0.0 0.0 0.0 0.33 0.67 0.0 255.0 1.0 0.0 0.85 0.99 0.0 0.0 0.0 0.0 0.0
2240.0 146.0 105.0 0.0 0.0 0.0 0.0 0.0 0.0 0.0 0.0 0.0 0.0 0.0 0.0 1.0 1.0 0.0 0.0 0.0 0.0 1.0 0.0 0.0 255.0 1.0 0.0 0.86 0.99 0.0 0.0 0.0 0.0 0.0
2242.0 146.0 105.0 0.0 0.0 0.0 0.0 0.0 0.0 0.0 0.0 0.0 0.0 0.0 0.0 1.0 1.0 0.0 0.0 0.0 0.0 1.0 0.0 0.0 255.0 1.0 0.0 0.85 0.99 0.0 0.0 0.0 0.0 0.0
2240.0 146.0 105.0 0.0 0.0 0.0 0.0 0.0 0.0 0.0 0.0 0.0 0.0 0.0 0.0 1.0 1.0 0.0 0.0 0.0 0.0 1.0 0.0 0.0 255.0 1.0 0.0 0.85 0.99 0.0 0.0 0.0 0.0 0.0
0.0 146.0 0.0 0.0 0.0 0.0 0.0 0.0 0.0 0.0 0.0 0.0 0.0 0.0 0.0 1.0 1.0 0.0 0.0 0.0 0.0 1.0 0.0 0.0 255.0 1.0 0.0 0.86 0.99 0.0 0.0 0.0 0.0 0.0
2240.0 146.0 105.0 0.0 0.0 0.0 0.0 0.0 0.0 0.0 0.0 0.0 0.0 0.0 0.0 1.0 1.0 0.0 0.0 0.0 0.0 1.0 0.0 0.0 255.0 1.0 0.0 0.86 0.99 0.0 0.0 0.0 0.0 0.0
2240.0 146.0 105.0 0.0 0.0 0.0 0.0 0.0 0.0 0.0 0.0 0.0 0.0 0.0 0.0 1.0 1.0 0.0 0.0 0.0 0.0 1.0 0.0 0.0 255.0 1.0 0.0 0.85 0.99 0.0 0.0 0.0 0.0 0.0
2229.0 146.0 105.0 0.0 0.0 0.0 0.0 0.0 0.0 0.0 0.0 0.0 0.0 0.0 0.0 3.0 2.0 0.0 0.0 0.0 0.0 0.67 0.67 0.0 255.0 2.0 0.01 0.85 1.0 0.0 0.0 0.0 0.0 0.0
2242.0 146.0 105.0 0.0 0.0 0.0 0.0 0.0 0.0 0.0 0.0 0.0 0.0 0.0 0.0 1.0 1.0 0.0 0.0 0.0 0.0 1.0 0.0 0.0 255.0 1.0 0.0 0.86 0.99 0.0 0.0 0.0 0.0 0.0
2240.0 146.0 105.0 0.0 0.0 0.0 0.0 0.0 0.0 0.0 0.0 0.0 0.0 0.0 0.0 1.0 1.0 0.0 0.0 0.0 0.0 1.0 0.0 0.0 255.0 1.0 0.0 0.86 0.99 0.0 0.0 0.0 0.0 0.0
2232.0 146.0 105.0 0.0 0.0 0.0 0.0 0.0 0.0 0.0 0.0 0.0 0.0 0.0 0.0 1.0 1.0 0.0 0.0 0.0 0.0 1.0 0.0 0.0 255.0 1.0 0.0 0.85 0.99 0.0 0.0 0.0 0.0 0.0
2224.0 146.0 105.0 0.0 0.0 0.0 0.0 0.0 0.0 0.0 0.0 0.0 0.0 0.0 0.0 2.0 2.0 0.0 0.0 0.0 0.0 1.0 0.0 0.0 255.0 2.0 0.01 0.86 0.99 0.0 0.0 0.0 0.0 0.0
0.0 146.0 0.0 0.0 0.0 0.0 0.0 0.0 0.0 0.0 0.0 0.0 0.0 0.0 0.0 1.0 1.0 0.0 0.0 0.0 0.0 1.0 0.0 0.0 255.0 1.0 0.0 0.86 0.99 0.0 0.0 0.0 0.0 0.0
2242.0 146.0 105.0 0.0 0.0 0.0 0.0 0.0 0.0 0.0 0.0 0.0 0.0 0.0 0.0 1.0 1.0 0.0 0.0 0.0 0.0 1.0 0.0 0.0 255.0 1.0 0.0 0.85 0.99 0.0 0.0 0.0 0.0 0.0
2233.0 146.0 105.0 0.0 0.0 0.0 0.0 0.0 0.0 0.0 0.0 0.0 0.0 0.0 0.0 4.0 2.0 0.0 0.0 0.0 0.0 0.5 0.5 0.0 255.0 2.0 0.01 0.84 0.99 0.0 0.0 0.0 0.0 0.0
2238.0 146.0 105.0 0.0 0.0 0.0 0.0 0.0 0.0 0.0 0.0 0.0 0.0 0.0 0.0 1.0 1.0 0.0 0.0 0.0 0.0 1.0 0.0 0.0 255.0 1.0 0.0 0.85 0.99 0.0 0.0 0.0 0.0 0.0
2238.0 146.0 105.0 0.0 0.0 0.0 0.0 0.0 0.0 0.0 0.0 0.0 0.0 0.0 0.0 1.0 1.0 0.0 0.0 0.0 0.0 1.0 0.0 0.0 255.0 1.0 0.0 0.86 0.99 0.0 0.0 0.0 0.0 0.0
0.0 146.0 0.0 0.0 0.0 0.0 0.0 0.0 0.0 0.0 0.0 0.0 0.0 0.0 0.0 3.0 1.0 0.0 0.0 0.0 0.0 0.33 0.67 0.0 255.0 1.0 0.0 0.86 0.99 0.0 0.0 0.0 0.0 0.0
0.0 146.0 0.0 0.0 0.0 0.0 0.0 0.0 0.0 0.0 0.0 0.0 0.0 0.0 0.0 1.0 1.0 0.0 0.0 0.0 0.0 1.0 0.0 0.0 255.0 1.0 0.0 0.86 0.99 0.0 0.0 0.0 0.0 0.0
2239.0 146.0 105.0 0.0 0.0 0.0 0.0 0.0 0.0 0.0 0.0 0.0 0.0 0.0 0.0 1.0 1.0 0.0 0.0 0.0 0.0 1.0 0.0 0.0 255.0 1.0 0.0 0.86 0.99 0.0 0.0 0.0 0.0 0.0
2237.0 146.0 105.0 0.0 0.0 0.0 0.0 0.0 0.0 0.0 0.0 0.0 0.0 0.0 0.0 1.0 1.0 0.0 0.0 0.0 0.0 1.0 0.0 0.0 255.0 1.0 0.0 0.86 1.0 0.0 0.0 0.0 0.0 0.0
2238.0 146.0 105.0 0.0 0.0 0.0 0.0 0.0 0.0 0.0 0.0 0.0 0.0 0.0 0.0 1.0 1.0 0.0 0.0 0.0 0.0 1.0 0.0 0.0 255.0 1.0 0.0 0.87 1.0 0.0 0.0 0.0 0.0 0.0
2224.0 146.0 105.0 0.0 0.0 0.0 0.0 0.0 0.0 0.0 0.0 0.0 0.0 0.0 0.0 2.0 2.0 0.0 0.0 0.0 0.0 1.0 0.0 0.0 255.0 2.0 0.01 0.87 1.0 0.0 0.0 0.0 0.0 0.0
2238.0 146.0 105.0 0.0 0.0 0.0 0.0 0.0 0.0 0.0 0.0 0.0 0.0 0.0 0.0 1.0 1.0 0.0 0.0 0.0 0.0 1.0 0.0 0.0 255.0 1.0 0.0 0.87 1.0 0.0 0.0 0.0 0.0 0.0
2238.0 146.0 105.0 0.0 0.0 0.0 0.0 0.0 0.0 0.0 0.0 0.0 0.0 0.0 0.0 1.0 1.0 0.0 0.0 0.0 0.0 1.0 0.0 0.0 255.0 1.0 0.0 0.86 1.0 0.0 0.0 0.0 0.0 0.0
2228.0 146.0 105.0 0.0 0.0 0.0 0.0 0.0 0.0 0.0 0.0 0.0 0.0 0.0 0.0 4.0 2.0 0.0 0.0 0.0 0.0 0.5 0.5 0.0 255.0 2.0 0.01 0.86 1.0 0.0 0.0 0.0 0.0 0.0
2237.0 146.0 105.0 0.0 0.0 0.0 0.0 0.0 0.0 0.0 0.0 0.0 0.0 0.0 0.0 1.0 1.0 0.0 0.0 0.0 0.0 1.0 0.0 0.0 255.0 1.0 0.0 0.87 1.0 0.0 0.0 0.0 0.0 0.0
2238.0 146.0 105.0 0.0 0.0 0.0 0.0 0.0 0.0 0.0 0.0 0.0 0.0 0.0 0.0 1.0 1.0 0.0 0.0 0.0 0.0 1.0 0.0 0.0 255.0 1.0 0.0 0.87 1.0 0.0 0.0 0.0 0.0 0.0
2234.0 146.0 105.0 0.0 0.0 0.0 0.0 0.0 0.0 0.0 0.0 0.0 0.0 0.0 0.0 1.0 1.0 0.0 0.0 0.0 0.0 1.0 0.0 0.0 255.0 1.0 0.0 0.87 1.0 0.0 0.0 0.0 0.0 0.0
20234.0 146.0 105.0 0.0 0.0 0.0 0.0 0.0 0.0 0.0 0.0 0.0 0.0 0.0 0.0 1.0 1.0 0.0 0.0 0.0 0.0 1.0 0.0 0.0 255.0 1.0 0.0 0.87 1.0 0.0 0.0 0.0 0.0 0.0
20234.0 146.0 105.0 0.0 0.0 0.0 0.0 0.0 0.0 0.0 0.0 0.0 0.0 0.0 0.0 1.0 1.0 0.0 0.0 0.0 0.0 1.0 0.0 0.0 255.0 1.0 0.0 0.87 1.0 0.0 0.0 0.0 0.0 0.0
20226.0 146.0 105.0 0.0 0.0 0.0 0.0 0.0 0.0 0.0 0.0 0.0 0.0 0.0 0.0 1.0 1.0 0.0 0.0 0.0 0.0 1.0 0.0 0.0 255.0 1.0 0.0 0.86 1.0 0.0 0.0 0.0 0.0 0.0
20221.0 146.0 105.0 0.0 0.0 0.0 0.0 0.0 0.0 0.0 0.0 0.0 0.0 0.0 0.0 3.0 2.0 0.0 0.0 0.0 0.0 0.67 0.67 0.0 255.0 2.0 0.01 0.86 1.0 0.0 0.0 0.0 0.0 0.0
0.0 146.0 0.0 0.0 0.0 0.0 0.0 0.0 0.0 0.0 0.0 0.0 0.0 0.0 0.0 1.0 1.0 0.0 0.0 0.0 0.0 1.0 0.0 0.0 255.0 1.0 0.0 0.86 1.0 0.0 0.0 0.0 0.0 0.0
20233.0 146.0 105.0 0.0 0.0 0.0 0.0 0.0 0.0 0.0 0.0 0.0 0.0 0.0 0.0 1.0 1.0 0.0 0.0 0.0 0.0 1.0 0.0 0.0 255.0 1.0 0.0 0.86 1.0 0.0 0.0 0.0 0.0 0.0
20233.0 146.0 105.0 0.0 0.0 0.0 0.0 0.0 0.0 0.0 0.0 0.0 0.0 0.0 0.0 2.0 1.0 0.0 0.0 0.0 0.0 0.5 1.0 0.0 255.0 1.0 0.0 0.85 1.0 0.0 0.0 0.0 0.0 0.0
20223.0 146.0 105.0 0.0 0.0 0.0 0.0 0.0 0.0 0.0 0.0 0.0 0.0 0.0 0.0 4.0 2.0 0.0 0.0 0.0 0.0 0.5 0.5 0.0 255.0 2.0 0.01 0.85 1.0 0.0 0.0 0.0 0.0 0.0
20232.0 146.0 105.0 0.0 0.0 0.0 0.0 0.0 0.0 0.0 0.0 0.0 0.0 0.0 0.0 1.0 1.0 0.0 0.0 0.0 0.0 1.0 0.0 0.0 255.0 1.0 0.0 0.86 1.0 0.0 0.0 0.0 0.0 0.0
20234.0 146.0 105.0 0.0 0.0 0.0 0.0 0.0 0.0 0.0 0.0 0.0 0.0 0.0 0.0 1.0 1.0 0.0 0.0 0.0 0.0 1.0 0.0 0.0 255.0 1.0 0.0 0.86 1.0 0.0 0.0 0.0 0.0 0.0
20225.0 146.0 105.0 0.0 0.0 0.0 0.0 0.0 0.0 0.0 0.0 0.0 0.0 0.0 0.0 4.0 2.0 0.0 0.0 0.0 0.0 0.5 0.5 0.0 255.0 2.0 0.01 0.85 1.0 0.0 0.0 0.0 0.0 0.0
20234.0 146.0 105.0 0.0 0.0 0.0 0.0 0.0 0.0 0.0 0.0 0.0 0.0 0.0 0.0 1.0 1.0 0.0 0.0 0.0 0.0 1.0 0.0 0.0 255.0 1.0 0.0 0.87 1.0 0.0 0.0 0.0 0.0 0.0
20234.0 146.0 105.0 0.0 0.0 0.0 0.0 0.0 0.0 0.0 0.0 0.0 0.0 0.0 0.0 1.0 1.0 0.0 0.0 0.0 0.0 1.0 0.0 0.0 255.0 1.0 0.0 0.86 1.0 0.0 0.0 0.0 0.0 0.0
20226.0 146.0 105.0 0.0 0.0 0.0 0.0 0.0 0.0 0.0 0.0 0.0 0.0 0.0 0.0 5.0 1.0 0.0 0.0 0.0 0.0 0.2 0.6 0.0 255.0 1.0 0.0 0.85 1.0 0.0 0.0 0.0 0.0 0.0
20232.0 146.0 105.0 0.0 0.0 0.0 0.0 0.0 0.0 0.0 0.0 0.0 0.0 0.0 0.0 1.0 1.0 0.0 0.0 0.0 0.0 1.0 0.0 0.0 255.0 1.0 0.0 0.86 1.0 0.0 0.0 0.0 0.0 0.0
20234.0 146.0 105.0 0.0 0.0 0.0 0.0 0.0 0.0 0.0 0.0 0.0 0.0 0.0 0.0 1.0 1.0 0.0 0.0 0.0 0.0 1.0 0.0 0.0 255.0 1.0 0.0 0.87 1.0 0.0 0.0 0.0 0.0 0.0
20230.0 146.0 105.0 0.0 0.0 0.0 0.0 0.0 0.0 0.0 0.0 0.0 0.0 0.0 0.0 1.0 1.0 0.0 0.0 0.0 0.0 1.0 0.0 0.0 255.0 1.0 0.0 0.86 1.0 0.0 0.0 0.0 0.0 0.0
20219.0 146.0 105.0 0.0 0.0 0.0 0.0 0.0 0.0 0.0 0.0 0.0 0.0 0.0 0.0 2.0 2.0 0.0 0.0 0.0 0.0 1.0 0.0 0.0 255.0 2.0 0.01 0.87 1.0 0.0 0.0 0.0 0.0 0.0
0.0 146.0 0.0 0.0 0.0 0.0 0.0 0.0 0.0 0.0 0.0 0.0 0.0 0.0 0.0 1.0 1.0 0.0 0.0 0.0 0.0 1.0 0.0 0.0 255.0 1.0 0.0 0.86 1.0 0.0 0.0 0.0 0.0 0.0
20232.0 146.0 105.0 0.0 0.0 0.0 0.0 0.0 0.0 0.0 0.0 0.0 0.0 0.0 0.0 1.0 1.0 0.0 0.0 0.0 0.0 1.0 0.0 0.0 255.0 1.0 0.0 0.86 1.0 0.0 0.0 0.0 0.0 0.0
0.0 146.0 0.0 0.0 0.0 0.0 0.0 0.0 0.0 0.0 0.0 0.0 0.0 0.0 0.0 1.0 1.0 0.0 0.0 0.0 0.0 1.0 0.0 0.0 255.0 1.0 0.0 0.87 1.0 0.0 0.0 0.0 0.0 0.0
17640.0 146.0 105.0 0.0 0.0 0.0 0.0 0.0 0.0 0.0 0.0 0.0 0.0 0.0 0.0 1.0 1.0 0.0 0.0 0.0 0.0 1.0 0.0 0.0 255.0 1.0 0.0 0.87 1.0 0.0 0.0 0.0 0.0 0.0
17640.0 146.0 105.0 0.0 0.0 0.0 0.0 0.0 0.0 0.0 0.0 0.0 0.0 0.0 0.0 1.0 1.0 0.0 0.0 0.0 0.0 1.0 0.0 0.0 255.0 1.0 0.0 0.87 1.0 0.0 0.0 0.0 0.0 0.0
17625.0 146.0 105.0 0.0 0.0 0.0 0.0 0.0 0.0 0.0 0.0 0.0 0.0 0.0 0.0 2.0 2.0 0.0 0.0 0.0 0.0 1.0 0.0 0.0 255.0 2.0 0.01 0.87 1.0 0.0 0.0 0.0 0.0 0.0
17640.0 146.0 105.0 0.0 0.0 0.0 0.0 0.0 0.0 0.0 0.0 0.0 0.0 0.0 0.0 1.0 1.0 0.0 0.0 0.0 0.0 1.0 0.0 0.0 255.0 1.0 0.0 0.86 1.0 0.0 0.0 0.0 0.0 0.0
17639.0 146.0 105.0 0.0 0.0 0.0 0.0 0.0 0.0 0.0 0.0 0.0 0.0 0.0 0.0 1.0 1.0 0.0 0.0 0.0 0.0 1.0 0.0 0.0 255.0 1.0 0.0 0.86 1.0 0.0 0.0 0.0 0.0 0.0
17637.0 146.0 105.0 0.0 0.0 0.0 0.0 0.0 0.0 0.0 0.0 0.0 0.0 0.0 0.0 3.0 1.0 0.0 0.0 0.0 0.0 0.33 0.67 0.0 255.0 1.0 0.0 0.87 1.0 0.0 0.0 0.0 0.0 0.0
17626.0 146.0 105.0 0.0 0.0 0.0 0.0 0.0 0.0 0.0 0.0 0.0 0.0 0.0 0.0 2.0 2.0 0.0 0.0 0.0 0.0 1.0 0.0 0.0 255.0 2.0 0.01 0.87 1.0 0.0 0.0 0.0 0.0 0.0
17640.0 146.0 105.0 0.0 0.0 0.0 0.0 0.0 0.0 0.0 0.0 0.0 0.0 0.0 0.0 1.0 1.0 0.0 0.0 0.0 0.0 1.0 0.0 0.0 255.0 1.0 0.0 0.87 0.99 0.0 0.0 0.0 0.0 0.0
17640.0 146.0 105.0 0.0 0.0 0.0 0.0 0.0 0.0 0.0 0.0 0.0 0.0 0.0 0.0 1.0 1.0 0.0 0.0 0.0 0.0 1.0 0.0 0.0 255.0 1.0 0.0 0.87 0.99 0.0 0.0 0.0 0.0 0.0
17640.0 146.0 105.0 0.0 0.0 0.0 0.0 0.0 0.0 0.0 0.0 0.0 0.0 0.0 0.0 1.0 1.0 0.0 0.0 0.0 0.0 1.0 0.0 0.0 255.0 2.0 0.01 0.87 0.99 0.0 0.0 0.0 0.0 0.0
17640.0 146.0 105.0 0.0 0.0 0.0 0.0 0.0 0.0 0.0 0.0 0.0 0.0 0.0 0.0 1.0 1.0 0.0 0.0 0.0 0.0 1.0 0.0 0.0 255.0 1.0 0.0 0.87 0.99 0.0 0.0 0.0 0.0 0.0
17640.0 146.0 105.0 0.0 0.0 0.0 0.0 0.0 0.0 0.0 0.0 0.0 0.0 0.0 0.0 1.0 1.0 0.0 0.0 0.0 0.0 1.0 0.0 0.0 255.0 1.0 0.0 0.87 1.0 0.0 0.0 0.0 0.0 0.0
0.0 146.0 0.0 0.0 0.0 0.0 0.0 0.0 0.0 0.0 0.0 0.0 0.0 0.0 0.0 1.0 1.0 0.0 0.0 0.0 0.0 1.0 0.0 0.0 255.0 1.0 0.0 0.88 1.0 0.0 0.0 0.0 0.0 0.0
17640.0 146.0 105.0 0.0 0.0 0.0 0.0 0.0 0.0 0.0 0.0 0.0 0.0 0.0 0.0 1.0 1.0 0.0 0.0 0.0 0.0 1.0 0.0 0.0 255.0 1.0 0.0 0.88 1.0 0.0 0.0 0.0 0.0 0.0
17640.0 146.0 105.0 0.0 0.0 0.0 0.0 0.0 0.0 0.0 0.0 0.0 0.0 0.0 0.0 1.0 1.0 0.0 0.0 0.0 0.0 1.0 0.0 0.0 255.0 1.0 0.0 0.87 1.0 0.0 0.0 0.0 0.0 0.0
17624.0 146.0 105.0 0.0 0.0 0.0 0.0 0.0 0.0 0.0 0.0 0.0 0.0 0.0 0.0 4.0 2.0 0.0 0.0 0.0 0.0 0.5 0.5 0.0 255.0 2.0 0.01 0.87 1.0 0.0 0.0 0.0 0.0 0.0
17640.0 146.0 105.0 0.0 0.0 0.0 0.0 0.0 0.0 0.0 0.0 0.0 0.0 0.0 0.0 1.0 1.0 0.0 0.0 0.0 0.0 1.0 0.0 0.0 255.0 1.0 0.0 0.88 1.0 0.0 0.0 0.0 0.0 0.0
2593.0 146.0 105.0 0.0 0.0 0.0 0.0 0.0 0.0 0.0 0.0 0.0 0.0 0.0 0.0 1.0 1.0 0.0 0.0 0.0 0.0 1.0 0.0 0.0 255.0 1.0 0.0 0.87 1.0 0.0 0.0 0.0 0.0 0.0
2589.0 146.0 105.0 0.0 0.0 0.0 0.0 0.0 0.0 0.0 0.0 0.0 0.0 0.0 0.0 1.0 1.0 0.0 0.0 0.0 0.0 1.0 0.0 0.0 255.0 1.0 0.0 0.87 1.0 0.0 0.0 0.0 0.0 0.0
0.0 146.0 0.0 0.0 0.0 0.0 0.0 0.0 0.0 0.0 0.0 0.0 0.0 0.0 0.0 3.0 1.0 0.0 0.0 0.0 0.0 0.33 0.67 0.0 255.0 1.0 0.0 0.86 1.0 0.0 0.0 0.0 0.0 0.0
2594.0 146.0 105.0 0.0 0.0 0.0 0.0 0.0 0.0 0.0 0.0 0.0 0.0 0.0 0.0 1.0 1.0 0.0 0.0 0.0 0.0 1.0 0.0 0.0 255.0 1.0 0.0 0.86 1.0 0.0 0.0 0.0 0.0 0.0
2592.0 146.0 105.0 0.0 0.0 0.0 0.0 0.0 0.0 0.0 0.0 0.0 0.0 0.0 0.0 1.0 1.0 0.0 0.0 0.0 0.0 1.0 0.0 0.0 255.0 1.0 0.0 0.86 1.0 0.0 0.0 0.0 0.0 0.0
2585.0 146.0 105.0 0.0 0.0 0.0 0.0 0.0 0.0 0.0 0.0 0.0 0.0 0.0 0.0 3.0 1.0 0.0 0.0 0.0 0.0 0.33 0.67 0.0 255.0 1.0 0.0 0.86 1.0 0.0 0.0 0.0 0.0 0.0
2584.0 146.0 105.0 0.0 0.0 0.0 0.0 0.0 0.0 0.0 0.0 0.0 0.0 0.0 0.0 2.0 2.0 0.0 0.0 0.0 0.0 1.0 0.0 0.0 255.0 2.0 0.01 0.86 1.0 0.0 0.0 0.0 0.0 0.0
0.0 146.0 0.0 0.0 0.0 0.0 0.0 0.0 0.0 0.0 0.0 0.0 0.0 0.0 0.0 1.0 1.0 0.0 0.0 0.0 0.0 1.0 0.0 0.0 255.0 1.0 0.0 0.85 1.0 0.0 0.0 0.0 0.0 0.0
2593.0 146.0 105.0 0.0 0.0 0.0 0.0 0.0 0.0 0.0 0.0 0.0 0.0 0.0 0.0 1.0 1.0 0.0 0.0 0.0 0.0 1.0 0.0 0.0 255.0 1.0 0.0 0.85 1.0 0.0 0.0 0.0 0.0 0.0
2590.0 146.0 105.0 0.0 0.0 0.0 0.0 0.0 0.0 0.0 0.0 0.0 0.0 0.0 0.0 1.0 1.0 0.0 0.0 0.0 0.0 1.0 0.0 0.0 255.0 1.0 0.0 0.85 1.0 0.0 0.0 0.0 0.0 0.0
2580.0 146.0 105.0 0.0 0.0 0.0 0.0 0.0 0.0 0.0 0.0 0.0 0.0 0.0 0.0 3.0 2.0 0.0 0.0 0.0 0.0 0.67 0.67 0.0 255.0 2.0 0.01 0.85 1.0 0.0 0.0 0.0 0.0 0.0
2593.0 146.0 105.0 0.0 0.0 0.0 0.0 0.0 0.0 0.0 0.0 0.0 0.0 0.0 0.0 1.0 1.0 0.0 0.0 0.0 0.0 1.0 0.0 0.0 255.0 1.0 0.0 0.85 1.0 0.0 0.0 0.0 0.0 0.0
2593.0 146.0 105.0 0.0 0.0 0.0 0.0 0.0 0.0 0.0 0.0 0.0 0.0 0.0 0.0 1.0 1.0 0.0 0.0 0.0 0.0 1.0 0.0 0.0 255.0 1.0 0.0 0.85 1.0 0.0 0.0 0.0 0.0 0.0
2594.0 146.0 105.0 0.0 0.0 0.0 0.0 0.0 0.0 0.0 0.0 0.0 0.0 0.0 0.0 1.0 1.0 0.0 0.0 0.0 0.0 1.0 0.0 0.0 255.0 1.0 0.0 0.85 1.0 0.0 0.0 0.0 0.0 0.0
8861.0 146.0 105.0 0.0 0.0 0.0 0.0 0.0 0.0 0.0 0.0 0.0 0.0 0.0 0.0 1.0 1.0 0.0 0.0 0.0 0.0 1.0 0.0 0.0 255.0 2.0 0.01 0.84 1.0 0.0 0.0 0.0 0.0 0.0
2593.0 146.0 105.0 0.0 0.0 0.0 0.0 0.0 0.0 0.0 0.0 0.0 0.0 0.0 0.0 1.0 1.0 0.0 0.0 0.0 0.0 1.0 0.0 0.0 255.0 1.0 0.0 0.84 1.0 0.0 0.0 0.0 0.0 0.0
2585.0 146.0 105.0 0.0 0.0 0.0 0.0 0.0 0.0 0.0 0.0 0.0 0.0 0.0 0.0 1.0 1.0 0.0 0.0 0.0 0.0 1.0 0.0 0.0 255.0 1.0 0.0 0.83 1.0 0.0 0.0 0.0 0.0 0.0
2593.0 146.0 105.0 0.0 0.0 0.0 0.0 0.0 0.0 0.0 0.0 0.0 0.0 0.0 0.0 1.0 1.0 0.0 0.0 0.0 0.0 1.0 0.0 0.0 255.0 1.0 0.0 0.84 1.0 0.0 0.0 0.0 0.0 0.0
2594.0 146.0 105.0 0.0 0.0 0.0 0.0 0.0 0.0 0.0 0.0 0.0 0.0 0.0 0.0 1.0 1.0 0.0 0.0 0.0 0.0 1.0 0.0 0.0 255.0 1.0 0.0 0.84 1.0 0.0 0.0 0.0 0.0 0.0
2586.0 146.0 105.0 0.0 0.0 0.0 0.0 0.0 0.0 0.0 0.0 0.0 0.0 0.0 0.0 1.0 1.0 0.0 0.0 0.0 0.0 1.0 0.0 0.0 255.0 1.0 0.0 0.82 1.0 0.0 0.0 0.0 0.0 0.0
2585.0 146.0 105.0 0.0 0.0 0.0 0.0 0.0 0.0 0.0 0.0 0.0 0.0 0.0 0.0 3.0 1.0 0.0 0.0 0.0 0.0 0.33 0.67 0.0 255.0 1.0 0.0 0.82 1.0 0.0 0.0 0.0 0.0 0.0
0.0 146.0 0.0 0.0 0.0 0.0 0.0 0.0 0.0 0.0 0.0 0.0 0.0 0.0 0.0 1.0 1.0 0.0 0.0 0.0 0.0 1.0 0.0 0.0 255.0 1.0 0.0 0.83 1.0 0.0 0.0 0.0 0.0 0.0
2593.0 146.0 105.0 0.0 0.0 0.0 0.0 0.0 0.0 0.0 0.0 0.0 0.0 0.0 0.0 1.0 1.0 0.0 0.0 0.0 0.0 1.0 0.0 0.0 255.0 1.0 0.0 0.82 1.0 0.0 0.0 0.0 0.0 0.0
2593.0 146.0 105.0 0.0 0.0 0.0 0.0 0.0 0.0 0.0 0.0 0.0 0.0 0.0 0.0 1.0 1.0 0.0 0.0 0.0 0.0 1.0 0.0 0.0 255.0 1.0 0.0 0.82 0.99 0.0 0.0 0.0 0.0 0.0
2592.0 146.0 105.0 0.0 0.0 0.0 0.0 0.0 0.0 0.0 0.0 0.0 0.0 0.0 0.0 1.0 1.0 0.0 0.0 0.0 0.0 1.0 0.0 0.0 255.0 1.0 0.0 0.82 0.99 0.0 0.0 0.0 0.0 0.0
2589.0 146.0 105.0 0.0 0.0 0.0 0.0 0.0 0.0 0.0 0.0 0.0 0.0 0.0 0.0 1.0 1.0 0.0 0.0 0.0 0.0 1.0 0.0 0.0 255.0 1.0 0.0 0.82 0.99 0.0 0.0 0.0 0.0 0.0
2579.0 146.0 105.0 0.0 0.0 0.0 0.0 0.0 0.0 0.0 0.0 0.0 0.0 0.0 0.0 2.0 2.0 0.0 0.0 0.0 0.0 1.0 0.0 0.0 255.0 2.0 0.01 0.82 0.99 0.0 0.0 0.0 0.0 0.0
2593.0 146.0 105.0 0.0 0.0 0.0 0.0 0.0 0.0 0.0 0.0 0.0 0.0 0.0 0.0 1.0 1.0 0.0 0.0 0.0 0.0 1.0 0.0 0.0 255.0 1.0 0.0 0.82 0.99 0.0 0.0 0.0 0.0 0.0
2593.0 146.0 105.0 0.0 0.0 0.0 0.0 0.0 0.0 0.0 0.0 0.0 0.0 0.0 0.0 1.0 1.0 0.0 0.0 0.0 0.0 1.0 0.0 0.0 255.0 1.0 0.0 0.82 0.99 0.0 0.0 0.0 0.0 0.0
2586.0 146.0 105.0 0.0 0.0 0.0 0.0 0.0 0.0 0.0 0.0 0.0 0.0 0.0 0.0 1.0 1.0 0.0 0.0 0.0 0.0 1.0 0.0 0.0 255.0 1.0 0.0 0.83 0.99 0.0 0.0 0.0 0.0 0.0
2592.0 146.0 105.0 0.0 0.0 0.0 0.0 0.0 0.0 0.0 0.0 0.0 0.0 0.0 0.0 1.0 1.0 0.0 0.0 0.0 0.0 1.0 0.0 0.0 255.0 1.0 0.0 0.83 0.99 0.0 0.0 0.0 0.0 0.0
2593.0 146.0 105.0 0.0 0.0 0.0 0.0 0.0 0.0 0.0 0.0 0.0 0.0 0.0 0.0 1.0 1.0 0.0 0.0 0.0 0.0 1.0 0.0 0.0 255.0 1.0 0.0 0.83 0.99 0.0 0.0 0.0 0.0 0.0
2593.0 146.0 105.0 0.0 0.0 0.0 0.0 0.0 0.0 0.0 0.0 0.0 0.0 0.0 0.0 1.0 1.0 0.0 0.0 0.0 0.0 1.0 0.0 0.0 255.0 1.0 0.0 0.84 0.99 0.0 0.0 0.0 0.0 0.0
2585.0 146.0 105.0 0.0 0.0 0.0 0.0 0.0 0.0 0.0 0.0 0.0 0.0 0.0 0.0 1.0 1.0 0.0 0.0 0.0 0.0 1.0 0.0 0.0 255.0 1.0 0.0 0.83 0.99 0.0 0.0 0.0 0.0 0.0
2583.0 146.0 105.0 0.0 0.0 0.0 0.0 0.0 0.0 0.0 0.0 0.0 0.0 0.0 0.0 2.0 2.0 0.0 0.0 0.0 0.0 1.0 0.0 0.0 255.0 2.0 0.01 0.83 0.99 0.0 0.0 0.0 0.0 0.0
2580.0 146.0 105.0 0.0 0.0 0.0 0.0 0.0 0.0 0.0 0.0 0.0 0.0 0.0 0.0 2.0 2.0 0.0 0.0 0.0 0.0 1.0 0.0 0.0 255.0 2.0 0.01 0.84 0.99 0.0 0.0 0.0 0.0 0.0
0.0 146.0 0.0 0.0 0.0 0.0 0.0 0.0 0.0 0.0 0.0 0.0 0.0 0.0 0.0 1.0 1.0 0.0 0.0 0.0 0.0 1.0 0.0 0.0 255.0 1.0 0.0 0.84 0.99 0.0 0.0 0.0 0.0 0.0
2593.0 146.0 105.0 0.0 0.0 0.0 0.0 0.0 0.0 0.0 0.0 0.0 0.0 0.0 0.0 1.0 1.0 0.0 0.0 0.0 0.0 1.0 0.0 0.0 255.0 1.0 0.0 0.84 0.99 0.0 0.0 0.0 0.0 0.0
2593.0 146.0 105.0 0.0 0.0 0.0 0.0 0.0 0.0 0.0 0.0 0.0 0.0 0.0 0.0 1.0 1.0 0.0 0.0 0.0 0.0 1.0 0.0 0.0 255.0 1.0 0.0 0.84 0.99 0.0 0.0 0.0 0.0 0.0
0.0 146.0 0.0 0.0 0.0 0.0 0.0 0.0 0.0 0.0 0.0 0.0 0.0 0.0 0.0 3.0 1.0 0.0 0.0 0.0 0.0 0.33 0.67 0.0 255.0 1.0 0.0 0.83 0.99 0.0 0.0 0.0 0.0 0.0
2592.0 146.0 105.0 0.0 0.0 0.0 0.0 0.0 0.0 0.0 0.0 0.0 0.0 0.0 0.0 1.0 1.0 0.0 0.0 0.0 0.0 1.0 0.0 0.0 255.0 1.0 0.0 0.82 0.99 0.0 0.0 0.0 0.0 0.0
2589.0 146.0 105.0 0.0 0.0 0.0 0.0 0.0 0.0 0.0 0.0 0.0 0.0 0.0 0.0 1.0 1.0 0.0 0.0 0.0 0.0 1.0 0.0 0.0 255.0 1.0 0.0 0.81 1.0 0.0 0.0 0.0 0.0 0.0
0.0 146.0 0.0 0.0 0.0 0.0 0.0 0.0 0.0 0.0 0.0 0.0 0.0 0.0 0.0 1.0 1.0 0.0 0.0 0.0 0.0 1.0 0.0 0.0 255.0 1.0 0.0 0.82 1.0 0.0 0.0 0.0 0.0 0.0
5014.0 146.0 105.0 0.0 0.0 0.0 0.0 0.0 0.0 0.0 0.0 0.0 0.0 0.0 0.0 1.0 1.0 0.0 0.0 0.0 0.0 1.0 0.0 0.0 255.0 1.0 0.0 0.82 1.0 0.0 0.0 0.0 0.0 0.0
5014.0 146.0 105.0 0.0 0.0 0.0 0.0 0.0 0.0 0.0 0.0 0.0 0.0 0.0 0.0 1.0 1.0 0.0 0.0 0.0 0.0 1.0 0.0 0.0 255.0 1.0 0.0 0.82 1.0 0.0 0.0 0.0 0.0 0.0
2420.0 146.0 105.0 0.0 0.0 0.0 0.0 0.0 0.0 0.0 0.0 0.0 0.0 0.0 0.0 1.0 1.0 0.0 0.0 0.0 0.0 1.0 0.0 0.0 255.0 1.0 0.0 0.82 1.0 0.0 0.0 0.0 0.0 0.0
2414.0 146.0 105.0 0.0 0.0 0.0 0.0 0.0 0.0 0.0 0.0 0.0 0.0 0.0 0.0 3.0 1.0 0.0 0.0 0.0 0.0 0.33 0.67 0.0 255.0 1.0 0.0 0.82 1.0 0.0 0.0 0.0 0.0 0.0
