0.0 0.0 0.0 0.0 0.0 0.0 0.0 0.0 0.0 0.0 0.0 0.0 0.0 0.0 0.0 111.0 20.0 1.0 1.0 0.0 0.0 0.18 0.05 0.0 189.0 20.0 0.11 0.1 0.01 0.0 1.0 1.0 0.0 0.0
0.0 0.0 0.0 0.0 0.0 0.0 0.0 0.0 0.0 0.0 0.0 0.0 0.0 0.0 0.0 108.0 8.0 1.0 1.0 0.0 0.0 0.07 0.06 0.0 199.0 13.0 0.07 0.09 0.01 0.0 1.0 1.0 0.0 0.0
0.0 0.0 0.0 0.0 0.0 0.0 0.0 0.0 0.0 0.0 0.0 0.0 0.0 0.0 0.0 131.0 20.0 1.0 1.0 0.0 0.0 0.15 0.05 0.0 209.0 20.0 0.1 0.09 0.0 0.0 1.0 1.0 0.0 0.0
0.0 0.0 0.0 0.0 0.0 0.0 0.0 0.0 0.0 0.0 0.0 0.0 0.0 0.0 0.0 140.0 9.0 1.0 1.0 0.0 0.0 0.06 0.06 0.0 219.0 13.0 0.06 0.08 0.0 0.0 1.0 1.0 0.0 0.0
0.0 0.0 0.0 0.0 0.0 0.0 0.0 0.0 0.0 0.0 0.0 0.0 0.0 0.0 0.0 148.0 7.0 1.0 1.0 0.0 0.0 0.05 0.06 0.0 229.0 3.0 0.01 0.08 0.0 0.0 1.0 1.0 0.0 0.0
0.0 0.0 0.0 0.0 0.0 0.0 0.0 0.0 0.0 0.0 0.0 0.0 0.0 0.0 0.0 135.0 14.0 1.0 1.0 0.0 0.0 0.1 0.06 0.0 239.0 6.0 0.03 0.08 0.0 0.0 1.0 1.0 0.0 0.0
0.0 0.0 0.0 0.0 0.0 0.0 0.0 0.0 0.0 0.0 0.0 0.0 0.0 0.0 0.0 126.0 5.0 1.0 1.0 0.0 0.0 0.04 0.06 0.0 249.0 15.0 0.06 0.08 0.0 0.0 1.0 1.0 0.0 0.0
0.0 0.0 0.0 0.0 0.0 0.0 0.0 0.0 0.0 0.0 0.0 0.0 0.0 0.0 0.0 117.0 16.0 1.0 1.0 0.0 0.0 0.14 0.06 0.0 255.0 5.0 0.02 0.08 0.0 0.0 1.0 1.0 0.0 0.0
0.0 0.0 0.0 0.0 0.0 0.0 0.0 0.0 0.0 0.0 0.0 0.0 0.0 0.0 0.0 108.0 7.0 1.0 1.0 0.0 0.0 0.06 0.06 0.0 255.0 14.0 0.05 0.07 0.0 0.0 1.0 1.0 0.0 0.0
0.0 0.0 0.0 0.0 0.0 0.0 0.0 0.0 0.0 0.0 0.0 0.0 0.0 0.0 0.0 150.0 9.0 1.0 1.0 0.0 0.0 0.06 0.06 0.0 255.0 8.0 0.03 0.07 0.0 0.0 1.0 1.0 0.0 0.0
0.0 0.0 0.0 0.0 0.0 0.0 0.0 0.0 0.0 0.0 0.0 0.0 0.0 0.0 0.0 110.0 9.0 1.0 1.0 0.0 0.0 0.08 0.06 0.0 255.0 5.0 0.02 0.08 0.0 0.0 1.0 1.0 0.0 0.0
0.0 0.0 0.0 0.0 0.0 0.0 0.0 0.0 0.0 0.0 0.0 0.0 0.0 0.0 0.0 116.0 14.0 1.0 1.0 0.0 0.0 0.12 0.06 0.0 255.0 17.0 0.07 0.08 0.0 0.0 1.0 1.0 0.0 0.0
0.0 0.0 0.0 0.0 0.0 0.0 0.0 0.0 0.0 0.0 0.0 0.0 0.0 0.0 0.0 126.0 6.0 1.0 1.0 0.0 0.0 0.05 0.06 0.0 255.0 9.0 0.04 0.08 0.0 0.0 1.0 1.0 0.0 0.0
0.0 0.0 0.0 0.0 0.0 0.0 0.0 0.0 0.0 0.0 0.0 0.0 0.0 0.0 0.0 97.0 17.0 1.0 1.0 0.0 0.0 0.18 0.05 0.0 255.0 5.0 0.02 0.07 0.0 0.0 1.0 1.0 0.0 0.0
0.0 0.0 0.0 0.0 0.0 0.0 0.0 0.0 0.0 0.0 0.0 0.0 0.0 0.0 0.0 148.0 17.0 1.0 1.0 0.0 0.0 0.11 0.05 0.0 255.0 13.0 0.05 0.07 0.0 0.0 1.0 1.0 0.0 0.0
0.0 0.0 0.0 0.0 0.0 0.0 0.0 0.0 0.0 0.0 0.0 0.0 0.0 0.0 0.0 142.0 1.0 1.0 1.0 0.0 0.0 0.01 0.06 0.0 255.0 3.0 0.01 0.07 0.0 0.0 1.0 1.0 0.0 0.0
0.0 0.0 0.0 0.0 0.0 0.0 0.0 0.0 0.0 0.0 0.0 0.0 0.0 0.0 0.0 136.0 15.0 1.0 1.0 0.0 0.0 0.11 0.06 0.0 255.0 6.0 0.02 0.07 0.0 0.0 1.0 1.0 0.0 0.0
0.0 0.0 0.0 0.0 0.0 0.0 0.0 0.0 0.0 0.0 0.0 0.0 0.0 0.0 0.0 127.0 6.0 1.0 1.0 0.0 0.0 0.05 0.06 0.0 255.0 15.0 0.06 0.07 0.0 0.0 1.0 1.0 0.0 0.0
0.0 0.0 0.0 0.0 0.0 0.0 0.0 0.0 0.0 0.0 0.0 0.0 0.0 0.0 0.0 118.0 17.0 1.0 1.0 0.0 0.0 0.14 0.06 0.0 255.0 4.0 0.02 0.07 0.0 0.0 1.0 1.0 0.0 0.0
0.0 0.0 0.0 0.0 0.0 0.0 0.0 0.0 0.0 0.0 0.0 0.0 0.0 0.0 0.0 109.0 8.0 1.0 1.0 0.0 0.0 0.07 0.06 0.0 255.0 13.0 0.05 0.06 0.0 0.0 1.0 1.0 0.0 0.0
0.0 0.0 0.0 0.0 0.0 0.0 0.0 0.0 0.0 0.0 0.0 0.0 0.0 0.0 0.0 150.0 9.0 1.0 1.0 0.0 0.0 0.06 0.06 0.0 255.0 8.0 0.03 0.06 0.0 0.0 1.0 1.0 0.0 0.0
0.0 0.0 0.0 0.0 0.0 0.0 0.0 0.0 0.0 0.0 0.0 0.0 0.0 0.0 0.0 145.0 14.0 1.0 1.0 0.0 0.0 0.1 0.06 0.0 255.0 4.0 0.02 0.06 0.0 0.0 1.0 1.0 0.0 0.0
0.0 0.0 0.0 0.0 0.0 0.0 0.0 0.0 0.0 0.0 0.0 0.0 0.0 0.0 0.0 135.0 4.0 1.0 1.0 0.0 0.0 0.03 0.06 0.0 255.0 13.0 0.05 0.06 0.0 0.0 1.0 1.0 0.0 0.0
0.0 0.0 0.0 0.0 0.0 0.0 0.0 0.0 0.0 0.0 0.0 0.0 0.0 0.0 0.0 126.0 15.0 1.0 1.0 0.0 0.0 0.12 0.06 0.0 255.0 7.0 0.03 0.06 0.0 0.0 1.0 1.0 0.0 0.0
0.0 0.0 0.0 0.0 0.0 0.0 0.0 0.0 0.0 0.0 0.0 0.0 0.0 0.0 0.0 87.0 7.0 1.0 1.0 0.0 0.0 0.08 0.06 0.0 255.0 14.0 0.05 0.06 0.0 0.0 1.0 1.0 0.0 0.0
0.0 0.0 0.0 0.0 0.0 0.0 0.0 0.0 0.0 0.0 0.0 0.0 0.0 0.0 0.0 108.0 17.0 1.0 1.0 0.0 0.0 0.16 0.06 0.0 255.0 17.0 0.07 0.06 0.0 0.0 1.0 1.0 0.0 0.0
0.0 0.0 0.0 0.0 0.0 0.0 0.0 0.0 0.0 0.0 0.0 0.0 0.0 0.0 0.0 144.0 3.0 1.0 1.0 0.0 0.0 0.02 0.06 0.0 255.0 4.0 0.02 0.06 0.0 0.0 1.0 1.0 0.0 0.0
0.0 0.0 0.0 0.0 0.0 0.0 0.0 0.0 0.0 0.0 0.0 0.0 0.0 0.0 0.0 133.0 12.0 1.0 1.0 0.0 0.0 0.09 0.06 0.0 255.0 7.0 0.03 0.06 0.0 0.0 1.0 1.0 0.0 0.0
0.0 0.0 0.0 0.0 0.0 0.0 0.0 0.0 0.0 0.0 0.0 0.0 0.0 0.0 0.0 137.0 16.0 1.0 1.0 0.0 0.0 0.12 0.06 0.0 255.0 15.0 0.06 0.06 0.0 0.0 1.0 1.0 0.0 0.0
0.0 0.0 0.0 0.0 0.0 0.0 0.0 0.0 0.0 0.0 0.0 0.0 0.0 0.0 0.0 116.0 15.0 1.0 1.0 0.0 0.0 0.13 0.06 0.0 255.0 6.0 0.02 0.06 0.0 0.0 1.0 1.0 0.0 0.0
0.0 0.0 0.0 0.0 0.0 0.0 0.0 0.0 0.0 0.0 0.0 0.0 0.0 0.0 0.0 107.0 6.0 1.0 1.0 0.0 0.0 0.06 0.07 0.0 255.0 15.0 0.06 0.07 0.0 0.0 1.0 1.0 0.0 0.0
0.0 0.0 0.0 0.0 0.0 0.0 0.0 0.0 0.0 0.0 0.0 0.0 0.0 0.0 0.0 122.0 1.0 1.0 1.0 0.0 0.0 0.01 0.07 0.0 255.0 20.0 0.08 0.07 0.0 0.0 1.0 1.0 0.0 0.0
0.0 0.0 0.0 0.0 0.0 0.0 0.0 0.0 0.0 0.0 0.0 0.0 0.0 0.0 0.0 114.0 3.0 1.0 1.0 0.0 0.0 0.03 0.06 0.0 255.0 3.0 0.01 0.07 0.0 0.0 1.0 1.0 0.0 0.0
0.0 0.0 0.0 0.0 0.0 0.0 0.0 0.0 0.0 0.0 0.0 0.0 0.0 0.0 0.0 123.0 12.0 1.0 1.0 0.0 0.0 0.1 0.06 0.0 255.0 12.0 0.05 0.08 0.0 0.0 1.0 1.0 0.0 0.0
0.0 0.0 0.0 0.0 0.0 0.0 0.0 0.0 0.0 0.0 0.0 0.0 0.0 0.0 0.0 134.0 3.0 1.0 1.0 0.0 0.0 0.02 0.06 0.0 255.0 2.0 0.01 0.09 0.0 0.0 1.0 1.0 0.0 0.0
0.0 0.0 0.0 0.0 0.0 0.0 0.0 0.0 0.0 0.0 0.0 0.0 0.0 0.0 0.0 143.0 12.0 1.0 1.0 0.0 0.0 0.08 0.06 0.0 255.0 11.0 0.04 0.07 0.0 0.0 1.0 1.0 0.0 0.0
0.0 0.0 0.0 0.0 0.0 0.0 0.0 0.0 0.0 0.0 0.0 0.0 0.0 0.0 0.0 130.0 17.0 1.0 1.0 0.0 0.0 0.13 0.05 0.0 255.0 2.0 0.01 0.07 0.0 0.0 1.0 1.0 0.0 0.0
0.0 0.0 0.0 0.0 0.0 0.0 0.0 0.0 0.0 0.0 0.0 0.0 0.0 0.0 0.0 102.0 9.0 1.0 1.0 0.0 0.0 0.09 0.06 0.0 255.0 3.0 0.01 0.07 0.0 0.0 1.0 1.0 0.0 0.0
0.0 0.0 0.0 0.0 0.0 0.0 0.0 0.0 0.0 0.0 0.0 0.0 0.0 0.0 0.0 138.0 20.0 1.0 1.0 0.0 0.0 0.14 0.06 0.0 255.0 9.0 0.04 0.07 0.0 0.0 1.0 1.0 0.0 0.0
0.0 0.0 0.0 0.0 0.0 0.0 0.0 0.0 0.0 0.0 0.0 0.0 0.0 0.0 0.0 111.0 11.0 1.0 1.0 0.0 0.0 0.1 0.06 0.0 255.0 18.0 0.07 0.07 0.0 0.0 1.0 1.0 0.0 0.0
0.0 0.0 0.0 0.0 0.0 0.0 0.0 0.0 0.0 0.0 0.0 0.0 0.0 0.0 0.0 135.0 14.0 1.0 1.0 0.0 0.0 0.1 0.06 0.0 255.0 10.0 0.04 0.07 0.0 0.0 1.0 1.0 0.0 0.0
0.0 0.0 0.0 0.0 0.0 0.0 0.0 0.0 0.0 0.0 0.0 0.0 0.0 0.0 0.0 104.0 16.0 1.0 1.0 0.0 0.0 0.15 0.06 0.0 255.0 1.0 0.0 0.08 0.0 0.0 1.0 1.0 0.0 0.0
0.0 0.0 0.0 0.0 0.0 0.0 0.0 0.0 0.0 0.0 0.0 0.0 0.0 0.0 0.0 95.0 7.0 1.0 1.0 0.0 0.0 0.07 0.06 0.0 255.0 10.0 0.04 0.08 0.0 0.0 1.0 1.0 0.0 0.0
0.0 0.0 0.0 0.0 0.0 0.0 0.0 0.0 0.0 0.0 0.0 0.0 0.0 0.0 0.0 109.0 19.0 1.0 1.0 0.0 0.0 0.17 0.06 0.0 255.0 19.0 0.07 0.08 0.0 0.0 1.0 1.0 0.0 0.0
0.0 0.0 0.0 0.0 0.0 0.0 0.0 0.0 0.0 0.0 0.0 0.0 0.0 0.0 0.0 98.0 16.0 1.0 1.0 0.0 0.0 0.16 0.06 0.0 255.0 2.0 0.01 0.08 0.0 0.0 1.0 1.0 0.0 0.0
0.0 0.0 0.0 0.0 0.0 0.0 0.0 0.0 0.0 0.0 0.0 0.0 0.0 0.0 0.0 74.0 12.0 1.0 1.0 0.0 0.0 0.16 0.07 0.0 255.0 11.0 0.04 0.08 0.0 0.0 1.0 1.0 0.0 0.0
0.0 0.0 0.0 0.0 0.0 0.0 0.0 0.0 0.0 0.0 0.0 0.0 0.0 0.0 0.0 83.0 1.0 1.0 1.0 0.0 0.0 0.01 0.07 0.0 255.0 4.0 0.02 0.07 0.0 0.0 1.0 1.0 0.0 0.0
0.0 0.0 0.0 0.0 0.0 0.0 0.0 0.0 0.0 0.0 0.0 0.0 0.0 0.0 0.0 92.0 10.0 1.0 1.0 0.0 0.0 0.11 0.07 0.0 255.0 12.0 0.05 0.07 0.0 0.0 1.0 1.0 0.0 0.0
0.0 0.0 0.0 0.0 0.0 0.0 0.0 0.0 0.0 0.0 0.0 0.0 0.0 0.0 0.0 101.0 17.0 1.0 1.0 0.0 0.0 0.17 0.06 0.0 255.0 2.0 0.01 0.08 0.0 0.0 1.0 1.0 0.0 0.0
0.0 0.0 0.0 0.0 0.0 0.0 0.0 0.0 0.0 0.0 0.0 0.0 0.0 0.0 0.0 65.0 1.0 1.0 1.0 0.0 0.0 0.02 0.08 0.0 255.0 4.0 0.02 0.08 0.0 0.0 1.0 1.0 0.0 0.0
0.0 0.0 0.0 0.0 0.0 0.0 0.0 0.0 0.0 0.0 0.0 0.0 0.0 0.0 0.0 132.0 19.0 1.0 1.0 0.0 0.0 0.14 0.05 0.0 255.0 4.0 0.02 0.08 0.0 0.0 1.0 1.0 0.0 0.0
0.0 0.0 0.0 0.0 0.0 0.0 0.0 0.0 0.0 0.0 0.0 0.0 0.0 0.0 0.0 84.0 20.0 1.0 1.0 0.0 0.0 0.24 0.06 0.0 255.0 19.0 0.07 0.08 0.0 0.0 1.0 1.0 0.0 0.0
0.0 0.0 0.0 0.0 0.0 0.0 0.0 0.0 0.0 0.0 0.0 0.0 0.0 0.0 0.0 97.0 13.0 1.0 1.0 0.0 0.0 0.13 0.06 0.0 255.0 12.0 0.05 0.07 0.0 0.0 1.0 1.0 0.0 0.0
0.0 0.0 0.0 0.0 0.0 0.0 0.0 0.0 0.0 0.0 0.0 0.0 0.0 0.0 0.0 73.0 9.0 1.0 1.0 0.0 0.0 0.12 0.07 0.0 255.0 20.0 0.08 0.07 0.0 0.0 1.0 1.0 0.0 0.0
0.0 0.0 0.0 0.0 0.0 0.0 0.0 0.0 0.0 0.0 0.0 0.0 0.0 0.0 0.0 92.0 14.0 1.0 1.0 0.0 0.0 0.15 0.05 0.0 255.0 14.0 0.05 0.08 0.0 0.0 1.0 1.0 0.0 0.0
0.0 0.0 0.0 0.0 0.0 0.0 0.0 0.0 0.0 0.0 0.0 0.0 0.0 0.0 0.0 101.0 3.0 1.0 1.0 0.0 0.0 0.03 0.06 0.0 255.0 3.0 0.01 0.08 0.0 0.0 1.0 1.0 0.0 0.0
0.0 0.0 0.0 0.0 0.0 0.0 0.0 0.0 0.0 0.0 0.0 0.0 0.0 0.0 0.0 110.0 12.0 1.0 1.0 0.0 0.0 0.11 0.05 0.0 255.0 12.0 0.05 0.08 0.0 0.0 1.0 1.0 0.0 0.0
0.0 0.0 0.0 0.0 0.0 0.0 0.0 0.0 0.0 0.0 0.0 0.0 0.0 0.0 0.0 119.0 1.0 1.0 1.0 0.0 0.0 0.01 0.06 0.0 255.0 3.0 0.01 0.06 0.0 0.0 1.0 1.0 0.0 0.0
0.0 0.0 0.0 0.0 0.0 0.0 0.0 0.0 0.0 0.0 0.0 0.0 0.0 0.0 0.0 128.0 10.0 1.0 1.0 0.0 0.0 0.08 0.05 0.0 255.0 12.0 0.05 0.06 0.0 0.0 1.0 1.0 0.0 0.0
0.0 0.0 0.0 0.0 0.0 0.0 0.0 0.0 0.0 0.0 0.0 0.0 0.0 0.0 0.0 104.0 1.0 1.0 1.0 0.0 0.0 0.01 0.07 0.0 255.0 1.0 0.0 0.07 0.0 0.0 1.0 1.0 0.0 0.0
0.0 0.0 0.0 0.0 0.0 0.0 0.0 0.0 0.0 0.0 0.0 0.0 0.0 0.0 0.0 113.0 10.0 1.0 1.0 0.0 0.0 0.09 0.06 0.0 255.0 10.0 0.04 0.07 0.0 0.0 1.0 1.0 0.0 0.0
0.0 0.0 0.0 0.0 0.0 0.0 0.0 0.0 0.0 0.0 0.0 0.0 0.0 0.0 0.0 122.0 19.0 1.0 1.0 0.0 0.0 0.16 0.06 0.0 255.0 19.0 0.07 0.07 0.0 0.0 1.0 1.0 0.0 0.0
0.0 0.0 0.0 0.0 0.0 0.0 0.0 0.0 0.0 0.0 0.0 0.0 0.0 0.0 0.0 118.0 5.0 1.0 1.0 0.0 0.0 0.04 0.06 0.0 255.0 13.0 0.05 0.07 0.0 0.0 1.0 1.0 0.0 0.0
0.0 0.0 0.0 0.0 0.0 0.0 0.0 0.0 0.0 0.0 0.0 0.0 0.0 0.0 0.0 141.0 18.0 1.0 1.0 0.0 0.0 0.13 0.06 0.0 255.0 17.0 0.07 0.06 0.0 0.0 1.0 1.0 0.0 0.0
0.0 0.0 0.0 0.0 0.0 0.0 0.0 0.0 0.0 0.0 0.0 0.0 0.0 0.0 0.0 150.0 7.0 1.0 1.0 0.0 0.0 0.05 0.06 0.0 255.0 7.0 0.03 0.06 0.0 0.0 1.0 1.0 0.0 0.0
0.0 0.0 0.0 0.0 0.0 0.0 0.0 0.0 0.0 0.0 0.0 0.0 0.0 0.0 0.0 132.0 16.0 1.0 1.0 0.0 0.0 0.12 0.06 0.0 255.0 15.0 0.06 0.06 0.0 0.0 1.0 1.0 0.0 0.0
0.0 0.0 0.0 0.0 0.0 0.0 0.0 0.0 0.0 0.0 0.0 0.0 0.0 0.0 0.0 149.0 20.0 1.0 1.0 0.0 0.0 0.13 0.05 0.0 255.0 5.0 0.02 0.07 0.0 0.0 1.0 1.0 0.0 0.0
0.0 0.0 0.0 0.0 0.0 0.0 0.0 0.0 0.0 0.0 0.0 0.0 0.0 0.0 0.0 110.0 10.0 1.0 1.0 0.0 0.0 0.09 0.06 0.0 255.0 14.0 0.05 0.06 0.0 0.0 1.0 1.0 0.0 0.0
0.0 0.0 0.0 0.0 0.0 0.0 0.0 0.0 0.0 0.0 0.0 0.0 0.0 0.0 0.0 120.0 3.0 1.0 1.0 0.0 0.0 0.03 0.07 0.0 255.0 4.0 0.02 0.07 0.0 0.0 1.0 1.0 0.0 0.0
0.0 0.0 0.0 0.0 0.0 0.0 0.0 0.0 0.0 0.0 0.0 0.0 0.0 0.0 0.0 144.0 12.0 1.0 1.0 0.0 0.0 0.08 0.06 0.0 255.0 13.0 0.05 0.06 0.0 0.0 1.0 1.0 0.0 0.0
0.0 0.0 0.0 0.0 0.0 0.0 0.0 0.0 0.0 0.0 0.0 0.0 0.0 0.0 0.0 148.0 19.0 1.0 1.0 0.0 0.0 0.13 0.06 0.0 255.0 19.0 0.07 0.06 0.0 0.0 1.0 1.0 0.0 0.0
0.0 0.0 0.0 0.0 0.0 0.0 0.0 0.0 0.0 0.0 0.0 0.0 0.0 0.0 0.0 107.0 8.0 1.0 1.0 0.0 0.0 0.07 0.07 0.0 255.0 8.0 0.03 0.07 0.0 0.0 1.0 1.0 0.0 0.0
0.0 0.0 0.0 0.0 0.0 0.0 0.0 0.0 0.0 0.0 0.0 0.0 0.0 0.0 0.0 116.0 17.0 1.0 1.0 0.0 0.0 0.15 0.06 0.0 255.0 17.0 0.07 0.06 0.0 0.0 1.0 1.0 0.0 0.0
0.0 0.0 0.0 0.0 0.0 0.0 0.0 0.0 0.0 0.0 0.0 0.0 0.0 0.0 0.0 97.0 4.0 1.0 1.0 0.0 0.0 0.04 0.06 0.0 255.0 6.0 0.02 0.06 0.0 0.0 1.0 1.0 0.0 0.0
0.0 0.0 0.0 0.0 0.0 0.0 0.0 0.0 0.0 0.0 0.0 0.0 0.0 0.0 0.0 135.0 16.0 1.0 1.0 0.0 0.0 0.12 0.06 0.0 255.0 16.0 0.06 0.06 0.0 0.0 1.0 1.0 0.0 0.0
0.0 0.0 0.0 0.0 0.0 0.0 0.0 0.0 0.0 0.0 0.0 0.0 0.0 0.0 0.0 100.0 7.0 1.0 1.0 0.0 0.0 0.07 0.06 0.0 255.0 7.0 0.03 0.06 0.0 0.0 1.0 1.0 0.0 0.0
0.0 0.0 0.0 0.0 0.0 0.0 0.0 0.0 0.0 0.0 0.0 0.0 0.0 0.0 0.0 109.0 16.0 1.0 1.0 0.0 0.0 0.15 0.06 0.0 255.0 16.0 0.06 0.06 0.0 0.0 1.0 1.0 0.0 0.0
0.0 0.0 0.0 0.0 0.0 0.0 0.0 0.0 0.0 0.0 0.0 0.0 0.0 0.0 0.0 118.0 5.0 1.0 1.0 0.0 0.0 0.04 0.06 0.0 255.0 5.0 0.02 0.06 0.0 0.0 1.0 1.0 0.0 0.0
0.0 0.0 0.0 0.0 0.0 0.0 0.0 0.0 0.0 0.0 0.0 0.0 0.0 0.0 0.0 127.0 14.0 1.0 1.0 0.0 0.0 0.11 0.06 0.0 255.0 14.0 0.05 0.06 0.0 0.0 1.0 1.0 0.0 0.0
0.0 0.0 0.0 0.0 0.0 0.0 0.0 0.0 0.0 0.0 0.0 0.0 0.0 0.0 0.0 136.0 3.0 1.0 1.0 0.0 0.0 0.02 0.06 0.0 255.0 3.0 0.01 0.06 0.0 0.0 1.0 1.0 0.0 0.0
0.0 0.0 0.0 0.0 0.0 0.0 0.0 0.0 0.0 0.0 0.0 0.0 0.0 0.0 0.0 145.0 12.0 1.0 1.0 0.0 0.0 0.08 0.06 0.0 255.0 12.0 0.05 0.06 0.0 0.0 1.0 1.0 0.0 0.0
0.0 0.0 0.0 0.0 0.0 0.0 0.0 0.0 0.0 0.0 0.0 0.0 0.0 0.0 0.0 104.0 20.0 1.0 1.0 0.0 0.0 0.19 0.06 0.0 255.0 20.0 0.08 0.06 0.0 0.0 1.0 1.0 0.0 0.0
0.0 0.0 0.0 0.0 0.0 0.0 0.0 0.0 0.0 0.0 0.0 0.0 0.0 0.0 0.0 113.0 9.0 1.0 1.0 0.0 0.0 0.08 0.06 0.0 255.0 9.0 0.04 0.06 0.0 0.0 1.0 1.0 0.0 0.0
0.0 0.0 0.0 0.0 0.0 0.0 0.0 0.0 0.0 0.0 0.0 0.0 0.0 0.0 0.0 122.0 18.0 1.0 1.0 0.0 0.0 0.15 0.06 0.0 255.0 18.0 0.07 0.06 0.0 0.0 1.0 1.0 0.0 0.0
0.0 0.0 0.0 0.0 0.0 0.0 0.0 0.0 0.0 0.0 0.0 0.0 0.0 0.0 0.0 110.0 17.0 1.0 1.0 0.0 0.0 0.15 0.05 0.0 255.0 15.0 0.06 0.06 0.0 0.0 1.0 1.0 0.0 0.0
0.0 0.0 0.0 0.0 0.0 0.0 0.0 0.0 0.0 0.0 0.0 0.0 0.0 0.0 0.0 141.0 17.0 1.0 1.0 0.0 0.0 0.12 0.06 0.0 255.0 17.0 0.07 0.06 0.0 0.0 1.0 1.0 0.0 0.0
0.0 0.0 0.0 0.0 0.0 0.0 0.0 0.0 0.0 0.0 0.0 0.0 0.0 0.0 0.0 101.0 7.0 1.0 1.0 0.0 0.0 0.07 0.06 0.0 255.0 7.0 0.03 0.06 0.0 0.0 1.0 1.0 0.0 0.0
0.0 0.0 0.0 0.0 0.0 0.0 0.0 0.0 0.0 0.0 0.0 0.0 0.0 0.0 0.0 110.0 16.0 1.0 1.0 0.0 0.0 0.15 0.05 0.0 255.0 16.0 0.06 0.07 0.0 0.0 1.0 1.0 0.0 0.0
0.0 0.0 0.0 0.0 0.0 0.0 0.0 0.0 0.0 0.0 0.0 0.0 0.0 0.0 0.0 119.0 5.0 1.0 1.0 0.0 0.0 0.04 0.06 0.0 255.0 5.0 0.02 0.07 0.0 0.0 1.0 1.0 0.0 0.0
0.0 0.0 0.0 0.0 0.0 0.0 0.0 0.0 0.0 0.0 0.0 0.0 0.0 0.0 0.0 128.0 14.0 1.0 1.0 0.0 0.0 0.11 0.05 0.0 255.0 14.0 0.05 0.07 0.0 0.0 1.0 1.0 0.0 0.0
0.0 0.0 0.0 0.0 0.0 0.0 0.0 0.0 0.0 0.0 0.0 0.0 0.0 0.0 0.0 137.0 3.0 1.0 1.0 0.0 0.0 0.02 0.06 0.0 255.0 3.0 0.01 0.07 0.0 0.0 1.0 1.0 0.0 0.0
0.0 0.0 0.0 0.0 0.0 0.0 0.0 0.0 0.0 0.0 0.0 0.0 0.0 0.0 0.0 146.0 12.0 1.0 1.0 0.0 0.0 0.08 0.05 0.0 255.0 12.0 0.05 0.07 0.0 0.0 1.0 1.0 0.0 0.0
0.0 0.0 0.0 0.0 0.0 0.0 0.0 0.0 0.0 0.0 0.0 0.0 0.0 0.0 0.0 133.0 2.0 1.0 1.0 0.0 0.0 0.02 0.07 0.0 255.0 3.0 0.01 0.08 0.0 0.0 1.0 1.0 0.0 0.0
0.0 0.0 0.0 0.0 0.0 0.0 0.0 0.0 0.0 0.0 0.0 0.0 0.0 0.0 0.0 126.0 20.0 1.0 1.0 0.0 0.0 0.16 0.07 0.0 255.0 20.0 0.08 0.08 0.0 0.0 1.0 1.0 0.0 0.0
0.0 0.0 0.0 0.0 0.0 0.0 0.0 0.0 0.0 0.0 0.0 0.0 0.0 0.0 0.0 136.0 11.0 1.0 1.0 0.0 0.0 0.08 0.07 0.0 255.0 13.0 0.05 0.07 0.0 0.0 1.0 1.0 0.0 0.0
0.0 0.0 0.0 0.0 0.0 0.0 0.0 0.0 0.0 0.0 0.0 0.0 0.0 0.0 0.0 101.0 1.0 1.0 1.0 0.0 0.0 0.01 0.07 0.0 255.0 2.0 0.01 0.07 0.0 0.0 1.0 1.0 0.0 0.0
0.0 0.0 0.0 0.0 0.0 0.0 0.0 0.0 0.0 0.0 0.0 0.0 0.0 0.0 0.0 111.0 10.0 1.0 1.0 0.0 0.0 0.09 0.07 0.0 255.0 11.0 0.04 0.07 0.0 0.0 1.0 1.0 0.0 0.0
0.0 0.0 0.0 0.0 0.0 0.0 0.0 0.0 0.0 0.0 0.0 0.0 0.0 0.0 0.0 143.0 20.0 1.0 1.0 0.0 0.0 0.14 0.06 0.0 255.0 4.0 0.02 0.07 0.0 0.0 1.0 1.0 0.0 0.0
0.0 0.0 0.0 0.0 0.0 0.0 0.0 0.0 0.0 0.0 0.0 0.0 0.0 0.0 0.0 150.0 20.0 1.0 1.0 0.0 0.0 0.13 0.05 0.0 255.0 15.0 0.06 0.07 0.0 0.0 1.0 1.0 0.0 0.0
0.0 0.0 0.0 0.0 0.0 0.0 0.0 0.0 0.0 0.0 0.0 0.0 0.0 0.0 0.0 109.0 5.0 1.0 1.0 0.0 0.0 0.05 0.06 0.0 255.0 5.0 0.02 0.07 0.0 0.0 1.0 1.0 0.0 0.0
0.0 0.0 0.0 0.0 0.0 0.0 0.0 0.0 0.0 0.0 0.0 0.0 0.0 0.0 0.0 118.0 14.0 1.0 1.0 0.0 0.0 0.12 0.06 0.0 255.0 14.0 0.05 0.07 0.0 0.0 1.0 1.0 0.0 0.0
0.0 0.0 0.0 0.0 0.0 0.0 0.0 0.0 0.0 0.0 0.0 0.0 0.0 0.0 0.0 127.0 3.0 1.0 1.0 0.0 0.0 0.02 0.06 0.0 255.0 4.0 0.02 0.07 0.0 0.0 1.0 1.0 0.0 0.0
0.0 0.0 0.0 0.0 0.0 0.0 0.0 0.0 0.0 0.0 0.0 0.0 0.0 0.0 0.0 136.0 12.0 1.0 1.0 0.0 0.0 0.09 0.06 0.0 255.0 13.0 0.05 0.07 0.0 0.0 1.0 1.0 0.0 0.0
0.0 0.0 0.0 0.0 0.0 0.0 0.0 0.0 0.0 0.0 0.0 0.0 0.0 0.0 0.0 148.0 4.0 1.0 1.0 0.0 0.0 0.03 0.06 0.0 255.0 3.0 0.01 0.07 0.0 0.0 1.0 1.0 0.0 0.0
0.0 0.0 0.0 0.0 0.0 0.0 0.0 0.0 0.0 0.0 0.0 0.0 0.0 0.0 0.0 116.0 12.0 1.0 1.0 0.0 0.0 0.1 0.06 0.0 255.0 8.0 0.03 0.07 0.0 0.0 1.0 1.0 0.0 0.0
0.0 0.0 0.0 0.0 0.0 0.0 0.0 0.0 0.0 0.0 0.0 0.0 0.0 0.0 0.0 125.0 1.0 1.0 1.0 0.0 0.0 0.01 0.06 0.0 255.0 1.0 0.0 0.07 0.0 0.0 1.0 1.0 0.0 0.0
0.0 0.0 0.0 0.0 0.0 0.0 0.0 0.0 0.0 0.0 0.0 0.0 0.0 0.0 0.0 132.0 8.0 1.0 1.0 0.0 0.0 0.06 0.06 0.0 255.0 8.0 0.03 0.07 0.0 0.0 1.0 1.0 0.0 0.0
0.0 0.0 0.0 0.0 0.0 0.0 0.0 0.0 0.0 0.0 0.0 0.0 0.0 0.0 0.0 141.0 17.0 1.0 1.0 0.0 0.0 0.12 0.06 0.0 255.0 17.0 0.07 0.07 0.0 0.0 1.0 1.0 0.0 0.0
0.0 0.0 0.0 0.0 0.0 0.0 0.0 0.0 0.0 0.0 0.0 0.0 0.0 0.0 0.0 116.0 12.0 1.0 1.0 0.0 0.0 0.1 0.07 0.0 255.0 3.0 0.01 0.07 0.0 0.0 1.0 1.0 0.0 0.0
0.0 0.0 0.0 0.0 0.0 0.0 0.0 0.0 0.0 0.0 0.0 0.0 0.0 0.0 0.0 108.0 14.0 1.0 1.0 0.0 0.0 0.13 0.06 0.0 255.0 14.0 0.05 0.07 0.0 0.0 1.0 1.0 0.0 0.0
0.0 0.0 0.0 0.0 0.0 0.0 0.0 0.0 0.0 0.0 0.0 0.0 0.0 0.0 0.0 117.0 3.0 1.0 1.0 0.0 0.0 0.03 0.06 0.0 255.0 3.0 0.01 0.07 0.0 0.0 1.0 1.0 0.0 0.0
0.0 0.0 0.0 0.0 0.0 0.0 0.0 0.0 0.0 0.0 0.0 0.0 0.0 0.0 0.0 126.0 12.0 1.0 1.0 0.0 0.0 0.1 0.06 0.0 255.0 12.0 0.05 0.06 0.0 0.0 1.0 1.0 0.0 0.0
0.0 0.0 0.0 0.0 0.0 0.0 0.0 0.0 0.0 0.0 0.0 0.0 0.0 0.0 0.0 135.0 1.0 1.0 1.0 0.0 0.0 0.01 0.06 0.0 255.0 3.0 0.01 0.06 0.0 0.0 1.0 1.0 0.0 0.0
0.0 0.0 0.0 0.0 0.0 0.0 0.0 0.0 0.0 0.0 0.0 0.0 0.0 0.0 0.0 149.0 15.0 1.0 1.0 0.0 0.0 0.1 0.05 0.0 255.0 12.0 0.05 0.06 0.0 0.0 1.0 1.0 0.0 0.0
0.0 0.0 0.0 0.0 0.0 0.0 0.0 0.0 0.0 0.0 0.0 0.0 0.0 0.0 0.0 104.0 20.0 1.0 1.0 0.0 0.0 0.19 0.06 0.0 255.0 20.0 0.08 0.06 0.0 0.0 1.0 1.0 0.0 0.0
0.0 0.0 0.0 0.0 0.0 0.0 0.0 0.0 0.0 0.0 0.0 0.0 0.0 0.0 0.0 114.0 10.0 1.0 1.0 0.0 0.0 0.09 0.06 0.0 255.0 9.0 0.04 0.07 0.0 0.0 1.0 1.0 0.0 0.0
0.0 0.0 0.0 0.0 0.0 0.0 0.0 0.0 0.0 0.0 0.0 0.0 0.0 0.0 0.0 123.0 19.0 1.0 1.0 0.0 0.0 0.15 0.06 0.0 255.0 17.0 0.07 0.06 0.0 0.0 1.0 1.0 0.0 0.0
0.0 0.0 0.0 0.0 0.0 0.0 0.0 0.0 0.0 0.0 0.0 0.0 0.0 0.0 0.0 133.0 9.0 1.0 1.0 0.0 0.0 0.07 0.06 0.0 255.0 10.0 0.04 0.06 0.0 0.0 1.0 1.0 0.0 0.0
0.0 0.0 0.0 0.0 0.0 0.0 0.0 0.0 0.0 0.0 0.0 0.0 0.0 0.0 0.0 144.0 20.0 1.0 1.0 0.0 0.0 0.14 0.06 0.0 255.0 19.0 0.07 0.06 0.0 0.0 1.0 1.0 0.0 0.0
0.0 0.0 0.0 0.0 0.0 0.0 0.0 0.0 0.0 0.0 0.0 0.0 0.0 0.0 0.0 142.0 19.0 1.0 1.0 0.0 0.0 0.13 0.06 0.0 255.0 5.0 0.02 0.07 0.0 0.0 1.0 1.0 0.0 0.0
0.0 0.0 0.0 0.0 0.0 0.0 0.0 0.0 0.0 0.0 0.0 0.0 0.0 0.0 0.0 122.0 15.0 1.0 1.0 0.0 0.0 0.12 0.07 0.0 255.0 14.0 0.05 0.07 0.0 0.0 1.0 1.0 0.0 0.0
0.0 0.0 0.0 0.0 0.0 0.0 0.0 0.0 0.0 0.0 0.0 0.0 0.0 0.0 0.0 132.0 10.0 1.0 1.0 0.0 0.0 0.08 0.06 0.0 255.0 5.0 0.02 0.07 0.0 0.0 1.0 1.0 0.0 0.0
0.0 0.0 0.0 0.0 0.0 0.0 0.0 0.0 0.0 0.0 0.0 0.0 0.0 0.0 0.0 141.0 19.0 1.0 1.0 0.0 0.0 0.13 0.06 0.0 255.0 13.0 0.05 0.07 0.0 0.0 1.0 1.0 0.0 0.0
0.0 0.0 0.0 0.0 0.0 0.0 0.0 0.0 0.0 0.0 0.0 0.0 0.0 0.0 0.0 105.0 2.0 1.0 1.0 0.0 0.0 0.02 0.08 0.0 255.0 4.0 0.02 0.06 0.0 0.0 1.0 1.0 0.0 0.0
0.0 0.0 0.0 0.0 0.0 0.0 0.0 0.0 0.0 0.0 0.0 0.0 0.0 0.0 0.0 120.0 10.0 1.0 1.0 0.0 0.0 0.08 0.07 0.0 255.0 10.0 0.04 0.07 0.0 0.0 1.0 1.0 0.0 0.0
0.0 0.0 0.0 0.0 0.0 0.0 0.0 0.0 0.0 0.0 0.0 0.0 0.0 0.0 0.0 129.0 19.0 1.0 1.0 0.0 0.0 0.15 0.06 0.0 255.0 19.0 0.07 0.07 0.0 0.0 1.0 1.0 0.0 0.0
0.0 0.0 0.0 0.0 0.0 0.0 0.0 0.0 0.0 0.0 0.0 0.0 0.0 0.0 0.0 138.0 16.0 1.0 1.0 0.0 0.0 0.12 0.06 0.0 255.0 9.0 0.04 0.07 0.0 0.0 1.0 1.0 0.0 0.0
0.0 0.0 0.0 0.0 0.0 0.0 0.0 0.0 0.0 0.0 0.0 0.0 0.0 0.0 0.0 96.0 4.0 1.0 1.0 0.0 0.0 0.04 0.07 0.0 255.0 16.0 0.06 0.07 0.0 0.0 1.0 1.0 0.0 0.0
0.0 0.0 0.0 0.0 0.0 0.0 0.0 0.0 0.0 0.0 0.0 0.0 0.0 0.0 0.0 107.0 7.0 1.0 1.0 0.0 0.0 0.07 0.07 0.0 255.0 8.0 0.03 0.06 0.0 0.0 1.0 1.0 0.0 0.0
0.0 0.0 0.0 0.0 0.0 0.0 0.0 0.0 0.0 0.0 0.0 0.0 0.0 0.0 0.0 114.0 14.0 1.0 1.0 0.0 0.0 0.12 0.07 0.0 255.0 17.0 0.07 0.06 0.0 0.0 1.0 1.0 0.0 0.0
0.0 0.0 0.0 0.0 0.0 0.0 0.0 0.0 0.0 0.0 0.0 0.0 0.0 0.0 0.0 142.0 7.0 1.0 1.0 0.0 0.0 0.05 0.06 0.0 255.0 7.0 0.03 0.07 0.0 0.0 1.0 1.0 0.0 0.0
0.0 0.0 0.0 0.0 0.0 0.0 0.0 0.0 0.0 0.0 0.0 0.0 0.0 0.0 0.0 98.0 5.0 1.0 1.0 0.0 0.0 0.05 0.07 0.0 255.0 11.0 0.04 0.07 0.0 0.0 1.0 1.0 0.0 0.0
0.0 0.0 0.0 0.0 0.0 0.0 0.0 0.0 0.0 0.0 0.0 0.0 0.0 0.0 0.0 113.0 18.0 1.0 1.0 0.0 0.0 0.16 0.05 0.0 255.0 18.0 0.07 0.07 0.0 0.0 1.0 1.0 0.0 0.0
0.0 0.0 0.0 0.0 0.0 0.0 0.0 0.0 0.0 0.0 0.0 0.0 0.0 0.0 0.0 121.0 6.0 1.0 1.0 0.0 0.0 0.05 0.06 0.0 255.0 6.0 0.02 0.07 0.0 0.0 1.0 1.0 0.0 0.0
0.0 0.0 0.0 0.0 0.0 0.0 0.0 0.0 0.0 0.0 0.0 0.0 0.0 0.0 0.0 130.0 15.0 1.0 1.0 0.0 0.0 0.12 0.05 0.0 255.0 15.0 0.06 0.06 0.0 0.0 1.0 1.0 0.0 0.0
0.0 0.0 0.0 0.0 0.0 0.0 0.0 0.0 0.0 0.0 0.0 0.0 0.0 0.0 0.0 146.0 14.0 1.0 1.0 0.0 0.0 0.1 0.05 0.0 255.0 3.0 0.01 0.07 0.0 0.0 1.0 1.0 0.0 0.0
0.0 0.0 0.0 0.0 0.0 0.0 0.0 0.0 0.0 0.0 0.0 0.0 0.0 0.0 0.0 137.0 5.0 1.0 1.0 0.0 0.0 0.04 0.06 0.0 255.0 12.0 0.05 0.06 0.0 0.0 1.0 1.0 0.0 0.0
0.0 0.0 0.0 0.0 0.0 0.0 0.0 0.0 0.0 0.0 0.0 0.0 0.0 0.0 0.0 128.0 16.0 1.0 1.0 0.0 0.0 0.12 0.05 0.0 255.0 5.0 0.02 0.07 0.0 0.0 1.0 1.0 0.0 0.0
0.0 0.0 0.0 0.0 0.0 0.0 0.0 0.0 0.0 0.0 0.0 0.0 0.0 0.0 0.0 117.0 5.0 1.0 1.0 0.0 0.0 0.04 0.06 0.0 255.0 13.0 0.05 0.06 0.0 0.0 1.0 1.0 0.0 0.0
0.0 0.0 0.0 0.0 0.0 0.0 0.0 0.0 0.0 0.0 0.0 0.0 0.0 0.0 0.0 108.0 16.0 1.0 1.0 0.0 0.0 0.15 0.06 0.0 255.0 14.0 0.05 0.06 0.0 0.0 1.0 1.0 0.0 0.0
0.0 0.0 0.0 0.0 0.0 0.0 0.0 0.0 0.0 0.0 0.0 0.0 0.0 0.0 0.0 122.0 10.0 1.0 1.0 0.0 0.0 0.08 0.06 0.0 255.0 19.0 0.07 0.06 0.0 0.0 1.0 1.0 0.0 0.0
0.0 0.0 0.0 0.0 0.0 0.0 0.0 0.0 0.0 0.0 0.0 0.0 0.0 0.0 0.0 107.0 5.0 1.0 1.0 0.0 0.0 0.05 0.07 0.0 255.0 5.0 0.02 0.07 0.0 0.0 1.0 1.0 0.0 0.0
0.0 0.0 0.0 0.0 0.0 0.0 0.0 0.0 0.0 0.0 0.0 0.0 0.0 0.0 0.0 120.0 10.0 1.0 1.0 0.0 0.0 0.08 0.06 0.0 255.0 3.0 0.01 0.07 0.0 0.0 1.0 1.0 0.0 0.0
0.0 0.0 0.0 0.0 0.0 0.0 0.0 0.0 0.0 0.0 0.0 0.0 0.0 0.0 0.0 126.0 4.0 1.0 1.0 0.0 0.0 0.03 0.06 0.0 255.0 4.0 0.02 0.07 0.0 0.0 1.0 1.0 0.0 0.0
0.0 0.0 0.0 0.0 0.0 0.0 0.0 0.0 0.0 0.0 0.0 0.0 0.0 0.0 0.0 136.0 14.0 1.0 1.0 0.0 0.0 0.1 0.06 0.0 255.0 13.0 0.05 0.07 0.0 0.0 1.0 1.0 0.0 0.0
0.0 0.0 0.0 0.0 0.0 0.0 0.0 0.0 0.0 0.0 0.0 0.0 0.0 0.0 0.0 145.0 3.0 1.0 1.0 0.0 0.0 0.02 0.06 0.0 255.0 4.0 0.02 0.06 0.0 0.0 1.0 1.0 0.0 0.0
0.0 0.0 0.0 0.0 0.0 0.0 0.0 0.0 0.0 0.0 0.0 0.0 0.0 0.0 0.0 111.0 12.0 1.0 1.0 0.0 0.0 0.11 0.06 0.0 255.0 9.0 0.04 0.07 0.0 0.0 1.0 1.0 0.0 0.0
0.0 0.0 0.0 0.0 0.0 0.0 0.0 0.0 0.0 0.0 0.0 0.0 0.0 0.0 0.0 116.0 17.0 1.0 1.0 0.0 0.0 0.15 0.06 0.0 255.0 17.0 0.07 0.07 0.0 0.0 1.0 1.0 0.0 0.0
0.0 0.0 0.0 0.0 0.0 0.0 0.0 0.0 0.0 0.0 0.0 0.0 0.0 0.0 0.0 125.0 6.0 1.0 1.0 0.0 0.0 0.05 0.06 0.0 255.0 10.0 0.04 0.07 0.0 0.0 1.0 1.0 0.0 0.0
0.0 0.0 0.0 0.0 0.0 0.0 0.0 0.0 0.0 0.0 0.0 0.0 0.0 0.0 0.0 138.0 19.0 1.0 1.0 0.0 0.0 0.14 0.06 0.0 255.0 19.0 0.07 0.06 0.0 0.0 1.0 1.0 0.0 0.0
0.0 0.0 0.0 0.0 0.0 0.0 0.0 0.0 0.0 0.0 0.0 0.0 0.0 0.0 0.0 147.0 15.0 1.0 1.0 0.0 0.0 0.1 0.05 0.0 255.0 8.0 0.03 0.06 0.0 0.0 1.0 1.0 0.0 0.0
0.0 0.0 0.0 0.0 0.0 0.0 0.0 0.0 0.0 0.0 0.0 0.0 0.0 0.0 0.0 105.0 5.0 1.0 1.0 0.0 0.0 0.05 0.07 0.0 255.0 17.0 0.07 0.06 0.0 0.0 1.0 1.0 0.0 0.0
0.0 0.0 0.0 0.0 0.0 0.0 0.0 0.0 0.0 0.0 0.0 0.0 0.0 0.0 0.0 116.0 4.0 1.0 1.0 0.0 0.0 0.03 0.07 0.0 255.0 5.0 0.02 0.07 0.0 0.0 1.0 1.0 0.0 0.0
0.0 0.0 0.0 0.0 0.0 0.0 0.0 0.0 0.0 0.0 0.0 0.0 0.0 0.0 0.0 149.0 20.0 1.0 1.0 0.0 0.0 0.13 0.05 0.0 255.0 2.0 0.01 0.07 0.0 0.0 1.0 1.0 0.0 0.0
0.0 0.0 0.0 0.0 0.0 0.0 0.0 0.0 0.0 0.0 0.0 0.0 0.0 0.0 0.0 121.0 19.0 1.0 1.0 0.0 0.0 0.16 0.07 0.0 255.0 20.0 0.08 0.07 0.0 0.0 1.0 1.0 0.0 0.0
0.0 0.0 0.0 0.0 0.0 0.0 0.0 0.0 0.0 0.0 0.0 0.0 0.0 0.0 0.0 137.0 15.0 1.0 1.0 0.0 0.0 0.11 0.07 0.0 255.0 6.0 0.02 0.07 0.0 0.0 1.0 1.0 0.0 0.0
0.0 0.0 0.0 0.0 0.0 0.0 0.0 0.0 0.0 0.0 0.0 0.0 0.0 0.0 0.0 128.0 6.0 1.0 1.0 0.0 0.0 0.05 0.07 0.0 255.0 15.0 0.06 0.07 0.0 0.0 1.0 1.0 0.0 0.0
0.0 0.0 0.0 0.0 0.0 0.0 0.0 0.0 0.0 0.0 0.0 0.0 0.0 0.0 0.0 145.0 13.0 1.0 1.0 0.0 0.0 0.09 0.06 0.0 255.0 3.0 0.01 0.08 0.0 0.0 1.0 1.0 0.0 0.0
0.0 0.0 0.0 0.0 0.0 0.0 0.0 0.0 0.0 0.0 0.0 0.0 0.0 0.0 0.0 136.0 4.0 1.0 1.0 0.0 0.0 0.03 0.06 0.0 255.0 12.0 0.05 0.07 0.0 0.0 1.0 1.0 0.0 0.0
0.0 0.0 0.0 0.0 0.0 0.0 0.0 0.0 0.0 0.0 0.0 0.0 0.0 0.0 0.0 127.0 15.0 1.0 1.0 0.0 0.0 0.12 0.06 0.0 255.0 7.0 0.03 0.07 0.0 0.0 1.0 1.0 0.0 0.0
0.0 0.0 0.0 0.0 0.0 0.0 0.0 0.0 0.0 0.0 0.0 0.0 0.0 0.0 0.0 118.0 6.0 1.0 1.0 0.0 0.0 0.05 0.06 0.0 255.0 15.0 0.06 0.07 0.0 0.0 1.0 1.0 0.0 0.0
0.0 0.0 0.0 0.0 0.0 0.0 0.0 0.0 0.0 0.0 0.0 0.0 0.0 0.0 0.0 109.0 17.0 1.0 1.0 0.0 0.0 0.16 0.06 0.0 255.0 13.0 0.05 0.07 0.0 0.0 1.0 1.0 0.0 0.0
0.0 0.0 0.0 0.0 0.0 0.0 0.0 0.0 0.0 0.0 0.0 0.0 0.0 0.0 0.0 148.0 16.0 1.0 1.0 0.0 0.0 0.11 0.05 0.0 255.0 17.0 0.07 0.07 0.0 0.0 1.0 1.0 0.0 0.0
0.0 0.0 0.0 0.0 0.0 0.0 0.0 0.0 0.0 0.0 0.0 0.0 0.0 0.0 0.0 142.0 20.0 1.0 1.0 0.0 0.0 0.14 0.06 0.0 255.0 1.0 0.0 0.07 0.0 0.0 1.0 1.0 0.0 0.0
0.0 0.0 0.0 0.0 0.0 0.0 0.0 0.0 0.0 0.0 0.0 0.0 0.0 0.0 0.0 109.0 10.0 1.0 1.0 0.0 0.0 0.09 0.06 0.0 255.0 4.0 0.02 0.07 0.0 0.0 1.0 1.0 0.0 0.0
0.0 0.0 0.0 0.0 0.0 0.0 0.0 0.0 0.0 0.0 0.0 0.0 0.0 0.0 0.0 123.0 1.0 1.0 1.0 0.0 0.0 0.01 0.07 0.0 255.0 19.0 0.07 0.07 0.0 0.0 1.0 1.0 0.0 0.0
0.0 0.0 0.0 0.0 0.0 0.0 0.0 0.0 0.0 0.0 0.0 0.0 0.0 0.0 0.0 114.0 12.0 1.0 1.0 0.0 0.0 0.11 0.06 0.0 255.0 9.0 0.04 0.06 0.0 0.0 1.0 1.0 0.0 0.0
0.0 0.0 0.0 0.0 0.0 0.0 0.0 0.0 0.0 0.0 0.0 0.0 0.0 0.0 0.0 105.0 3.0 1.0 1.0 0.0 0.0 0.03 0.07 0.0 255.0 17.0 0.07 0.06 0.0 0.0 1.0 1.0 0.0 0.0
0.0 0.0 0.0 0.0 0.0 0.0 0.0 0.0 0.0 0.0 0.0 0.0 0.0 0.0 0.0 144.0 12.0 1.0 1.0 0.0 0.0 0.08 0.06 0.0 255.0 3.0 0.01 0.07 0.0 0.0 1.0 1.0 0.0 0.0
0.0 0.0 0.0 0.0 0.0 0.0 0.0 0.0 0.0 0.0 0.0 0.0 0.0 0.0 0.0 136.0 4.0 1.0 1.0 0.0 0.0 0.03 0.06 0.0 255.0 12.0 0.05 0.07 0.0 0.0 1.0 1.0 0.0 0.0
0.0 0.0 0.0 0.0 0.0 0.0 0.0 0.0 0.0 0.0 0.0 0.0 0.0 0.0 0.0 127.0 15.0 1.0 1.0 0.0 0.0 0.12 0.06 0.0 255.0 7.0 0.03 0.07 0.0 0.0 1.0 1.0 0.0 0.0
0.0 0.0 0.0 0.0 0.0 0.0 0.0 0.0 0.0 0.0 0.0 0.0 0.0 0.0 0.0 117.0 5.0 1.0 1.0 0.0 0.0 0.04 0.06 0.0 255.0 16.0 0.06 0.06 0.0 0.0 1.0 1.0 0.0 0.0
0.0 0.0 0.0 0.0 0.0 0.0 0.0 0.0 0.0 0.0 0.0 0.0 0.0 0.0 0.0 108.0 16.0 1.0 1.0 0.0 0.0 0.15 0.06 0.0 255.0 13.0 0.05 0.06 0.0 0.0 1.0 1.0 0.0 0.0
0.0 0.0 0.0 0.0 0.0 0.0 0.0 0.0 0.0 0.0 0.0 0.0 0.0 0.0 0.0 150.0 18.0 1.0 1.0 0.0 0.0 0.12 0.05 0.0 255.0 17.0 0.07 0.06 0.0 0.0 1.0 1.0 0.0 0.0
0.0 0.0 0.0 0.0 0.0 0.0 0.0 0.0 0.0 0.0 0.0 0.0 0.0 0.0 0.0 146.0 4.0 1.0 1.0 0.0 0.0 0.03 0.06 0.0 255.0 4.0 0.02 0.07 0.0 0.0 1.0 1.0 0.0 0.0
0.0 0.0 0.0 0.0 0.0 0.0 0.0 0.0 0.0 0.0 0.0 0.0 0.0 0.0 0.0 145.0 16.0 1.0 1.0 0.0 0.0 0.11 0.06 0.0 255.0 14.0 0.05 0.07 0.0 0.0 1.0 1.0 0.0 0.0
0.0 0.0 0.0 0.0 0.0 0.0 0.0 0.0 0.0 0.0 0.0 0.0 0.0 0.0 0.0 126.0 2.0 1.0 1.0 0.0 0.0 0.02 0.07 0.0 255.0 19.0 0.07 0.07 0.0 0.0 1.0 1.0 0.0 0.0
0.0 0.0 0.0 0.0 0.0 0.0 0.0 0.0 0.0 0.0 0.0 0.0 0.0 0.0 0.0 117.0 13.0 1.0 1.0 0.0 0.0 0.11 0.07 0.0 255.0 10.0 0.04 0.06 0.0 0.0 1.0 1.0 0.0 0.0
0.0 0.0 0.0 0.0 0.0 0.0 0.0 0.0 0.0 0.0 0.0 0.0 0.0 0.0 0.0 109.0 5.0 1.0 1.0 0.0 0.0 0.05 0.07 0.0 255.0 18.0 0.07 0.06 0.0 0.0 1.0 1.0 0.0 0.0
0.0 0.0 0.0 0.0 0.0 0.0 0.0 0.0 0.0 0.0 0.0 0.0 0.0 0.0 0.0 115.0 14.0 1.0 1.0 0.0 0.0 0.12 0.06 0.0 255.0 1.0 0.0 0.07 0.0 0.0 1.0 1.0 0.0 0.0
0.0 0.0 0.0 0.0 0.0 0.0 0.0 0.0 0.0 0.0 0.0 0.0 0.0 0.0 0.0 105.0 5.0 1.0 1.0 0.0 0.0 0.05 0.07 0.0 255.0 10.0 0.04 0.06 0.0 0.0 1.0 1.0 0.0 0.0
0.0 0.0 0.0 0.0 0.0 0.0 0.0 0.0 0.0 0.0 0.0 0.0 0.0 0.0 0.0 145.0 20.0 1.0 1.0 0.0 0.0 0.14 0.06 0.0 255.0 3.0 0.01 0.06 0.0 0.0 1.0 1.0 0.0 0.0
0.0 0.0 0.0 0.0 0.0 0.0 0.0 0.0 0.0 0.0 0.0 0.0 0.0 0.0 0.0 133.0 8.0 1.0 1.0 0.0 0.0 0.06 0.06 0.0 255.0 12.0 0.05 0.06 0.0 0.0 1.0 1.0 0.0 0.0
0.0 0.0 0.0 0.0 0.0 0.0 0.0 0.0 0.0 0.0 0.0 0.0 0.0 0.0 0.0 124.0 18.0 1.0 1.0 0.0 0.0 0.15 0.06 0.0 255.0 11.0 0.04 0.06 0.0 0.0 1.0 1.0 0.0 0.0
0.0 0.0 0.0 0.0 0.0 0.0 0.0 0.0 0.0 0.0 0.0 0.0 0.0 0.0 0.0 107.0 9.0 1.0 1.0 0.0 0.0 0.08 0.07 0.0 255.0 20.0 0.08 0.06 0.0 0.0 1.0 1.0 0.0 0.0
0.0 0.0 0.0 0.0 0.0 0.0 0.0 0.0 0.0 0.0 0.0 0.0 0.0 0.0 0.0 146.0 4.0 1.0 1.0 0.0 0.0 0.03 0.06 0.0 255.0 5.0 0.02 0.07 0.0 0.0 1.0 1.0 0.0 0.0
0.0 0.0 0.0 0.0 0.0 0.0 0.0 0.0 0.0 0.0 0.0 0.0 0.0 0.0 0.0 135.0 5.0 1.0 1.0 0.0 0.0 0.04 0.06 0.0 255.0 2.0 0.01 0.07 0.0 0.0 1.0 1.0 0.0 0.0
0.0 0.0 0.0 0.0 0.0 0.0 0.0 0.0 0.0 0.0 0.0 0.0 0.0 0.0 0.0 127.0 5.0 1.0 1.0 0.0 0.0 0.04 0.06 0.0 255.0 16.0 0.06 0.07 0.0 0.0 1.0 1.0 0.0 0.0
0.0 0.0 0.0 0.0 0.0 0.0 0.0 0.0 0.0 0.0 0.0 0.0 0.0 0.0 0.0 118.0 16.0 1.0 1.0 0.0 0.0 0.14 0.06 0.0 255.0 6.0 0.02 0.07 0.0 0.0 1.0 1.0 0.0 0.0
0.0 0.0 0.0 0.0 0.0 0.0 0.0 0.0 0.0 0.0 0.0 0.0 0.0 0.0 0.0 109.0 7.0 1.0 1.0 0.0 0.0 0.06 0.06 0.0 255.0 15.0 0.06 0.07 0.0 0.0 1.0 1.0 0.0 0.0
0.0 0.0 0.0 0.0 0.0 0.0 0.0 0.0 0.0 0.0 0.0 0.0 0.0 0.0 0.0 145.0 13.0 1.0 1.0 0.0 0.0 0.09 0.06 0.0 255.0 4.0 0.02 0.07 0.0 0.0 1.0 1.0 0.0 0.0
0.0 0.0 0.0 0.0 0.0 0.0 0.0 0.0 0.0 0.0 0.0 0.0 0.0 0.0 0.0 136.0 4.0 1.0 1.0 0.0 0.0 0.03 0.06 0.0 255.0 13.0 0.05 0.07 0.0 0.0 1.0 1.0 0.0 0.0
0.0 0.0 0.0 0.0 0.0 0.0 0.0 0.0 0.0 0.0 0.0 0.0 0.0 0.0 0.0 102.0 10.0 1.0 1.0 0.0 0.0 0.1 0.06 0.0 255.0 9.0 0.04 0.07 0.0 0.0 1.0 1.0 0.0 0.0
0.0 0.0 0.0 0.0 0.0 0.0 0.0 0.0 0.0 0.0 0.0 0.0 0.0 0.0 0.0 119.0 7.0 1.0 1.0 0.0 0.0 0.06 0.06 0.0 255.0 13.0 0.05 0.07 0.0 0.0 1.0 1.0 0.0 0.0
0.0 0.0 0.0 0.0 0.0 0.0 0.0 0.0 0.0 0.0 0.0 0.0 0.0 0.0 0.0 111.0 19.0 1.0 1.0 0.0 0.0 0.17 0.05 0.0 255.0 12.0 0.05 0.06 0.0 0.0 1.0 1.0 0.0 0.0
0.0 0.0 0.0 0.0 0.0 0.0 0.0 0.0 0.0 0.0 0.0 0.0 0.0 0.0 0.0 125.0 13.0 1.0 1.0 0.0 0.0 0.1 0.06 0.0 255.0 20.0 0.08 0.07 0.0 0.0 1.0 1.0 0.0 0.0
0.0 0.0 0.0 0.0 0.0 0.0 0.0 0.0 0.0 0.0 0.0 0.0 0.0 0.0 0.0 141.0 19.0 1.0 1.0 0.0 0.0 0.13 0.06 0.0 255.0 2.0 0.01 0.08 0.0 0.0 1.0 1.0 0.0 0.0
0.0 0.0 0.0 0.0 0.0 0.0 0.0 0.0 0.0 0.0 0.0 0.0 0.0 0.0 0.0 145.0 15.0 1.0 1.0 0.0 0.0 0.1 0.06 0.0 255.0 2.0 0.01 0.07 0.0 0.0 1.0 1.0 0.0 0.0
0.0 0.0 0.0 0.0 0.0 0.0 0.0 0.0 0.0 0.0 0.0 0.0 0.0 0.0 0.0 122.0 20.0 1.0 1.0 0.0 0.0 0.16 0.06 0.0 255.0 1.0 0.0 0.08 0.0 0.0 1.0 1.0 0.0 0.0
0.0 0.0 0.0 0.0 0.0 0.0 0.0 0.0 0.0 0.0 0.0 0.0 0.0 0.0 0.0 113.0 11.0 1.0 1.0 0.0 0.0 0.1 0.06 0.0 255.0 10.0 0.04 0.07 0.0 0.0 1.0 1.0 0.0 0.0
