0.0 0.0 0.0 0.0 0.0 0.0 0.0 0.0 0.0 0.0 0.0 0.0 0.0 0.0 0.0 282.0 19.0 1.0 1.0 0.0 0.0 0.07 0.06 0.0 255.0 3.0 0.01 0.07 0.0 0.0 1.0 1.0 0.0 0.0
0.0 0.0 0.0 0.0 0.0 0.0 0.0 0.0 0.0 0.0 0.0 0.0 0.0 0.0 0.0 294.0 18.0 1.0 1.0 0.0 0.0 0.06 0.05 0.0 255.0 3.0 0.01 0.08 0.0 0.0 1.0 1.0 0.0 0.0
0.0 0.0 0.0 0.0 0.0 0.0 0.0 0.0 0.0 0.0 0.0 0.0 0.0 0.0 0.0 262.0 9.0 1.0 1.0 0.0 0.0 0.03 0.06 0.0 255.0 11.0 0.04 0.08 0.01 0.0 1.0 1.0 0.0 0.0
0.0 0.0 0.0 0.0 0.0 0.0 0.0 0.0 0.0 0.0 0.0 0.0 0.0 0.0 0.0 252.0 4.0 1.0 1.0 0.0 0.0 0.02 0.06 0.0 255.0 16.0 0.06 0.07 0.0 0.0 1.0 1.0 0.0 0.0
0.0 0.0 0.0 0.0 0.0 0.0 0.0 0.0 0.0 0.0 0.0 0.0 0.0 0.0 0.0 279.0 5.0 1.0 1.0 0.0 0.0 0.02 0.06 0.0 255.0 16.0 0.06 0.07 0.0 0.0 1.0 1.0 0.0 0.0
0.0 0.0 0.0 0.0 0.0 0.0 0.0 0.0 0.0 0.0 0.0 0.0 0.0 0.0 0.0 269.0 20.0 1.0 1.0 0.0 0.0 0.07 0.06 0.0 255.0 1.0 0.0 0.07 0.0 0.0 1.0 1.0 0.0 0.0
0.0 0.0 0.0 0.0 0.0 0.0 0.0 0.0 0.0 0.0 0.0 0.0 0.0 0.0 0.0 226.0 11.0 1.0 1.0 0.0 0.0 0.05 0.06 0.0 255.0 10.0 0.04 0.07 0.01 0.0 1.0 1.0 0.0 0.0
0.0 0.0 0.0 0.0 0.0 0.0 0.0 0.0 0.0 0.0 0.0 0.0 0.0 0.0 0.0 217.0 6.0 1.0 1.0 0.0 0.0 0.03 0.06 0.0 255.0 15.0 0.06 0.07 0.0 0.0 1.0 1.0 0.0 0.0
0.0 0.0 0.0 0.0 0.0 0.0 0.0 0.0 0.0 0.0 0.0 0.0 0.0 0.0 0.0 131.0 15.0 1.0 1.0 0.0 0.0 0.11 0.05 0.0 255.0 14.0 0.05 0.07 0.01 0.0 1.0 1.0 0.0 0.0
0.0 0.0 0.0 0.0 0.0 0.0 0.0 0.0 0.0 0.0 0.0 0.0 0.0 0.0 0.0 208.0 17.0 1.0 1.0 0.0 0.0 0.08 0.06 0.0 255.0 15.0 0.06 0.07 0.0 0.0 1.0 1.0 0.0 0.0
0.0 0.0 0.0 0.0 0.0 0.0 0.0 0.0 0.0 0.0 0.0 0.0 0.0 0.0 0.0 203.0 12.0 1.0 1.0 0.0 0.0 0.06 0.06 0.0 255.0 20.0 0.08 0.07 0.0 0.0 1.0 1.0 0.0 0.0
0.0 0.0 0.0 0.0 0.0 0.0 0.0 0.0 0.0 0.0 0.0 0.0 0.0 0.0 0.0 228.0 4.0 1.0 1.0 0.0 0.0 0.02 0.07 0.0 255.0 4.0 0.02 0.08 0.0 0.0 1.0 1.0 0.0 0.0
0.0 0.0 0.0 0.0 0.0 0.0 0.0 0.0 0.0 0.0 0.0 0.0 0.0 0.0 0.0 289.0 5.0 1.0 1.0 0.0 0.0 0.02 0.06 0.0 255.0 8.0 0.03 0.08 0.0 0.0 1.0 1.0 0.0 0.0
0.0 0.0 0.0 0.0 0.0 0.0 0.0 0.0 0.0 0.0 0.0 0.0 0.0 0.0 0.0 264.0 20.0 1.0 1.0 0.0 0.0 0.08 0.06 0.0 255.0 1.0 0.0 0.08 0.0 0.0 1.0 1.0 0.0 0.0
0.0 0.0 0.0 0.0 0.0 0.0 0.0 0.0 0.0 0.0 0.0 0.0 0.0 0.0 0.0 294.0 20.0 1.0 1.0 0.0 0.0 0.07 0.06 0.0 255.0 10.0 0.04 0.07 0.0 0.0 1.0 1.0 0.0 0.0
0.0 0.0 0.0 0.0 0.0 0.0 0.0 0.0 0.0 0.0 0.0 0.0 0.0 0.0 0.0 280.0 18.0 1.0 1.0 0.0 0.0 0.06 0.06 0.0 255.0 15.0 0.06 0.08 0.0 0.0 1.0 1.0 0.0 0.0
0.0 0.0 0.0 0.0 0.0 0.0 0.0 0.0 0.0 0.0 0.0 0.0 0.0 0.0 0.0 218.0 7.0 1.0 1.0 0.0 0.0 0.03 0.06 0.0 255.0 14.0 0.05 0.08 0.0 0.0 1.0 1.0 0.0 0.0
0.0 0.0 0.0 0.0 0.0 0.0 0.0 0.0 0.0 0.0 0.0 0.0 0.0 0.0 0.0 208.0 2.0 1.0 1.0 0.0 0.0 0.01 0.07 0.0 255.0 19.0 0.07 0.08 0.0 0.0 1.0 1.0 0.0 0.0
0.0 0.0 0.0 0.0 0.0 0.0 0.0 0.0 0.0 0.0 0.0 0.0 0.0 0.0 0.0 256.0 13.0 1.0 1.0 0.0 0.0 0.05 0.06 0.0 255.0 8.0 0.03 0.08 0.0 0.0 1.0 1.0 0.0 0.0
0.0 0.0 0.0 0.0 0.0 0.0 0.0 0.0 0.0 0.0 0.0 0.0 0.0 0.0 0.0 115.0 7.0 1.0 1.0 0.0 0.0 0.06 0.07 0.0 255.0 4.0 0.02 0.08 0.01 0.0 1.0 1.0 0.0 0.0
0.0 0.0 0.0 0.0 0.0 0.0 0.0 0.0 0.0 0.0 0.0 0.0 0.0 0.0 0.0 269.0 11.0 1.0 1.0 0.0 0.0 0.04 0.06 0.0 255.0 17.0 0.07 0.07 0.0 0.0 1.0 1.0 0.0 0.0
0.0 0.0 0.0 0.0 0.0 0.0 0.0 0.0 0.0 0.0 0.0 0.0 0.0 0.0 0.0 299.0 13.0 1.0 1.0 0.0 0.0 0.04 0.06 0.0 255.0 13.0 0.05 0.07 0.0 0.0 1.0 1.0 0.0 0.0
0.0 0.0 0.0 0.0 0.0 0.0 0.0 0.0 0.0 0.0 0.0 0.0 0.0 0.0 0.0 210.0 19.0 1.0 1.0 0.0 0.0 0.09 0.06 0.0 255.0 18.0 0.07 0.07 0.0 0.0 1.0 1.0 0.0 0.0
0.0 0.0 0.0 0.0 0.0 0.0 0.0 0.0 0.0 0.0 0.0 0.0 0.0 0.0 0.0 292.0 18.0 1.0 1.0 0.0 0.0 0.06 0.06 0.0 255.0 17.0 0.07 0.07 0.0 0.0 1.0 1.0 0.0 0.0
0.0 0.0 0.0 0.0 0.0 0.0 0.0 0.0 0.0 0.0 0.0 0.0 0.0 0.0 0.0 297.0 17.0 1.0 1.0 0.0 0.0 0.06 0.06 0.0 255.0 3.0 0.01 0.08 0.0 0.0 1.0 1.0 0.0 0.0
0.0 0.0 0.0 0.0 0.0 0.0 0.0 0.0 0.0 0.0 0.0 0.0 0.0 0.0 0.0 236.0 12.0 1.0 1.0 0.0 0.0 0.05 0.06 0.0 255.0 12.0 0.05 0.07 0.0 0.0 1.0 1.0 0.0 0.0
0.0 0.0 0.0 0.0 0.0 0.0 0.0 0.0 0.0 0.0 0.0 0.0 0.0 0.0 0.0 246.0 17.0 1.0 1.0 0.0 0.0 0.07 0.06 0.0 255.0 17.0 0.07 0.07 0.0 0.0 1.0 1.0 0.0 0.0
0.0 0.0 0.0 0.0 0.0 0.0 0.0 0.0 0.0 0.0 0.0 0.0 0.0 0.0 0.0 221.0 11.0 1.0 1.0 0.0 0.0 0.05 0.06 0.0 255.0 17.0 0.07 0.07 0.0 0.0 1.0 1.0 0.0 0.0
0.0 0.0 0.0 0.0 0.0 0.0 0.0 0.0 0.0 0.0 0.0 0.0 0.0 0.0 0.0 264.0 6.0 1.0 1.0 0.0 0.0 0.02 0.06 0.0 255.0 6.0 0.02 0.08 0.0 0.0 1.0 1.0 0.0 0.0
0.0 0.0 0.0 0.0 0.0 0.0 0.0 0.0 0.0 0.0 0.0 0.0 0.0 0.0 0.0 270.0 11.0 1.0 1.0 0.0 0.0 0.04 0.06 0.0 255.0 11.0 0.04 0.08 0.0 0.0 1.0 1.0 0.0 0.0
0.0 0.0 0.0 0.0 0.0 0.0 0.0 0.0 0.0 0.0 0.0 0.0 0.0 0.0 0.0 247.0 10.0 1.0 1.0 0.0 0.0 0.04 0.06 0.0 255.0 10.0 0.04 0.08 0.0 0.0 1.0 1.0 0.0 0.0
0.0 0.0 0.0 0.0 0.0 0.0 0.0 0.0 0.0 0.0 0.0 0.0 0.0 0.0 0.0 103.0 5.0 1.0 1.0 0.0 0.0 0.05 0.07 0.0 255.0 6.0 0.02 0.07 0.01 0.0 1.0 1.0 0.0 0.0
0.0 0.0 0.0 0.0 0.0 0.0 0.0 0.0 0.0 0.0 0.0 0.0 0.0 0.0 0.0 261.0 17.0 1.0 1.0 0.0 0.0 0.07 0.06 0.0 255.0 19.0 0.07 0.08 0.0 0.0 1.0 1.0 0.0 0.0
0.0 0.0 0.0 0.0 0.0 0.0 0.0 0.0 0.0 0.0 0.0 0.0 0.0 0.0 0.0 223.0 7.0 1.0 1.0 0.0 0.0 0.03 0.06 0.0 255.0 7.0 0.03 0.09 0.0 0.0 1.0 1.0 0.0 0.0
0.0 0.0 0.0 0.0 0.0 0.0 0.0 0.0 0.0 0.0 0.0 0.0 0.0 0.0 0.0 207.0 6.0 1.0 1.0 0.0 0.0 0.03 0.06 0.0 255.0 6.0 0.02 0.09 0.0 0.0 1.0 1.0 0.0 0.0
0.0 0.0 0.0 0.0 0.0 0.0 0.0 0.0 0.0 0.0 0.0 0.0 0.0 0.0 0.0 212.0 11.0 1.0 1.0 0.0 0.0 0.05 0.06 0.0 255.0 11.0 0.04 0.08 0.0 0.0 1.0 1.0 0.0 0.0
0.0 0.0 0.0 0.0 0.0 0.0 0.0 0.0 0.0 0.0 0.0 0.0 0.0 0.0 0.0 249.0 20.0 1.0 1.0 0.0 0.0 0.08 0.06 0.0 255.0 20.0 0.08 0.07 0.0 0.0 1.0 1.0 0.0 0.0
0.0 0.0 0.0 0.0 0.0 0.0 0.0 0.0 0.0 0.0 0.0 0.0 0.0 0.0 0.0 259.0 5.0 1.0 1.0 0.0 0.0 0.02 0.06 0.0 255.0 5.0 0.02 0.08 0.0 0.0 1.0 1.0 0.0 0.0
0.0 0.0 0.0 0.0 0.0 0.0 0.0 0.0 0.0 0.0 0.0 0.0 0.0 0.0 0.0 234.0 5.0 1.0 1.0 0.0 0.0 0.02 0.06 0.0 255.0 4.0 0.02 0.08 0.0 0.0 1.0 1.0 0.0 0.0
0.0 0.0 0.0 0.0 0.0 0.0 0.0 0.0 0.0 0.0 0.0 0.0 0.0 0.0 0.0 242.0 9.0 1.0 1.0 0.0 0.0 0.04 0.06 0.0 255.0 9.0 0.04 0.08 0.0 0.0 1.0 1.0 0.0 0.0
0.0 0.0 0.0 0.0 0.0 0.0 0.0 0.0 0.0 0.0 0.0 0.0 0.0 0.0 0.0 284.0 18.0 1.0 1.0 0.0 0.0 0.06 0.06 0.0 255.0 18.0 0.07 0.08 0.0 0.0 1.0 1.0 0.0 0.0
0.0 0.0 0.0 0.0 0.0 0.0 0.0 0.0 0.0 0.0 0.0 0.0 0.0 0.0 0.0 289.0 3.0 1.0 1.0 0.0 0.0 0.01 0.06 0.0 255.0 4.0 0.02 0.08 0.0 0.0 1.0 1.0 0.0 0.0
0.0 0.0 0.0 0.0 0.0 0.0 0.0 0.0 0.0 0.0 0.0 0.0 0.0 0.0 0.0 92.0 6.0 1.0 1.0 0.0 0.0 0.07 0.07 0.0 255.0 6.0 0.02 0.07 0.0 0.0 1.0 1.0 0.0 0.0
0.0 0.0 0.0 0.0 0.0 0.0 0.0 0.0 0.0 0.0 0.0 0.0 0.0 0.0 0.0 298.0 12.0 1.0 1.0 0.0 0.0 0.04 0.06 0.0 255.0 13.0 0.05 0.07 0.0 0.0 1.0 1.0 0.0 0.0
0.0 0.0 0.0 0.0 0.0 0.0 0.0 0.0 0.0 0.0 0.0 0.0 0.0 0.0 0.0 219.0 15.0 1.0 1.0 0.0 0.0 0.07 0.06 0.0 255.0 17.0 0.07 0.07 0.0 0.0 1.0 1.0 0.0 0.0
0.0 0.0 0.0 0.0 0.0 0.0 0.0 0.0 0.0 0.0 0.0 0.0 0.0 0.0 0.0 208.0 17.0 1.0 1.0 0.0 0.0 0.08 0.06 0.0 255.0 17.0 0.07 0.08 0.0 0.0 1.0 1.0 0.0 0.0
0.0 0.0 0.0 0.0 0.0 0.0 0.0 0.0 0.0 0.0 0.0 0.0 0.0 0.0 0.0 241.0 6.0 1.0 1.0 0.0 0.0 0.02 0.06 0.0 255.0 6.0 0.02 0.08 0.0 0.0 1.0 1.0 0.0 0.0
0.0 0.0 0.0 0.0 0.0 0.0 0.0 0.0 0.0 0.0 0.0 0.0 0.0 0.0 0.0 251.0 11.0 1.0 1.0 0.0 0.0 0.04 0.06 0.0 255.0 11.0 0.04 0.07 0.0 0.0 1.0 1.0 0.0 0.0
0.0 0.0 0.0 0.0 0.0 0.0 0.0 0.0 0.0 0.0 0.0 0.0 0.0 0.0 0.0 224.0 10.0 1.0 1.0 0.0 0.0 0.04 0.06 0.0 255.0 10.0 0.04 0.07 0.0 0.0 1.0 1.0 0.0 0.0
0.0 0.0 0.0 0.0 0.0 0.0 0.0 0.0 0.0 0.0 0.0 0.0 0.0 0.0 0.0 232.0 14.0 1.0 1.0 0.0 0.0 0.06 0.06 0.0 255.0 14.0 0.05 0.07 0.0 0.0 1.0 1.0 0.0 0.0
0.0 0.0 0.0 0.0 0.0 0.0 0.0 0.0 0.0 0.0 0.0 0.0 0.0 0.0 0.0 242.0 19.0 1.0 1.0 0.0 0.0 0.08 0.06 0.0 255.0 19.0 0.07 0.07 0.0 0.0 1.0 1.0 0.0 0.0
0.0 0.0 0.0 0.0 0.0 0.0 0.0 0.0 0.0 0.0 0.0 0.0 0.0 0.0 0.0 284.0 8.0 1.0 1.0 0.0 0.0 0.03 0.06 0.0 255.0 8.0 0.03 0.07 0.0 0.0 1.0 1.0 0.0 0.0
0.0 0.0 0.0 0.0 0.0 0.0 0.0 0.0 0.0 0.0 0.0 0.0 0.0 0.0 0.0 289.0 13.0 1.0 1.0 0.0 0.0 0.04 0.06 0.0 255.0 13.0 0.05 0.07 0.0 0.0 1.0 1.0 0.0 0.0
0.0 0.0 0.0 0.0 0.0 0.0 0.0 0.0 0.0 0.0 0.0 0.0 0.0 0.0 0.0 134.0 18.0 1.0 1.0 0.0 0.0 0.13 0.06 0.0 255.0 14.0 0.05 0.07 0.0 0.0 1.0 1.0 0.0 0.0
0.0 0.0 0.0 0.0 0.0 0.0 0.0 0.0 0.0 0.0 0.0 0.0 0.0 0.0 0.0 298.0 2.0 1.0 1.0 0.0 0.0 0.01 0.06 0.0 255.0 2.0 0.01 0.07 0.0 0.0 1.0 1.0 0.0 0.0
0.0 0.0 0.0 0.0 0.0 0.0 0.0 0.0 0.0 0.0 0.0 0.0 0.0 0.0 0.0 204.0 3.0 1.0 1.0 0.0 0.0 0.01 0.06 0.0 255.0 3.0 0.01 0.08 0.0 0.0 1.0 1.0 0.0 0.0
0.0 0.0 0.0 0.0 0.0 0.0 0.0 0.0 0.0 0.0 0.0 0.0 0.0 0.0 0.0 233.0 12.0 1.0 1.0 0.0 0.0 0.05 0.06 0.0 255.0 12.0 0.05 0.08 0.0 0.0 1.0 1.0 0.0 0.0
0.0 0.0 0.0 0.0 0.0 0.0 0.0 0.0 0.0 0.0 0.0 0.0 0.0 0.0 0.0 243.0 17.0 1.0 1.0 0.0 0.0 0.07 0.06 0.0 255.0 17.0 0.07 0.07 0.0 0.0 1.0 1.0 0.0 0.0
0.0 0.0 0.0 0.0 0.0 0.0 0.0 0.0 0.0 0.0 0.0 0.0 0.0 0.0 0.0 217.0 16.0 1.0 1.0 0.0 0.0 0.07 0.06 0.0 255.0 16.0 0.06 0.07 0.0 0.0 1.0 1.0 0.0 0.0
0.0 0.0 0.0 0.0 0.0 0.0 0.0 0.0 0.0 0.0 0.0 0.0 0.0 0.0 0.0 226.0 1.0 1.0 1.0 0.0 0.0 0.0 0.06 0.0 255.0 1.0 0.0 0.07 0.0 0.0 1.0 1.0 0.0 0.0
0.0 0.0 0.0 0.0 0.0 0.0 0.0 0.0 0.0 0.0 0.0 0.0 0.0 0.0 0.0 236.0 6.0 1.0 1.0 0.0 0.0 0.03 0.06 0.0 255.0 5.0 0.02 0.07 0.0 0.0 1.0 1.0 0.0 0.0
0.0 0.0 0.0 0.0 0.0 0.0 0.0 0.0 0.0 0.0 0.0 0.0 0.0 0.0 0.0 246.0 11.0 1.0 1.0 0.0 0.0 0.04 0.06 0.0 255.0 10.0 0.04 0.06 0.0 0.0 1.0 1.0 0.0 0.0
0.0 0.0 0.0 0.0 0.0 0.0 0.0 0.0 0.0 0.0 0.0 0.0 0.0 0.0 0.0 286.0 20.0 1.0 1.0 0.0 0.0 0.07 0.06 0.0 255.0 19.0 0.07 0.06 0.0 0.0 1.0 1.0 0.0 0.0
0.0 0.0 0.0 0.0 0.0 0.0 0.0 0.0 0.0 0.0 0.0 0.0 0.0 0.0 0.0 291.0 5.0 1.0 1.0 0.0 0.0 0.02 0.06 0.0 255.0 5.0 0.02 0.06 0.0 0.0 1.0 1.0 0.0 0.0
0.0 0.0 0.0 0.0 0.0 0.0 0.0 0.0 0.0 0.0 0.0 0.0 0.0 0.0 0.0 272.0 4.0 1.0 1.0 0.0 0.0 0.01 0.06 0.0 255.0 4.0 0.02 0.06 0.0 0.0 1.0 1.0 0.0 0.0
0.0 0.0 0.0 0.0 0.0 0.0 0.0 0.0 0.0 0.0 0.0 0.0 0.0 0.0 0.0 122.0 13.0 1.0 1.0 0.0 0.0 0.11 0.07 0.0 255.0 9.0 0.04 0.06 0.0 0.0 1.0 1.0 0.0 0.0
0.0 0.0 0.0 0.0 0.0 0.0 0.0 0.0 0.0 0.0 0.0 0.0 0.0 0.0 0.0 236.0 11.0 1.0 1.0 0.0 0.0 0.05 0.06 0.0 255.0 11.0 0.04 0.07 0.0 0.0 1.0 1.0 0.0 0.0
0.0 0.0 0.0 0.0 0.0 0.0 0.0 0.0 0.0 0.0 0.0 0.0 0.0 0.0 0.0 266.0 20.0 1.0 1.0 0.0 0.0 0.08 0.06 0.0 255.0 20.0 0.08 0.07 0.0 0.0 1.0 1.0 0.0 0.0
0.0 0.0 0.0 0.0 0.0 0.0 0.0 0.0 0.0 0.0 0.0 0.0 0.0 0.0 0.0 277.0 12.0 1.0 1.0 0.0 0.0 0.04 0.06 0.0 255.0 5.0 0.02 0.07 0.0 0.0 1.0 1.0 0.0 0.0
0.0 0.0 0.0 0.0 0.0 0.0 0.0 0.0 0.0 0.0 0.0 0.0 0.0 0.0 0.0 250.0 4.0 1.0 1.0 0.0 0.0 0.02 0.06 0.0 255.0 6.0 0.02 0.07 0.0 0.0 1.0 1.0 0.0 0.0
0.0 0.0 0.0 0.0 0.0 0.0 0.0 0.0 0.0 0.0 0.0 0.0 0.0 0.0 0.0 258.0 9.0 1.0 1.0 0.0 0.0 0.03 0.06 0.0 255.0 11.0 0.04 0.07 0.0 0.0 1.0 1.0 0.0 0.0
0.0 0.0 0.0 0.0 0.0 0.0 0.0 0.0 0.0 0.0 0.0 0.0 0.0 0.0 0.0 210.0 5.0 1.0 1.0 0.0 0.0 0.02 0.07 0.0 255.0 19.0 0.07 0.07 0.0 0.0 1.0 1.0 0.0 0.0
0.0 0.0 0.0 0.0 0.0 0.0 0.0 0.0 0.0 0.0 0.0 0.0 0.0 0.0 0.0 220.0 4.0 1.0 1.0 0.0 0.0 0.02 0.07 0.0 255.0 4.0 0.02 0.07 0.0 0.0 1.0 1.0 0.0 0.0
0.0 0.0 0.0 0.0 0.0 0.0 0.0 0.0 0.0 0.0 0.0 0.0 0.0 0.0 0.0 230.0 9.0 1.0 1.0 0.0 0.0 0.04 0.07 0.0 255.0 9.0 0.04 0.07 0.0 0.0 1.0 1.0 0.0 0.0
0.0 0.0 0.0 0.0 0.0 0.0 0.0 0.0 0.0 0.0 0.0 0.0 0.0 0.0 0.0 202.0 2.0 1.0 1.0 0.0 0.0 0.01 0.06 0.0 255.0 8.0 0.03 0.07 0.0 0.0 1.0 1.0 0.0 0.0
0.0 0.0 0.0 0.0 0.0 0.0 0.0 0.0 0.0 0.0 0.0 0.0 0.0 0.0 0.0 213.0 7.0 1.0 1.0 0.0 0.0 0.03 0.07 0.0 255.0 13.0 0.05 0.07 0.0 0.0 1.0 1.0 0.0 0.0
0.0 0.0 0.0 0.0 0.0 0.0 0.0 0.0 0.0 0.0 0.0 0.0 0.0 0.0 0.0 99.0 11.0 1.0 1.0 0.0 0.0 0.11 0.06 0.0 255.0 3.0 0.01 0.07 0.0 0.0 1.0 1.0 0.0 0.0
0.0 0.0 0.0 0.0 0.0 0.0 0.0 0.0 0.0 0.0 0.0 0.0 0.0 0.0 0.0 292.0 16.0 1.0 1.0 0.0 0.0 0.05 0.06 0.0 255.0 9.0 0.04 0.07 0.0 0.0 1.0 1.0 0.0 0.0
0.0 0.0 0.0 0.0 0.0 0.0 0.0 0.0 0.0 0.0 0.0 0.0 0.0 0.0 0.0 280.0 8.0 1.0 1.0 0.0 0.0 0.03 0.06 0.0 255.0 7.0 0.03 0.07 0.0 0.0 1.0 1.0 0.0 0.0
0.0 0.0 0.0 0.0 0.0 0.0 0.0 0.0 0.0 0.0 0.0 0.0 0.0 0.0 0.0 285.0 13.0 1.0 1.0 0.0 0.0 0.05 0.06 0.0 255.0 12.0 0.05 0.07 0.0 0.0 1.0 1.0 0.0 0.0
0.0 0.0 0.0 0.0 0.0 0.0 0.0 0.0 0.0 0.0 0.0 0.0 0.0 0.0 0.0 224.0 2.0 1.0 1.0 0.0 0.0 0.01 0.06 0.0 255.0 2.0 0.01 0.07 0.0 0.0 1.0 1.0 0.0 0.0
0.0 0.0 0.0 0.0 0.0 0.0 0.0 0.0 0.0 0.0 0.0 0.0 0.0 0.0 0.0 234.0 7.0 1.0 1.0 0.0 0.0 0.03 0.06 0.0 255.0 7.0 0.03 0.07 0.0 0.0 1.0 1.0 0.0 0.0
0.0 0.0 0.0 0.0 0.0 0.0 0.0 0.0 0.0 0.0 0.0 0.0 0.0 0.0 0.0 209.0 5.0 1.0 1.0 0.0 0.0 0.02 0.06 0.0 255.0 7.0 0.03 0.07 0.0 0.0 1.0 1.0 0.0 0.0
0.0 0.0 0.0 0.0 0.0 0.0 0.0 0.0 0.0 0.0 0.0 0.0 0.0 0.0 0.0 252.0 16.0 1.0 1.0 0.0 0.0 0.06 0.06 0.0 255.0 15.0 0.06 0.07 0.0 0.0 1.0 1.0 0.0 0.0
0.0 0.0 0.0 0.0 0.0 0.0 0.0 0.0 0.0 0.0 0.0 0.0 0.0 0.0 0.0 258.0 1.0 1.0 1.0 0.0 0.0 0.0 0.06 0.0 255.0 1.0 0.0 0.07 0.0 0.0 1.0 1.0 0.0 0.0
0.0 0.0 0.0 0.0 0.0 0.0 0.0 0.0 0.0 0.0 0.0 0.0 0.0 0.0 0.0 235.0 18.0 1.0 1.0 0.0 0.0 0.08 0.06 0.0 255.0 20.0 0.08 0.06 0.0 0.0 1.0 1.0 0.0 0.0
0.0 0.0 0.0 0.0 0.0 0.0 0.0 0.0 0.0 0.0 0.0 0.0 0.0 0.0 0.0 245.0 5.0 1.0 1.0 0.0 0.0 0.02 0.06 0.0 255.0 5.0 0.02 0.07 0.0 0.0 1.0 1.0 0.0 0.0
0.0 0.0 0.0 0.0 0.0 0.0 0.0 0.0 0.0 0.0 0.0 0.0 0.0 0.0 0.0 112.0 9.0 1.0 1.0 0.0 0.0 0.08 0.06 0.0 255.0 8.0 0.03 0.07 0.0 0.0 1.0 1.0 0.0 0.0
0.0 0.0 0.0 0.0 0.0 0.0 0.0 0.0 0.0 0.0 0.0 0.0 0.0 0.0 0.0 280.0 18.0 1.0 1.0 0.0 0.0 0.06 0.06 0.0 255.0 2.0 0.01 0.07 0.0 0.0 1.0 1.0 0.0 0.0
0.0 0.0 0.0 0.0 0.0 0.0 0.0 0.0 0.0 0.0 0.0 0.0 0.0 0.0 0.0 294.0 19.0 1.0 1.0 0.0 0.0 0.06 0.05 0.0 255.0 2.0 0.01 0.08 0.0 0.0 1.0 1.0 0.0 0.0
0.0 0.0 0.0 0.0 0.0 0.0 0.0 0.0 0.0 0.0 0.0 0.0 0.0 0.0 0.0 289.0 14.0 1.0 1.0 0.0 0.0 0.05 0.06 0.0 255.0 7.0 0.03 0.08 0.0 0.0 1.0 1.0 0.0 0.0
0.0 0.0 0.0 0.0 0.0 0.0 0.0 0.0 0.0 0.0 0.0 0.0 0.0 0.0 0.0 254.0 5.0 1.0 1.0 0.0 0.0 0.02 0.06 0.0 255.0 14.0 0.05 0.07 0.0 0.0 1.0 1.0 0.0 0.0
0.0 0.0 0.0 0.0 0.0 0.0 0.0 0.0 0.0 0.0 0.0 0.0 0.0 0.0 0.0 244.0 20.0 1.0 1.0 0.0 0.0 0.08 0.06 0.0 255.0 1.0 0.0 0.07 0.0 0.0 1.0 1.0 0.0 0.0
0.0 0.0 0.0 0.0 0.0 0.0 0.0 0.0 0.0 0.0 0.0 0.0 0.0 0.0 0.0 269.0 20.0 1.0 1.0 0.0 0.0 0.07 0.06 0.0 255.0 1.0 0.0 0.07 0.0 0.0 1.0 1.0 0.0 0.0
0.0 0.0 0.0 0.0 0.0 0.0 0.0 0.0 0.0 0.0 0.0 0.0 0.0 0.0 0.0 226.0 11.0 1.0 1.0 0.0 0.0 0.05 0.06 0.0 255.0 9.0 0.04 0.07 0.0 0.0 1.0 1.0 0.0 0.0
0.0 0.0 0.0 0.0 0.0 0.0 0.0 0.0 0.0 0.0 0.0 0.0 0.0 0.0 0.0 217.0 6.0 1.0 1.0 0.0 0.0 0.03 0.06 0.0 255.0 14.0 0.05 0.07 0.0 0.0 1.0 1.0 0.0 0.0
0.0 0.0 0.0 0.0 0.0 0.0 0.0 0.0 0.0 0.0 0.0 0.0 0.0 0.0 0.0 243.0 7.0 1.0 1.0 0.0 0.0 0.03 0.06 0.0 255.0 14.0 0.05 0.07 0.0 0.0 1.0 1.0 0.0 0.0
0.0 0.0 0.0 0.0 0.0 0.0 0.0 0.0 0.0 0.0 0.0 0.0 0.0 0.0 0.0 233.0 2.0 1.0 1.0 0.0 0.0 0.01 0.06 0.0 255.0 19.0 0.07 0.06 0.0 0.0 1.0 1.0 0.0 0.0
0.0 0.0 0.0 0.0 0.0 0.0 0.0 0.0 0.0 0.0 0.0 0.0 0.0 0.0 0.0 123.0 20.0 1.0 1.0 0.0 0.0 0.16 0.06 0.0 255.0 15.0 0.06 0.06 0.0 0.0 1.0 1.0 0.0 0.0
0.0 0.0 0.0 0.0 0.0 0.0 0.0 0.0 0.0 0.0 0.0 0.0 0.0 0.0 0.0 293.0 8.0 1.0 1.0 0.0 0.0 0.03 0.06 0.0 255.0 4.0 0.02 0.07 0.0 0.0 1.0 1.0 0.0 0.0
0.0 0.0 0.0 0.0 0.0 0.0 0.0 0.0 0.0 0.0 0.0 0.0 0.0 0.0 0.0 262.0 19.0 1.0 1.0 0.0 0.0 0.07 0.06 0.0 255.0 2.0 0.01 0.07 0.0 0.0 1.0 1.0 0.0 0.0
0.0 0.0 0.0 0.0 0.0 0.0 0.0 0.0 0.0 0.0 0.0 0.0 0.0 0.0 0.0 252.0 14.0 1.0 1.0 0.0 0.0 0.06 0.06 0.0 255.0 7.0 0.03 0.07 0.0 0.0 1.0 1.0 0.0 0.0
0.0 0.0 0.0 0.0 0.0 0.0 0.0 0.0 0.0 0.0 0.0 0.0 0.0 0.0 0.0 279.0 15.0 1.0 1.0 0.0 0.0 0.05 0.06 0.0 255.0 6.0 0.02 0.07 0.0 0.0 1.0 1.0 0.0 0.0
0.0 0.0 0.0 0.0 0.0 0.0 0.0 0.0 0.0 0.0 0.0 0.0 0.0 0.0 0.0 269.0 10.0 1.0 1.0 0.0 0.0 0.04 0.06 0.0 255.0 11.0 0.04 0.07 0.0 0.0 1.0 1.0 0.0 0.0
0.0 0.0 0.0 0.0 0.0 0.0 0.0 0.0 0.0 0.0 0.0 0.0 0.0 0.0 0.0 228.0 2.0 1.0 1.0 0.0 0.0 0.01 0.06 0.0 255.0 19.0 0.07 0.07 0.0 0.0 1.0 1.0 0.0 0.0
0.0 0.0 0.0 0.0 0.0 0.0 0.0 0.0 0.0 0.0 0.0 0.0 0.0 0.0 0.0 255.0 3.0 1.0 1.0 0.0 0.0 0.01 0.06 0.0 255.0 18.0 0.07 0.07 0.0 0.0 1.0 1.0 0.0 0.0
0.0 0.0 0.0 0.0 0.0 0.0 0.0 0.0 0.0 0.0 0.0 0.0 0.0 0.0 0.0 213.0 13.0 1.0 1.0 0.0 0.0 0.06 0.06 0.0 255.0 8.0 0.03 0.07 0.0 0.0 1.0 1.0 0.0 0.0
0.0 0.0 0.0 0.0 0.0 0.0 0.0 0.0 0.0 0.0 0.0 0.0 0.0 0.0 0.0 208.0 8.0 1.0 1.0 0.0 0.0 0.04 0.06 0.0 255.0 13.0 0.05 0.07 0.0 0.0 1.0 1.0 0.0 0.0
0.0 0.0 0.0 0.0 0.0 0.0 0.0 0.0 0.0 0.0 0.0 0.0 0.0 0.0 0.0 227.0 9.0 1.0 1.0 0.0 0.0 0.04 0.06 0.0 255.0 17.0 0.07 0.07 0.0 0.0 1.0 1.0 0.0 0.0
0.0 0.0 0.0 0.0 0.0 0.0 0.0 0.0 0.0 0.0 0.0 0.0 0.0 0.0 0.0 298.0 13.0 1.0 1.0 0.0 0.0 0.04 0.06 0.0 255.0 13.0 0.05 0.07 0.0 0.0 1.0 1.0 0.0 0.0
0.0 0.0 0.0 0.0 0.0 0.0 0.0 0.0 0.0 0.0 0.0 0.0 0.0 0.0 0.0 127.0 14.0 1.0 1.0 0.0 0.0 0.11 0.06 0.0 255.0 4.0 0.02 0.07 0.0 0.0 1.0 1.0 0.0 0.0
0.0 0.0 0.0 0.0 0.0 0.0 0.0 0.0 0.0 0.0 0.0 0.0 0.0 0.0 0.0 209.0 19.0 1.0 1.0 0.0 0.0 0.09 0.06 0.0 255.0 18.0 0.07 0.07 0.0 0.0 1.0 1.0 0.0 0.0
0.0 0.0 0.0 0.0 0.0 0.0 0.0 0.0 0.0 0.0 0.0 0.0 0.0 0.0 0.0 245.0 8.0 1.0 1.0 0.0 0.0 0.03 0.06 0.0 255.0 8.0 0.03 0.08 0.0 0.0 1.0 1.0 0.0 0.0
0.0 0.0 0.0 0.0 0.0 0.0 0.0 0.0 0.0 0.0 0.0 0.0 0.0 0.0 0.0 255.0 13.0 1.0 1.0 0.0 0.0 0.05 0.06 0.0 255.0 13.0 0.05 0.07 0.0 0.0 1.0 1.0 0.0 0.0
0.0 0.0 0.0 0.0 0.0 0.0 0.0 0.0 0.0 0.0 0.0 0.0 0.0 0.0 0.0 228.0 12.0 1.0 1.0 0.0 0.0 0.05 0.06 0.0 255.0 12.0 0.05 0.07 0.0 0.0 1.0 1.0 0.0 0.0
0.0 0.0 0.0 0.0 0.0 0.0 0.0 0.0 0.0 0.0 0.0 0.0 0.0 0.0 0.0 275.0 3.0 1.0 1.0 0.0 0.0 0.01 0.06 0.0 255.0 3.0 0.01 0.07 0.0 0.0 1.0 1.0 0.0 0.0
0.0 0.0 0.0 0.0 0.0 0.0 0.0 0.0 0.0 0.0 0.0 0.0 0.0 0.0 0.0 248.0 2.0 1.0 1.0 0.0 0.0 0.01 0.06 0.0 255.0 2.0 0.01 0.07 0.0 0.0 1.0 1.0 0.0 0.0
0.0 0.0 0.0 0.0 0.0 0.0 0.0 0.0 0.0 0.0 0.0 0.0 0.0 0.0 0.0 258.0 7.0 1.0 1.0 0.0 0.0 0.03 0.06 0.0 255.0 7.0 0.03 0.07 0.0 0.0 1.0 1.0 0.0 0.0
0.0 0.0 0.0 0.0 0.0 0.0 0.0 0.0 0.0 0.0 0.0 0.0 0.0 0.0 0.0 291.0 16.0 1.0 1.0 0.0 0.0 0.05 0.05 0.0 255.0 16.0 0.06 0.07 0.0 0.0 1.0 1.0 0.0 0.0
0.0 0.0 0.0 0.0 0.0 0.0 0.0 0.0 0.0 0.0 0.0 0.0 0.0 0.0 0.0 295.0 20.0 1.0 1.0 0.0 0.0 0.07 0.05 0.0 255.0 20.0 0.08 0.07 0.0 0.0 1.0 1.0 0.0 0.0
0.0 0.0 0.0 0.0 0.0 0.0 0.0 0.0 0.0 0.0 0.0 0.0 0.0 0.0 0.0 265.0 18.0 1.0 1.0 0.0 0.0 0.07 0.06 0.0 255.0 20.0 0.08 0.07 0.0 0.0 1.0 1.0 0.0 0.0
0.0 0.0 0.0 0.0 0.0 0.0 0.0 0.0 0.0 0.0 0.0 0.0 0.0 0.0 0.0 136.0 18.0 1.0 1.0 0.0 0.0 0.13 0.05 0.0 255.0 8.0 0.03 0.08 0.0 0.0 1.0 1.0 0.0 0.0
0.0 0.0 0.0 0.0 0.0 0.0 0.0 0.0 0.0 0.0 0.0 0.0 0.0 0.0 0.0 222.0 4.0 1.0 1.0 0.0 0.0 0.02 0.07 0.0 255.0 10.0 0.04 0.09 0.0 0.0 1.0 1.0 0.0 0.0
0.0 0.0 0.0 0.0 0.0 0.0 0.0 0.0 0.0 0.0 0.0 0.0 0.0 0.0 0.0 287.0 16.0 1.0 1.0 0.0 0.0 0.06 0.06 0.0 255.0 6.0 0.02 0.09 0.0 0.0 1.0 1.0 0.0 0.0
0.0 0.0 0.0 0.0 0.0 0.0 0.0 0.0 0.0 0.0 0.0 0.0 0.0 0.0 0.0 276.0 11.0 1.0 1.0 0.0 0.0 0.04 0.06 0.0 255.0 11.0 0.04 0.07 0.0 0.0 1.0 1.0 0.0 0.0
0.0 0.0 0.0 0.0 0.0 0.0 0.0 0.0 0.0 0.0 0.0 0.0 0.0 0.0 0.0 300.0 20.0 1.0 1.0 0.0 0.0 0.07 0.06 0.0 255.0 10.0 0.04 0.08 0.0 0.0 1.0 1.0 0.0 0.0
0.0 0.0 0.0 0.0 0.0 0.0 0.0 0.0 0.0 0.0 0.0 0.0 0.0 0.0 0.0 257.0 2.0 1.0 1.0 0.0 0.0 0.01 0.07 0.0 255.0 20.0 0.08 0.08 0.0 0.0 1.0 1.0 0.0 0.0
0.0 0.0 0.0 0.0 0.0 0.0 0.0 0.0 0.0 0.0 0.0 0.0 0.0 0.0 0.0 246.0 16.0 1.0 1.0 0.0 0.0 0.07 0.07 0.0 255.0 5.0 0.02 0.09 0.0 0.0 1.0 1.0 0.0 0.0
0.0 0.0 0.0 0.0 0.0 0.0 0.0 0.0 0.0 0.0 0.0 0.0 0.0 0.0 0.0 275.0 17.0 1.0 1.0 0.0 0.0 0.06 0.06 0.0 255.0 7.0 0.03 0.09 0.0 0.0 1.0 1.0 0.0 0.0
0.0 0.0 0.0 0.0 0.0 0.0 0.0 0.0 0.0 0.0 0.0 0.0 0.0 0.0 0.0 264.0 12.0 1.0 1.0 0.0 0.0 0.05 0.06 0.0 255.0 12.0 0.05 0.09 0.0 0.0 1.0 1.0 0.0 0.0
0.0 0.0 0.0 0.0 0.0 0.0 0.0 0.0 0.0 0.0 0.0 0.0 0.0 0.0 0.0 232.0 3.0 1.0 1.0 0.0 0.0 0.01 0.07 0.0 255.0 18.0 0.07 0.08 0.0 0.0 1.0 1.0 0.0 0.0
0.0 0.0 0.0 0.0 0.0 0.0 0.0 0.0 0.0 0.0 0.0 0.0 0.0 0.0 0.0 207.0 3.0 1.0 1.0 0.0 0.0 0.01 0.07 0.0 255.0 20.0 0.08 0.07 0.0 0.0 1.0 1.0 0.0 0.0
0.0 0.0 0.0 0.0 0.0 0.0 0.0 0.0 0.0 0.0 0.0 0.0 0.0 0.0 0.0 134.0 14.0 1.0 1.0 0.0 0.0 0.1 0.05 0.0 255.0 7.0 0.03 0.09 0.0 0.0 1.0 1.0 0.0 0.0
0.0 0.0 0.0 0.0 0.0 0.0 0.0 0.0 0.0 0.0 0.0 0.0 0.0 0.0 0.0 217.0 7.0 1.0 1.0 0.0 0.0 0.03 0.07 0.0 255.0 9.0 0.04 0.09 0.0 0.0 1.0 1.0 0.0 0.0
0.0 0.0 0.0 0.0 0.0 0.0 0.0 0.0 0.0 0.0 0.0 0.0 0.0 0.0 0.0 207.0 2.0 1.0 1.0 0.0 0.0 0.01 0.07 0.0 255.0 14.0 0.05 0.09 0.0 0.0 1.0 1.0 0.0 0.0
0.0 0.0 0.0 0.0 0.0 0.0 0.0 0.0 0.0 0.0 0.0 0.0 0.0 0.0 0.0 234.0 3.0 1.0 1.0 0.0 0.0 0.01 0.07 0.0 255.0 17.0 0.07 0.08 0.0 0.0 1.0 1.0 0.0 0.0
0.0 0.0 0.0 0.0 0.0 0.0 0.0 0.0 0.0 0.0 0.0 0.0 0.0 0.0 0.0 224.0 12.0 1.0 1.0 0.0 0.0 0.05 0.07 0.0 255.0 3.0 0.01 0.08 0.0 0.0 1.0 1.0 0.0 0.0
0.0 0.0 0.0 0.0 0.0 0.0 0.0 0.0 0.0 0.0 0.0 0.0 0.0 0.0 0.0 279.0 10.0 1.0 1.0 0.0 0.0 0.04 0.06 0.0 255.0 12.0 0.05 0.08 0.0 0.0 1.0 1.0 0.0 0.0
0.0 0.0 0.0 0.0 0.0 0.0 0.0 0.0 0.0 0.0 0.0 0.0 0.0 0.0 0.0 206.0 3.0 1.0 1.0 0.0 0.0 0.01 0.07 0.0 255.0 12.0 0.05 0.08 0.0 0.0 1.0 1.0 0.0 0.0
0.0 0.0 0.0 0.0 0.0 0.0 0.0 0.0 0.0 0.0 0.0 0.0 0.0 0.0 0.0 296.0 18.0 1.0 1.0 0.0 0.0 0.06 0.06 0.0 255.0 17.0 0.07 0.08 0.0 0.0 1.0 1.0 0.0 0.0
0.0 0.0 0.0 0.0 0.0 0.0 0.0 0.0 0.0 0.0 0.0 0.0 0.0 0.0 0.0 264.0 15.0 1.0 1.0 0.0 0.0 0.06 0.06 0.0 255.0 14.0 0.05 0.08 0.0 0.0 1.0 1.0 0.0 0.0
0.0 0.0 0.0 0.0 0.0 0.0 0.0 0.0 0.0 0.0 0.0 0.0 0.0 0.0 0.0 259.0 10.0 1.0 1.0 0.0 0.0 0.04 0.07 0.0 255.0 19.0 0.07 0.08 0.0 0.0 1.0 1.0 0.0 0.0
0.0 0.0 0.0 0.0 0.0 0.0 0.0 0.0 0.0 0.0 0.0 0.0 0.0 0.0 0.0 235.0 16.0 1.0 1.0 0.0 0.0 0.07 0.07 0.0 255.0 18.0 0.07 0.08 0.0 0.0 1.0 1.0 0.0 0.0
0.0 0.0 0.0 0.0 0.0 0.0 0.0 0.0 0.0 0.0 0.0 0.0 0.0 0.0 0.0 204.0 2.0 1.0 1.0 0.0 0.0 0.01 0.06 0.0 255.0 2.0 0.01 0.09 0.0 0.0 1.0 1.0 0.0 0.0
0.0 0.0 0.0 0.0 0.0 0.0 0.0 0.0 0.0 0.0 0.0 0.0 0.0 0.0 0.0 120.0 20.0 1.0 1.0 0.0 0.0 0.17 0.05 0.0 255.0 1.0 0.0 0.09 0.0 0.0 1.0 1.0 0.0 0.0
0.0 0.0 0.0 0.0 0.0 0.0 0.0 0.0 0.0 0.0 0.0 0.0 0.0 0.0 0.0 245.0 17.0 1.0 1.0 0.0 0.0 0.07 0.06 0.0 255.0 16.0 0.06 0.09 0.0 0.0 1.0 1.0 0.0 0.0
0.0 0.0 0.0 0.0 0.0 0.0 0.0 0.0 0.0 0.0 0.0 0.0 0.0 0.0 0.0 218.0 16.0 1.0 1.0 0.0 0.0 0.07 0.06 0.0 255.0 16.0 0.06 0.08 0.0 0.0 1.0 1.0 0.0 0.0
0.0 0.0 0.0 0.0 0.0 0.0 0.0 0.0 0.0 0.0 0.0 0.0 0.0 0.0 0.0 228.0 1.0 1.0 1.0 0.0 0.0 0.0 0.06 0.0 255.0 2.0 0.01 0.08 0.0 0.0 1.0 1.0 0.0 0.0
0.0 0.0 0.0 0.0 0.0 0.0 0.0 0.0 0.0 0.0 0.0 0.0 0.0 0.0 0.0 240.0 7.0 1.0 1.0 0.0 0.0 0.03 0.06 0.0 255.0 6.0 0.02 0.08 0.0 0.0 1.0 1.0 0.0 0.0
0.0 0.0 0.0 0.0 0.0 0.0 0.0 0.0 0.0 0.0 0.0 0.0 0.0 0.0 0.0 282.0 16.0 1.0 1.0 0.0 0.0 0.06 0.06 0.0 255.0 16.0 0.06 0.07 0.0 0.0 1.0 1.0 0.0 0.0
0.0 0.0 0.0 0.0 0.0 0.0 0.0 0.0 0.0 0.0 0.0 0.0 0.0 0.0 0.0 287.0 1.0 1.0 1.0 0.0 0.0 0.0 0.06 0.0 255.0 2.0 0.01 0.07 0.0 0.0 1.0 1.0 0.0 0.0
0.0 0.0 0.0 0.0 0.0 0.0 0.0 0.0 0.0 0.0 0.0 0.0 0.0 0.0 0.0 266.0 20.0 1.0 1.0 0.0 0.0 0.08 0.06 0.0 255.0 19.0 0.07 0.07 0.0 0.0 1.0 1.0 0.0 0.0
0.0 0.0 0.0 0.0 0.0 0.0 0.0 0.0 0.0 0.0 0.0 0.0 0.0 0.0 0.0 274.0 4.0 1.0 1.0 0.0 0.0 0.01 0.06 0.0 255.0 4.0 0.02 0.07 0.0 0.0 1.0 1.0 0.0 0.0
0.0 0.0 0.0 0.0 0.0 0.0 0.0 0.0 0.0 0.0 0.0 0.0 0.0 0.0 0.0 201.0 10.0 1.0 1.0 0.0 0.0 0.05 0.06 0.0 255.0 9.0 0.04 0.07 0.0 0.0 1.0 1.0 0.0 0.0
0.0 0.0 0.0 0.0 0.0 0.0 0.0 0.0 0.0 0.0 0.0 0.0 0.0 0.0 0.0 204.0 13.0 1.0 1.0 0.0 0.0 0.06 0.06 0.0 255.0 13.0 0.05 0.08 0.0 0.0 1.0 1.0 0.0 0.0
0.0 0.0 0.0 0.0 0.0 0.0 0.0 0.0 0.0 0.0 0.0 0.0 0.0 0.0 0.0 110.0 10.0 1.0 1.0 0.0 0.0 0.09 0.05 0.0 255.0 10.0 0.04 0.08 0.0 0.0 1.0 1.0 0.0 0.0
0.0 0.0 0.0 0.0 0.0 0.0 0.0 0.0 0.0 0.0 0.0 0.0 0.0 0.0 0.0 213.0 2.0 1.0 1.0 0.0 0.0 0.01 0.06 0.0 255.0 2.0 0.01 0.08 0.0 0.0 1.0 1.0 0.0 0.0
0.0 0.0 0.0 0.0 0.0 0.0 0.0 0.0 0.0 0.0 0.0 0.0 0.0 0.0 0.0 220.0 7.0 1.0 1.0 0.0 0.0 0.03 0.06 0.0 255.0 7.0 0.03 0.07 0.0 0.0 1.0 1.0 0.0 0.0
0.0 0.0 0.0 0.0 0.0 0.0 0.0 0.0 0.0 0.0 0.0 0.0 0.0 0.0 0.0 263.0 16.0 1.0 1.0 0.0 0.0 0.06 0.06 0.0 255.0 16.0 0.06 0.07 0.0 0.0 1.0 1.0 0.0 0.0
0.0 0.0 0.0 0.0 0.0 0.0 0.0 0.0 0.0 0.0 0.0 0.0 0.0 0.0 0.0 238.0 16.0 1.0 1.0 0.0 0.0 0.07 0.06 0.0 255.0 15.0 0.06 0.07 0.0 0.0 1.0 1.0 0.0 0.0
0.0 0.0 0.0 0.0 0.0 0.0 0.0 0.0 0.0 0.0 0.0 0.0 0.0 0.0 0.0 248.0 1.0 1.0 1.0 0.0 0.0 0.0 0.06 0.0 255.0 2.0 0.01 0.07 0.0 0.0 1.0 1.0 0.0 0.0
0.0 0.0 0.0 0.0 0.0 0.0 0.0 0.0 0.0 0.0 0.0 0.0 0.0 0.0 0.0 286.0 10.0 1.0 1.0 0.0 0.0 0.03 0.06 0.0 255.0 10.0 0.04 0.07 0.0 0.0 1.0 1.0 0.0 0.0
0.0 0.0 0.0 0.0 0.0 0.0 0.0 0.0 0.0 0.0 0.0 0.0 0.0 0.0 0.0 291.0 15.0 1.0 1.0 0.0 0.0 0.05 0.05 0.0 255.0 15.0 0.06 0.07 0.0 0.0 1.0 1.0 0.0 0.0
0.0 0.0 0.0 0.0 0.0 0.0 0.0 0.0 0.0 0.0 0.0 0.0 0.0 0.0 0.0 274.0 14.0 1.0 1.0 0.0 0.0 0.05 0.06 0.0 255.0 15.0 0.06 0.07 0.0 0.0 1.0 1.0 0.0 0.0
0.0 0.0 0.0 0.0 0.0 0.0 0.0 0.0 0.0 0.0 0.0 0.0 0.0 0.0 0.0 200.0 19.0 1.0 1.0 0.0 0.0 0.09 0.06 0.0 255.0 18.0 0.07 0.08 0.0 0.0 1.0 1.0 0.0 0.0
0.0 0.0 0.0 0.0 0.0 0.0 0.0 0.0 0.0 0.0 0.0 0.0 0.0 0.0 0.0 204.0 3.0 1.0 1.0 0.0 0.0 0.01 0.06 0.0 255.0 3.0 0.01 0.09 0.0 0.0 1.0 1.0 0.0 0.0
0.0 0.0 0.0 0.0 0.0 0.0 0.0 0.0 0.0 0.0 0.0 0.0 0.0 0.0 0.0 139.0 19.0 1.0 1.0 0.0 0.0 0.14 0.05 0.0 255.0 4.0 0.02 0.08 0.0 0.0 1.0 1.0 0.0 0.0
0.0 0.0 0.0 0.0 0.0 0.0 0.0 0.0 0.0 0.0 0.0 0.0 0.0 0.0 0.0 213.0 12.0 1.0 1.0 0.0 0.0 0.06 0.06 0.0 255.0 12.0 0.05 0.07 0.0 0.0 1.0 1.0 0.0 0.0
0.0 0.0 0.0 0.0 0.0 0.0 0.0 0.0 0.0 0.0 0.0 0.0 0.0 0.0 0.0 220.0 17.0 1.0 1.0 0.0 0.0 0.08 0.06 0.0 255.0 17.0 0.07 0.07 0.0 0.0 1.0 1.0 0.0 0.0
0.0 0.0 0.0 0.0 0.0 0.0 0.0 0.0 0.0 0.0 0.0 0.0 0.0 0.0 0.0 263.0 6.0 1.0 1.0 0.0 0.0 0.02 0.06 0.0 255.0 6.0 0.02 0.07 0.0 0.0 1.0 1.0 0.0 0.0
0.0 0.0 0.0 0.0 0.0 0.0 0.0 0.0 0.0 0.0 0.0 0.0 0.0 0.0 0.0 273.0 11.0 1.0 1.0 0.0 0.0 0.04 0.06 0.0 255.0 11.0 0.04 0.07 0.0 0.0 1.0 1.0 0.0 0.0
0.0 0.0 0.0 0.0 0.0 0.0 0.0 0.0 0.0 0.0 0.0 0.0 0.0 0.0 0.0 246.0 10.0 1.0 1.0 0.0 0.0 0.04 0.06 0.0 255.0 10.0 0.04 0.07 0.0 0.0 1.0 1.0 0.0 0.0
0.0 0.0 0.0 0.0 0.0 0.0 0.0 0.0 0.0 0.0 0.0 0.0 0.0 0.0 0.0 256.0 15.0 1.0 1.0 0.0 0.0 0.06 0.06 0.0 255.0 15.0 0.06 0.07 0.0 0.0 1.0 1.0 0.0 0.0
0.0 0.0 0.0 0.0 0.0 0.0 0.0 0.0 0.0 0.0 0.0 0.0 0.0 0.0 0.0 290.0 4.0 1.0 1.0 0.0 0.0 0.01 0.06 0.0 255.0 4.0 0.02 0.07 0.0 0.0 1.0 1.0 0.0 0.0
0.0 0.0 0.0 0.0 0.0 0.0 0.0 0.0 0.0 0.0 0.0 0.0 0.0 0.0 0.0 294.0 8.0 1.0 1.0 0.0 0.0 0.03 0.06 0.0 255.0 8.0 0.03 0.07 0.0 0.0 1.0 1.0 0.0 0.0
0.0 0.0 0.0 0.0 0.0 0.0 0.0 0.0 0.0 0.0 0.0 0.0 0.0 0.0 0.0 215.0 13.0 1.0 1.0 0.0 0.0 0.06 0.07 0.0 255.0 2.0 0.01 0.08 0.0 0.0 1.0 1.0 0.0 0.0
0.0 0.0 0.0 0.0 0.0 0.0 0.0 0.0 0.0 0.0 0.0 0.0 0.0 0.0 0.0 211.0 10.0 1.0 1.0 0.0 0.0 0.05 0.07 0.0 255.0 5.0 0.02 0.08 0.0 0.0 1.0 1.0 0.0 0.0
0.0 0.0 0.0 0.0 0.0 0.0 0.0 0.0 0.0 0.0 0.0 0.0 0.0 0.0 0.0 145.0 5.0 1.0 1.0 0.0 0.0 0.03 0.06 0.0 255.0 7.0 0.03 0.08 0.0 0.0 1.0 1.0 0.0 0.0
0.0 0.0 0.0 0.0 0.0 0.0 0.0 0.0 0.0 0.0 0.0 0.0 0.0 0.0 0.0 300.0 20.0 1.0 1.0 0.0 0.0 0.07 0.06 0.0 255.0 14.0 0.05 0.07 0.0 0.0 1.0 1.0 0.0 0.0
0.0 0.0 0.0 0.0 0.0 0.0 0.0 0.0 0.0 0.0 0.0 0.0 0.0 0.0 0.0 296.0 17.0 1.0 1.0 0.0 0.0 0.06 0.06 0.0 255.0 19.0 0.07 0.07 0.0 0.0 1.0 1.0 0.0 0.0
0.0 0.0 0.0 0.0 0.0 0.0 0.0 0.0 0.0 0.0 0.0 0.0 0.0 0.0 0.0 253.0 13.0 1.0 1.0 0.0 0.0 0.05 0.06 0.0 255.0 8.0 0.03 0.08 0.0 0.0 1.0 1.0 0.0 0.0
0.0 0.0 0.0 0.0 0.0 0.0 0.0 0.0 0.0 0.0 0.0 0.0 0.0 0.0 0.0 243.0 8.0 1.0 1.0 0.0 0.0 0.03 0.07 0.0 255.0 13.0 0.05 0.08 0.0 0.0 1.0 1.0 0.0 0.0
0.0 0.0 0.0 0.0 0.0 0.0 0.0 0.0 0.0 0.0 0.0 0.0 0.0 0.0 0.0 270.0 9.0 1.0 1.0 0.0 0.0 0.03 0.06 0.0 255.0 12.0 0.05 0.08 0.0 0.0 1.0 1.0 0.0 0.0
0.0 0.0 0.0 0.0 0.0 0.0 0.0 0.0 0.0 0.0 0.0 0.0 0.0 0.0 0.0 260.0 4.0 1.0 1.0 0.0 0.0 0.02 0.07 0.0 255.0 17.0 0.07 0.08 0.0 0.0 1.0 1.0 0.0 0.0
0.0 0.0 0.0 0.0 0.0 0.0 0.0 0.0 0.0 0.0 0.0 0.0 0.0 0.0 0.0 227.0 15.0 1.0 1.0 0.0 0.0 0.07 0.07 0.0 255.0 13.0 0.05 0.08 0.0 0.0 1.0 1.0 0.0 0.0
0.0 0.0 0.0 0.0 0.0 0.0 0.0 0.0 0.0 0.0 0.0 0.0 0.0 0.0 0.0 222.0 10.0 1.0 1.0 0.0 0.0 0.05 0.07 0.0 255.0 18.0 0.07 0.07 0.0 0.0 1.0 1.0 0.0 0.0
0.0 0.0 0.0 0.0 0.0 0.0 0.0 0.0 0.0 0.0 0.0 0.0 0.0 0.0 0.0 290.0 20.0 1.0 1.0 0.0 0.0 0.07 0.06 0.0 255.0 18.0 0.07 0.07 0.0 0.0 1.0 1.0 0.0 0.0
0.0 0.0 0.0 0.0 0.0 0.0 0.0 0.0 0.0 0.0 0.0 0.0 0.0 0.0 0.0 273.0 9.0 1.0 1.0 0.0 0.0 0.03 0.06 0.0 255.0 7.0 0.03 0.08 0.0 0.0 1.0 1.0 0.0 0.0
0.0 0.0 0.0 0.0 0.0 0.0 0.0 0.0 0.0 0.0 0.0 0.0 0.0 0.0 0.0 139.0 9.0 1.0 1.0 0.0 0.0 0.06 0.06 0.0 255.0 8.0 0.03 0.08 0.0 0.0 1.0 1.0 0.0 0.0
0.0 0.0 0.0 0.0 0.0 0.0 0.0 0.0 0.0 0.0 0.0 0.0 0.0 0.0 0.0 292.0 18.0 1.0 1.0 0.0 0.0 0.06 0.06 0.0 255.0 16.0 0.06 0.08 0.0 0.0 1.0 1.0 0.0 0.0
0.0 0.0 0.0 0.0 0.0 0.0 0.0 0.0 0.0 0.0 0.0 0.0 0.0 0.0 0.0 202.0 1.0 1.0 1.0 0.0 0.0 0.0 0.07 0.0 255.0 3.0 0.01 0.07 0.0 0.0 1.0 1.0 0.0 0.0
0.0 0.0 0.0 0.0 0.0 0.0 0.0 0.0 0.0 0.0 0.0 0.0 0.0 0.0 0.0 274.0 8.0 1.0 1.0 0.0 0.0 0.03 0.06 0.0 255.0 2.0 0.01 0.08 0.0 0.0 1.0 1.0 0.0 0.0
0.0 0.0 0.0 0.0 0.0 0.0 0.0 0.0 0.0 0.0 0.0 0.0 0.0 0.0 0.0 219.0 9.0 1.0 1.0 0.0 0.0 0.04 0.07 0.0 255.0 11.0 0.04 0.08 0.0 0.0 1.0 1.0 0.0 0.0
0.0 0.0 0.0 0.0 0.0 0.0 0.0 0.0 0.0 0.0 0.0 0.0 0.0 0.0 0.0 291.0 16.0 1.0 1.0 0.0 0.0 0.05 0.06 0.0 255.0 10.0 0.04 0.08 0.0 0.0 1.0 1.0 0.0 0.0
0.0 0.0 0.0 0.0 0.0 0.0 0.0 0.0 0.0 0.0 0.0 0.0 0.0 0.0 0.0 201.0 1.0 1.0 1.0 0.0 0.0 0.0 0.06 0.0 255.0 15.0 0.06 0.07 0.0 0.0 1.0 1.0 0.0 0.0
0.0 0.0 0.0 0.0 0.0 0.0 0.0 0.0 0.0 0.0 0.0 0.0 0.0 0.0 0.0 237.0 4.0 1.0 1.0 0.0 0.0 0.02 0.07 0.0 255.0 4.0 0.02 0.07 0.0 0.0 1.0 1.0 0.0 0.0
0.0 0.0 0.0 0.0 0.0 0.0 0.0 0.0 0.0 0.0 0.0 0.0 0.0 0.0 0.0 242.0 8.0 1.0 1.0 0.0 0.0 0.03 0.07 0.0 255.0 8.0 0.03 0.07 0.0 0.0 1.0 1.0 0.0 0.0
0.0 0.0 0.0 0.0 0.0 0.0 0.0 0.0 0.0 0.0 0.0 0.0 0.0 0.0 0.0 282.0 17.0 1.0 1.0 0.0 0.0 0.06 0.06 0.0 255.0 1.0 0.0 0.08 0.0 0.0 1.0 1.0 0.0 0.0
0.0 0.0 0.0 0.0 0.0 0.0 0.0 0.0 0.0 0.0 0.0 0.0 0.0 0.0 0.0 294.0 16.0 1.0 1.0 0.0 0.0 0.05 0.05 0.0 255.0 4.0 0.02 0.09 0.0 0.0 1.0 1.0 0.0 0.0
0.0 0.0 0.0 0.0 0.0 0.0 0.0 0.0 0.0 0.0 0.0 0.0 0.0 0.0 0.0 129.0 19.0 1.0 1.0 0.0 0.0 0.15 0.05 0.0 255.0 2.0 0.01 0.08 0.0 0.0 1.0 1.0 0.0 0.0
