0.0 289.0 3581.0 0.0 0.0 0.0 0.0 0.0 0.0 0.0 0.0 0.0 0.0 0.0 0.0 7.0 7.0 0.0 0.0 0.0 0.0 1.0 0.0 0.0 128.0 255.0 1.0 0.0 0.01 0.02 0.0 0.0 0.0 0.0
0.0 312.0 3581.0 0.0 0.0 0.0 0.0 0.0 0.0 0.0 0.0 0.0 0.0 0.0 0.0 9.0 9.0 0.0 0.0 0.0 0.0 1.0 0.0 0.0 138.0 255.0 1.0 0.0 0.01 0.02 0.0 0.0 0.0 0.0
0.0 353.0 6483.0 0.0 0.0 0.0 0.0 0.0 0.0 0.0 0.0 0.0 0.0 0.0 0.0 9.0 9.0 0.0 0.0 0.0 0.0 1.0 0.0 0.0 148.0 255.0 1.0 0.0 0.01 0.02 0.0 0.0 0.0 0.0
0.0 325.0 8122.0 0.0 0.0 0.0 0.0 0.0 0.0 0.0 0.0 0.0 0.0 0.0 0.0 1.0 3.0 0.0 0.0 0.0 0.0 1.0 0.0 0.67 158.0 255.0 1.0 0.0 0.01 0.02 0.0 0.0 0.0 0.0
0.0 353.0 332.0 0.0 0.0 0.0 0.0 0.0 0.0 0.0 0.0 0.0 0.0 0.0 0.0 4.0 4.0 0.0 0.0 0.0 0.0 1.0 0.0 0.0 168.0 255.0 1.0 0.0 0.01 0.02 0.0 0.0 0.0 0.0
0.0 193.0 839.0 0.0 0.0 0.0 0.0 0.0 0.0 0.0 0.0 0.0 0.0 0.0 0.0 6.0 10.0 0.0 0.0 0.0 0.0 1.0 0.0 0.2 178.0 255.0 1.0 0.0 0.01 0.02 0.0 0.0 0.0 0.0
0.0 198.0 3391.0 0.0 0.0 0.0 0.0 0.0 0.0 0.0 0.0 0.0 0.0 0.0 0.0 6.0 6.0 0.0 0.0 0.0 0.0 1.0 0.0 0.0 188.0 255.0 1.0 0.0 0.01 0.02 0.0 0.0 0.0 0.0
0.0 201.0 7121.0 0.0 0.0 0.0 0.0 0.0 0.0 0.0 0.0 0.0 0.0 0.0 0.0 6.0 6.0 0.0 0.0 0.0 0.0 1.0 0.0 0.0 198.0 255.0 1.0 0.0 0.01 0.01 0.0 0.0 0.0 0.0
0.0 209.0 21308.0 0.0 0.0 0.0 0.0 0.0 0.0 0.0 0.0 0.0 0.0 0.0 0.0 1.0 1.0 0.0 0.0 0.0 0.0 1.0 0.0 0.0 208.0 255.0 1.0 0.0 0.0 0.01 0.0 0.0 0.0 0.0
0.0 314.0 2425.0 0.0 0.0 0.0 0.0 0.0 0.0 0.0 0.0 0.0 0.0 0.0 0.0 3.0 3.0 0.0 0.0 0.0 0.0 1.0 0.0 0.0 3.0 255.0 1.0 0.0 0.33 0.02 0.0 0.0 0.0 0.0
0.0 319.0 2868.0 0.0 0.0 0.0 0.0 0.0 0.0 0.0 0.0 0.0 0.0 0.0 0.0 13.0 13.0 0.0 0.0 0.0 0.0 1.0 0.0 0.0 13.0 255.0 1.0 0.0 0.08 0.01 0.0 0.0 0.0 0.0
0.0 323.0 2425.0 0.0 0.0 0.0 0.0 0.0 0.0 0.0 0.0 0.0 0.0 0.0 0.0 7.0 7.0 0.0 0.0 0.0 0.0 1.0 0.0 0.0 23.0 255.0 1.0 0.0 0.04 0.01 0.0 0.0 0.0 0.0
0.0 319.0 2824.0 0.0 0.0 0.0 0.0 0.0 0.0 0.0 0.0 0.0 0.0 0.0 0.0 5.0 5.0 0.0 0.0 0.0 0.0 1.0 0.0 0.0 33.0 255.0 1.0 0.0 0.03 0.01 0.0 0.0 0.0 0.0
0.0 319.0 3058.0 0.0 0.0 0.0 0.0 0.0 0.0 0.0 0.0 0.0 0.0 0.0 0.0 15.0 15.0 0.0 0.0 0.0 0.0 1.0 0.0 0.0 43.0 255.0 1.0 0.0 0.02 0.01 0.0 0.0 0.0 0.0
0.0 337.0 13370.0 0.0 0.0 0.0 0.0 0.0 0.0 0.0 0.0 0.0 0.0 0.0 0.0 1.0 1.0 0.0 0.0 0.0 0.0 1.0 0.0 0.0 53.0 255.0 1.0 0.0 0.02 0.01 0.0 0.0 0.0 0.0
0.0 336.0 2824.0 0.0 0.0 0.0 0.0 0.0 0.0 0.0 0.0 0.0 0.0 0.0 0.0 7.0 7.0 0.0 0.0 0.0 0.0 1.0 0.0 0.0 63.0 255.0 1.0 0.0 0.02 0.01 0.0 0.0 0.0 0.0
0.0 271.0 9611.0 0.0 0.0 0.0 0.0 0.0 0.0 0.0 0.0 0.0 0.0 0.0 0.0 17.0 17.0 0.0 0.0 0.0 0.0 1.0 0.0 0.0 73.0 255.0 1.0 0.0 0.01 0.01 0.0 0.0 0.0 0.0
0.0 323.0 3070.0 0.0 0.0 0.0 0.0 0.0 0.0 0.0 0.0 0.0 0.0 0.0 0.0 10.0 22.0 0.0 0.0 0.0 0.0 1.0 0.0 0.09 83.0 255.0 1.0 0.0 0.01 0.01 0.0 0.0 0.0 0.0
0.0 317.0 46449.0 0.0 0.0 0.0 0.0 0.0 0.0 0.0 0.0 0.0 0.0 0.0 0.0 2.0 16.0 0.0 0.0 0.0 0.0 1.0 0.0 0.12 93.0 255.0 1.0 0.0 0.01 0.01 0.0 0.0 0.0 0.0
0.0 318.0 5707.0 0.0 0.0 0.0 0.0 0.0 0.0 0.0 0.0 0.0 0.0 0.0 0.0 4.0 4.0 0.0 0.0 0.0 0.0 1.0 0.0 0.0 103.0 255.0 1.0 0.0 0.01 0.01 0.0 0.0 0.0 0.0
0.0 304.0 17271.0 0.0 0.0 0.0 0.0 0.0 0.0 0.0 0.0 0.0 0.0 0.0 0.0 6.0 6.0 0.0 0.0 0.0 0.0 1.0 0.0 0.0 6.0 255.0 1.0 0.0 0.17 0.01 0.0 0.0 0.0 0.0
0.0 222.0 586.0 0.0 0.0 0.0 0.0 0.0 0.0 0.0 0.0 0.0 0.0 0.0 0.0 7.0 12.0 0.0 0.0 0.0 0.0 1.0 0.0 0.33 8.0 255.0 1.0 0.0 0.12 0.02 0.0 0.0 0.0 0.0
0.0 224.0 834.0 0.0 0.0 0.0 0.0 0.0 0.0 0.0 0.0 0.0 0.0 0.0 0.0 17.0 25.0 0.0 0.0 0.0 0.0 1.0 0.0 0.2 18.0 255.0 1.0 0.0 0.06 0.02 0.0 0.0 0.0 0.0
0.0 223.0 16499.0 0.0 0.0 0.0 0.0 0.0 0.0 0.0 0.0 0.0 0.0 0.0 0.0 7.0 7.0 0.0 0.0 0.0 0.0 1.0 0.0 0.0 28.0 255.0 1.0 0.0 0.04 0.02 0.0 0.0 0.0 0.0
0.0 281.0 862.0 0.0 0.0 0.0 0.0 0.0 0.0 0.0 0.0 0.0 0.0 0.0 0.0 8.0 13.0 0.0 0.0 0.0 0.0 1.0 0.0 0.23 8.0 255.0 1.0 0.0 0.12 0.02 0.0 0.0 0.0 0.0
0.0 285.0 599.0 0.0 0.0 0.0 0.0 0.0 0.0 0.0 0.0 0.0 0.0 0.0 0.0 18.0 23.0 0.0 0.0 0.0 0.0 1.0 0.0 0.13 18.0 255.0 1.0 0.0 0.06 0.02 0.0 0.0 0.0 0.0
0.0 389.0 11894.0 0.0 0.0 0.0 0.0 0.0 0.0 0.0 0.0 0.0 0.0 0.0 0.0 7.0 9.0 0.0 0.0 0.0 0.0 1.0 0.0 0.33 8.0 255.0 1.0 0.0 0.12 0.03 0.0 0.0 0.0 0.0
0.0 376.0 261.0 0.0 0.0 0.0 0.0 0.0 0.0 0.0 0.0 0.0 0.0 0.0 0.0 8.0 12.0 0.0 0.0 0.0 0.0 1.0 0.0 0.33 18.0 255.0 1.0 0.0 0.06 0.03 0.0 0.0 0.0 0.0
0.0 324.0 1432.0 0.0 0.0 0.0 0.0 0.0 0.0 0.0 0.0 0.0 0.0 0.0 0.0 1.0 1.0 0.0 0.0 0.0 0.0 1.0 0.0 0.0 1.0 255.0 1.0 0.0 1.0 0.04 0.0 0.0 0.0 0.0
0.0 161.0 4456.0 0.0 0.0 0.0 0.0 0.0 0.0 0.0 0.0 0.0 0.0 0.0 0.0 1.0 1.0 0.0 0.0 0.0 0.0 1.0 0.0 0.0 1.0 255.0 1.0 0.0 1.0 0.05 0.0 0.0 0.0 0.0
0.0 231.0 441.0 0.0 0.0 0.0 0.0 0.0 0.0 0.0 0.0 0.0 0.0 0.0 0.0 4.0 4.0 0.0 0.0 0.0 0.0 1.0 0.0 0.0 11.0 255.0 1.0 0.0 0.09 0.05 0.0 0.0 0.0 0.0
0.0 315.0 2099.0 0.0 0.0 0.0 0.0 0.0 0.0 0.0 0.0 0.0 0.0 0.0 0.0 4.0 5.0 0.0 0.0 0.0 0.0 1.0 0.0 0.4 21.0 255.0 1.0 0.0 0.05 0.05 0.0 0.0 0.0 0.0
0.0 283.0 3126.0 0.0 0.0 0.0 0.0 0.0 0.0 0.0 0.0 0.0 0.0 0.0 0.0 2.0 16.0 0.0 0.0 0.0 0.0 1.0 0.0 0.12 31.0 255.0 1.0 0.0 0.03 0.05 0.0 0.0 0.0 0.0
0.0 310.0 7709.0 0.0 0.0 0.0 0.0 0.0 0.0 0.0 0.0 0.0 0.0 0.0 0.0 2.0 2.0 0.0 0.0 0.0 0.0 1.0 0.0 0.0 7.0 255.0 1.0 0.0 0.14 0.05 0.0 0.0 0.0 0.0
0.0 317.0 541.0 0.0 0.0 0.0 0.0 0.0 0.0 0.0 0.0 0.0 0.0 0.0 0.0 1.0 7.0 0.0 0.0 0.0 0.0 1.0 0.0 0.29 7.0 255.0 1.0 0.0 0.14 0.06 0.0 0.0 0.0 0.0
0.0 392.0 13108.0 0.0 0.0 0.0 0.0 0.0 0.0 0.0 0.0 0.0 0.0 0.0 0.0 1.0 11.0 0.0 0.0 0.0 0.0 1.0 0.0 0.36 17.0 255.0 1.0 0.0 0.06 0.06 0.0 0.0 0.0 0.0
0.0 264.0 824.0 0.0 0.0 0.0 0.0 0.0 0.0 0.0 0.0 0.0 0.0 0.0 0.0 1.0 6.0 0.0 0.0 0.0 0.0 1.0 0.0 0.33 2.0 255.0 1.0 0.0 0.5 0.06 0.0 0.0 0.0 0.0
0.0 306.0 526.0 0.0 0.0 0.0 0.0 0.0 0.0 0.0 0.0 0.0 0.0 0.0 0.0 1.0 3.0 0.0 0.0 0.0 0.0 1.0 0.0 0.67 12.0 255.0 1.0 0.0 0.08 0.06 0.0 0.0 0.0 0.0
0.0 321.0 840.0 0.0 0.0 0.0 0.0 0.0 0.0 0.0 0.0 0.0 0.0 0.0 0.0 1.0 3.0 0.0 0.0 0.0 0.0 1.0 0.0 1.0 22.0 255.0 1.0 0.0 0.05 0.06 0.0 0.0 0.0 0.0
0.0 379.0 804.0 0.0 0.0 0.0 0.0 0.0 0.0 0.0 0.0 0.0 0.0 0.0 0.0 1.0 17.0 0.0 0.0 0.0 0.0 1.0 0.0 0.18 32.0 255.0 1.0 0.0 0.03 0.06 0.0 0.0 0.0 0.0
327.0 372.0 1003.0 0.0 0.0 0.0 0.0 0.0 0.0 0.0 0.0 0.0 0.0 0.0 0.0 1.0 4.0 0.0 0.0 0.0 0.0 1.0 0.0 0.5 42.0 255.0 1.0 0.0 0.02 0.06 0.0 0.0 0.0 0.0
0.0 317.0 20911.0 0.0 0.0 0.0 0.0 0.0 0.0 0.0 0.0 0.0 0.0 0.0 0.0 1.0 1.0 0.0 0.0 0.0 0.0 1.0 0.0 0.0 1.0 255.0 1.0 0.0 1.0 0.07 0.0 0.0 0.0 0.0
0.0 226.0 362.0 0.0 0.0 0.0 0.0 0.0 0.0 0.0 0.0 0.0 0.0 0.0 0.0 1.0 1.0 0.0 0.0 0.0 0.0 1.0 0.0 0.0 1.0 255.0 1.0 0.0 1.0 0.08 0.0 0.0 0.0 0.0
0.0 204.0 835.0 0.0 0.0 0.0 0.0 0.0 0.0 0.0 0.0 0.0 0.0 0.0 0.0 2.0 2.0 0.0 0.0 0.0 0.0 1.0 0.0 0.0 2.0 255.0 1.0 0.0 0.5 0.09 0.0 0.0 0.0 0.0
0.0 294.0 312.0 0.0 0.0 0.0 0.0 0.0 0.0 0.0 0.0 0.0 0.0 0.0 0.0 1.0 6.0 0.0 0.0 0.0 0.0 1.0 0.0 0.67 3.0 255.0 1.0 0.0 0.33 0.1 0.0 0.0 0.0 0.0
0.0 285.0 253.0 0.0 0.0 0.0 0.0 0.0 0.0 0.0 0.0 0.0 0.0 0.0 0.0 9.0 13.0 0.0 0.0 0.0 0.0 1.0 0.0 0.15 9.0 255.0 1.0 0.0 0.11 0.1 0.0 0.0 0.0 0.0
0.0 246.0 7350.0 0.0 0.0 0.0 0.0 0.0 0.0 0.0 0.0 0.0 0.0 0.0 0.0 1.0 1.0 0.0 0.0 0.0 0.0 1.0 0.0 0.0 19.0 255.0 1.0 0.0 0.05 0.09 0.0 0.0 0.0 0.0
0.0 300.0 2282.0 0.0 0.0 0.0 0.0 0.0 0.0 0.0 0.0 0.0 0.0 0.0 0.0 2.0 20.0 0.0 0.0 0.0 0.0 1.0 0.0 0.15 29.0 255.0 1.0 0.0 0.03 0.09 0.0 0.0 0.0 0.0
0.0 212.0 253.0 0.0 0.0 0.0 0.0 0.0 0.0 0.0 0.0 0.0 0.0 0.0 0.0 1.0 18.0 0.0 0.0 0.0 0.0 1.0 0.0 0.17 39.0 255.0 1.0 0.0 0.03 0.09 0.0 0.0 0.0 0.0
0.0 159.0 4353.0 0.0 0.0 0.0 0.0 0.0 0.0 0.0 0.0 0.0 0.0 0.0 0.0 1.0 1.0 0.0 0.0 0.0 0.0 1.0 0.0 0.0 49.0 255.0 1.0 0.0 0.02 0.09 0.0 0.0 0.0 0.0
0.0 181.0 2882.0 0.0 0.0 0.0 0.0 0.0 0.0 0.0 0.0 0.0 0.0 0.0 0.0 1.0 1.0 0.0 0.0 0.0 0.0 1.0 0.0 0.0 59.0 255.0 1.0 0.0 0.02 0.09 0.0 0.0 0.0 0.0
0.0 218.0 253.0 0.0 0.0 0.0 0.0 0.0 0.0 0.0 0.0 0.0 0.0 0.0 0.0 6.0 6.0 0.0 0.0 0.0 0.0 1.0 0.0 0.0 69.0 255.0 1.0 0.0 0.01 0.08 0.0 0.0 0.0 0.0
0.0 194.0 4826.0 0.0 0.0 0.0 0.0 0.0 0.0 0.0 0.0 0.0 0.0 0.0 0.0 6.0 6.0 0.0 0.0 0.0 0.0 1.0 0.0 0.0 79.0 255.0 1.0 0.0 0.01 0.08 0.0 0.0 0.0 0.0
0.0 195.0 1382.0 0.0 0.0 0.0 0.0 0.0 0.0 0.0 0.0 0.0 0.0 0.0 0.0 6.0 6.0 0.0 0.0 0.0 0.0 1.0 0.0 0.0 89.0 255.0 1.0 0.0 0.01 0.07 0.0 0.0 0.0 0.0
0.0 150.0 8282.0 0.0 0.0 0.0 0.0 0.0 0.0 0.0 0.0 0.0 0.0 0.0 0.0 1.0 1.0 0.0 0.0 0.0 0.0 1.0 0.0 0.0 99.0 255.0 1.0 0.0 0.01 0.07 0.0 0.0 0.0 0.0
0.0 155.0 427.0 0.0 0.0 0.0 0.0 0.0 0.0 0.0 0.0 0.0 0.0 0.0 0.0 1.0 1.0 0.0 0.0 0.0 0.0 1.0 0.0 0.0 1.0 255.0 1.0 0.0 1.0 0.06 0.0 0.0 0.0 0.0
0.0 211.0 124.0 0.0 0.0 0.0 0.0 0.0 0.0 0.0 0.0 0.0 0.0 0.0 0.0 3.0 6.0 0.0 0.0 0.0 0.0 1.0 0.0 0.33 10.0 255.0 1.0 0.0 0.1 0.07 0.0 0.0 0.0 0.0
0.0 268.0 2719.0 0.0 0.0 0.0 0.0 0.0 0.0 0.0 0.0 0.0 0.0 0.0 0.0 2.0 8.0 0.0 0.0 0.0 0.0 1.0 0.0 0.38 20.0 255.0 1.0 0.0 0.05 0.07 0.0 0.0 0.0 0.0
0.0 253.0 1588.0 0.0 0.0 0.0 0.0 0.0 0.0 0.0 0.0 0.0 0.0 0.0 0.0 2.0 15.0 0.0 0.0 0.0 0.0 1.0 0.0 0.2 30.0 255.0 1.0 0.0 0.03 0.06 0.0 0.0 0.0 0.0
0.0 282.0 124.0 0.0 0.0 0.0 0.0 0.0 0.0 0.0 0.0 0.0 0.0 0.0 0.0 2.0 2.0 0.0 0.0 0.0 0.0 1.0 0.0 0.0 40.0 255.0 1.0 0.0 0.03 0.05 0.0 0.0 0.0 0.0
0.0 196.0 124.0 0.0 0.0 0.0 0.0 0.0 0.0 0.0 0.0 0.0 0.0 0.0 0.0 4.0 10.0 0.0 0.0 0.0 0.0 1.0 0.0 0.3 50.0 255.0 1.0 0.0 0.02 0.05 0.0 0.0 0.0 0.0
0.0 253.0 1621.0 0.0 0.0 0.0 0.0 0.0 0.0 0.0 0.0 0.0 0.0 0.0 0.0 2.0 3.0 0.0 0.0 0.0 0.0 1.0 0.0 0.67 60.0 255.0 1.0 0.0 0.02 0.05 0.0 0.0 0.0 0.0
0.0 253.0 1621.0 0.0 0.0 0.0 0.0 0.0 0.0 0.0 0.0 0.0 0.0 0.0 0.0 2.0 4.0 0.0 0.0 0.0 0.0 1.0 0.0 0.5 70.0 255.0 1.0 0.0 0.01 0.05 0.0 0.0 0.0 0.0
0.0 353.0 247.0 0.0 0.0 0.0 0.0 0.0 0.0 0.0 0.0 0.0 0.0 0.0 0.0 1.0 15.0 0.0 0.0 0.0 0.0 1.0 0.0 0.13 80.0 255.0 1.0 0.0 0.01 0.05 0.0 0.0 0.0 0.0
0.0 211.0 124.0 0.0 0.0 0.0 0.0 0.0 0.0 0.0 0.0 0.0 0.0 0.0 0.0 4.0 8.0 0.0 0.0 0.0 0.0 1.0 0.0 0.25 90.0 255.0 1.0 0.0 0.01 0.05 0.0 0.0 0.0 0.0
0.0 335.0 198.0 0.0 0.0 0.0 0.0 0.0 0.0 0.0 0.0 0.0 0.0 0.0 0.0 1.0 1.0 0.0 0.0 0.0 0.0 1.0 0.0 0.0 100.0 255.0 1.0 0.0 0.01 0.05 0.0 0.0 0.0 0.0
0.0 320.0 745.0 0.0 0.0 0.0 0.0 0.0 0.0 0.0 0.0 0.0 0.0 0.0 0.0 3.0 3.0 0.0 0.0 0.0 0.0 1.0 0.0 0.0 110.0 255.0 1.0 0.0 0.01 0.05 0.0 0.0 0.0 0.0
0.0 220.0 194.0 0.0 0.0 0.0 0.0 0.0 0.0 0.0 0.0 0.0 0.0 0.0 0.0 3.0 5.0 0.0 0.0 0.0 0.0 1.0 0.0 0.4 120.0 255.0 1.0 0.0 0.01 0.04 0.0 0.0 0.0 0.0
0.0 369.0 1588.0 0.0 0.0 0.0 0.0 0.0 0.0 0.0 0.0 0.0 0.0 0.0 0.0 5.0 9.0 0.0 0.0 0.0 0.0 1.0 0.0 0.22 130.0 255.0 1.0 0.0 0.01 0.03 0.0 0.0 0.0 0.0
0.0 312.0 124.0 0.0 0.0 0.0 0.0 0.0 0.0 0.0 0.0 0.0 0.0 0.0 0.0 2.0 3.0 0.0 0.0 0.0 0.0 1.0 0.0 0.67 140.0 255.0 1.0 0.0 0.01 0.02 0.0 0.0 0.0 0.0
0.0 284.0 124.0 0.0 0.0 0.0 0.0 0.0 0.0 0.0 0.0 0.0 0.0 0.0 0.0 4.0 9.0 0.0 0.0 0.0 0.0 1.0 0.0 0.33 150.0 255.0 1.0 0.0 0.01 0.01 0.0 0.0 0.0 0.0
0.0 220.0 745.0 0.0 0.0 0.0 0.0 0.0 0.0 0.0 0.0 0.0 0.0 0.0 0.0 3.0 6.0 0.0 0.0 0.0 0.0 1.0 0.0 0.33 160.0 255.0 1.0 0.0 0.01 0.01 0.0 0.0 0.0 0.0
0.0 292.0 745.0 0.0 0.0 0.0 0.0 0.0 0.0 0.0 0.0 0.0 0.0 0.0 0.0 2.0 3.0 0.0 0.0 0.0 0.0 1.0 0.0 0.67 170.0 255.0 1.0 0.0 0.01 0.01 0.0 0.0 0.0 0.0
0.0 326.0 278.0 0.0 0.0 0.0 0.0 0.0 0.0 0.0 0.0 0.0 0.0 0.0 0.0 1.0 6.0 0.0 0.0 0.0 0.0 1.0 0.0 0.5 180.0 255.0 1.0 0.0 0.01 0.01 0.0 0.0 0.0 0.0
0.0 212.0 124.0 0.0 0.0 0.0 0.0 0.0 0.0 0.0 0.0 0.0 0.0 0.0 0.0 3.0 58.0 0.0 0.0 0.0 0.0 1.0 0.0 0.05 190.0 255.0 1.0 0.0 0.01 0.01 0.0 0.0 0.0 0.0
0.0 334.0 269.0 0.0 0.0 0.0 0.0 0.0 0.0 0.0 0.0 0.0 0.0 0.0 0.0 1.0 14.0 0.0 0.0 0.0 0.0 1.0 0.0 0.14 200.0 255.0 1.0 0.0 0.0 0.01 0.0 0.0 0.0 0.0
0.0 320.0 745.0 0.0 0.0 0.0 0.0 0.0 0.0 0.0 0.0 0.0 0.0 0.0 0.0 4.0 5.0 0.0 0.0 0.0 0.0 1.0 0.0 0.4 210.0 255.0 1.0 0.0 0.0 0.01 0.0 0.0 0.0 0.0
0.0 302.0 2563.0 0.0 0.0 0.0 0.0 0.0 0.0 0.0 0.0 0.0 0.0 0.0 0.0 1.0 49.0 0.0 0.0 0.0 0.0 1.0 0.0 0.06 1.0 255.0 1.0 0.0 1.0 0.02 0.0 0.0 0.0 0.0
0.0 304.0 2055.0 0.0 0.0 0.0 0.0 0.0 0.0 0.0 0.0 0.0 0.0 0.0 0.0 11.0 70.0 0.0 0.0 0.0 0.0 1.0 0.0 0.04 11.0 255.0 1.0 0.0 0.09 0.02 0.0 0.0 0.0 0.0
0.0 301.0 688.0 0.0 0.0 0.0 0.0 0.0 0.0 0.0 0.0 0.0 0.0 0.0 0.0 21.0 86.0 0.0 0.0 0.0 0.0 1.0 0.0 0.05 21.0 255.0 1.0 0.0 0.05 0.02 0.0 0.0 0.0 0.0
0.0 318.0 22154.0 0.0 0.0 0.0 0.0 0.0 0.0 0.0 0.0 0.0 0.0 0.0 0.0 4.0 5.0 0.0 0.0 0.0 0.0 1.0 0.0 0.4 31.0 255.0 1.0 0.0 0.03 0.02 0.0 0.0 0.0 0.0
0.0 321.0 1902.0 0.0 0.0 0.0 0.0 0.0 0.0 0.0 0.0 0.0 0.0 0.0 0.0 14.0 21.0 0.0 0.0 0.0 0.0 1.0 0.0 0.1 41.0 255.0 1.0 0.0 0.02 0.01 0.0 0.0 0.0 0.0
0.0 319.0 776.0 0.0 0.0 0.0 0.0 0.0 0.0 0.0 0.0 0.0 0.0 0.0 0.0 24.0 31.0 0.0 0.0 0.0 0.0 1.0 0.0 0.06 51.0 255.0 1.0 0.0 0.02 0.01 0.0 0.0 0.0 0.0
0.0 302.0 1879.0 0.0 0.0 0.0 0.0 0.0 0.0 0.0 0.0 0.0 0.0 0.0 0.0 10.0 12.0 0.0 0.0 0.0 0.0 1.0 0.0 0.17 61.0 255.0 1.0 0.0 0.02 0.01 0.0 0.0 0.0 0.0
0.0 303.0 1030.0 0.0 0.0 0.0 0.0 0.0 0.0 0.0 0.0 0.0 0.0 0.0 0.0 20.0 22.0 0.0 0.0 0.0 0.0 1.0 0.0 0.09 71.0 255.0 1.0 0.0 0.01 0.01 0.0 0.0 0.0 0.0
0.0 316.0 688.0 0.0 0.0 0.0 0.0 0.0 0.0 0.0 0.0 0.0 0.0 0.0 0.0 3.0 3.0 0.0 0.0 0.0 0.0 1.0 0.0 0.0 81.0 255.0 1.0 0.0 0.01 0.01 0.0 0.0 0.0 0.0
0.0 317.0 575.0 0.0 0.0 0.0 0.0 0.0 0.0 0.0 0.0 0.0 0.0 0.0 0.0 13.0 13.0 0.0 0.0 0.0 0.0 1.0 0.0 0.0 91.0 255.0 1.0 0.0 0.01 0.01 0.0 0.0 0.0 0.0
0.0 315.0 1087.0 0.0 0.0 0.0 0.0 0.0 0.0 0.0 0.0 0.0 0.0 0.0 0.0 23.0 23.0 0.0 0.0 0.0 0.0 1.0 0.0 0.0 101.0 255.0 1.0 0.0 0.01 0.01 0.0 0.0 0.0 0.0
0.0 301.0 10952.0 0.0 0.0 0.0 0.0 0.0 0.0 0.0 0.0 0.0 0.0 0.0 0.0 9.0 9.0 0.0 0.0 0.0 0.0 1.0 0.0 0.0 9.0 255.0 1.0 0.0 0.11 0.01 0.0 0.0 0.0 0.0
0.0 301.0 2467.0 0.0 0.0 0.0 0.0 0.0 0.0 0.0 0.0 0.0 0.0 0.0 0.0 19.0 19.0 0.0 0.0 0.0 0.0 1.0 0.0 0.0 19.0 255.0 1.0 0.0 0.05 0.01 0.0 0.0 0.0 0.0
0.0 323.0 1069.0 0.0 0.0 0.0 0.0 0.0 0.0 0.0 0.0 0.0 0.0 0.0 0.0 10.0 11.0 0.0 0.0 0.0 0.0 1.0 0.0 0.18 29.0 255.0 1.0 0.0 0.03 0.01 0.0 0.0 0.0 0.0
0.0 329.0 299.0 0.0 0.0 0.0 0.0 0.0 0.0 0.0 0.0 0.0 0.0 0.0 0.0 6.0 17.0 0.0 0.0 0.0 0.0 1.0 0.0 0.12 39.0 255.0 1.0 0.0 0.03 0.01 0.0 0.0 0.0 0.0
0.0 333.0 1069.0 0.0 0.0 0.0 0.0 0.0 0.0 0.0 0.0 0.0 0.0 0.0 0.0 2.0 2.0 0.0 0.0 0.0 0.0 1.0 0.0 0.0 49.0 255.0 1.0 0.0 0.02 0.01 0.0 0.0 0.0 0.0
0.0 333.0 999.0 0.0 0.0 0.0 0.0 0.0 0.0 0.0 0.0 0.0 0.0 0.0 0.0 12.0 14.0 0.0 0.0 0.0 0.0 1.0 0.0 0.21 59.0 255.0 1.0 0.0 0.02 0.01 0.0 0.0 0.0 0.0
0.0 309.0 8292.0 0.0 0.0 0.0 0.0 0.0 0.0 0.0 0.0 0.0 0.0 0.0 0.0 8.0 8.0 0.0 0.0 0.0 0.0 1.0 0.0 0.0 69.0 255.0 1.0 0.0 0.01 0.01 0.0 0.0 0.0 0.0
0.0 301.0 771.0 0.0 0.0 0.0 0.0 0.0 0.0 0.0 0.0 0.0 0.0 0.0 0.0 18.0 18.0 0.0 0.0 0.0 0.0 1.0 0.0 0.0 79.0 255.0 1.0 0.0 0.01 0.01 0.0 0.0 0.0 0.0
0.0 324.0 1178.0 0.0 0.0 0.0 0.0 0.0 0.0 0.0 0.0 0.0 0.0 0.0 0.0 9.0 9.0 0.0 0.0 0.0 0.0 1.0 0.0 0.0 89.0 255.0 1.0 0.0 0.01 0.01 0.0 0.0 0.0 0.0
0.0 334.0 1069.0 0.0 0.0 0.0 0.0 0.0 0.0 0.0 0.0 0.0 0.0 0.0 0.0 5.0 6.0 0.0 0.0 0.0 0.0 1.0 0.0 0.33 99.0 255.0 1.0 0.0 0.01 0.01 0.0 0.0 0.0 0.0
0.0 328.0 6224.0 0.0 0.0 0.0 0.0 0.0 0.0 0.0 0.0 0.0 0.0 0.0 0.0 1.0 1.0 0.0 0.0 0.0 0.0 1.0 0.0 0.0 109.0 255.0 1.0 0.0 0.01 0.01 0.0 0.0 0.0 0.0
0.0 331.0 999.0 0.0 0.0 0.0 0.0 0.0 0.0 0.0 0.0 0.0 0.0 0.0 0.0 11.0 11.0 0.0 0.0 0.0 0.0 1.0 0.0 0.0 119.0 255.0 1.0 0.0 0.01 0.01 0.0 0.0 0.0 0.0
0.0 226.0 873.0 0.0 0.0 0.0 0.0 0.0 0.0 0.0 0.0 0.0 0.0 0.0 0.0 7.0 9.0 0.0 0.0 0.0 0.0 1.0 0.0 0.22 7.0 255.0 1.0 0.0 0.14 0.02 0.0 0.0 0.0 0.0
0.0 224.0 1509.0 0.0 0.0 0.0 0.0 0.0 0.0 0.0 0.0 0.0 0.0 0.0 0.0 17.0 27.0 0.0 0.0 0.0 0.0 1.0 0.0 0.11 17.0 255.0 1.0 0.0 0.06 0.02 0.0 0.0 0.0 0.0
0.0 222.0 3591.0 0.0 0.0 0.0 0.0 0.0 0.0 0.0 0.0 0.0 0.0 0.0 0.0 27.0 38.0 0.0 0.0 0.0 0.0 1.0 0.0 0.08 27.0 255.0 1.0 0.0 0.04 0.02 0.0 0.0 0.0 0.0
0.0 235.0 8183.0 0.0 0.0 0.0 0.0 0.0 0.0 0.0 0.0 0.0 0.0 0.0 0.0 4.0 6.0 0.0 0.0 0.0 0.0 1.0 0.0 0.33 37.0 255.0 1.0 0.0 0.03 0.01 0.0 0.0 0.0 0.0
0.0 228.0 593.0 0.0 0.0 0.0 0.0 0.0 0.0 0.0 0.0 0.0 0.0 0.0 0.0 14.0 16.0 0.0 0.0 0.0 0.0 1.0 0.0 0.12 47.0 255.0 1.0 0.0 0.02 0.01 0.0 0.0 0.0 0.0
0.0 226.0 280.0 0.0 0.0 0.0 0.0 0.0 0.0 0.0 0.0 0.0 0.0 0.0 0.0 4.0 4.0 0.0 0.0 0.0 0.0 1.0 0.0 0.0 57.0 255.0 1.0 0.0 0.02 0.01 0.0 0.0 0.0 0.0
0.0 224.0 1509.0 0.0 0.0 0.0 0.0 0.0 0.0 0.0 0.0 0.0 0.0 0.0 0.0 13.0 13.0 0.0 0.0 0.0 0.0 1.0 0.0 0.0 67.0 255.0 1.0 0.0 0.01 0.01 0.0 0.0 0.0 0.0
0.0 170.0 19109.0 0.0 0.0 0.0 0.0 0.0 0.0 0.0 0.0 0.0 0.0 0.0 0.0 1.0 1.0 0.0 0.0 0.0 0.0 1.0 0.0 0.0 77.0 255.0 1.0 0.0 0.01 0.01 0.0 0.0 0.0 0.0
0.0 232.0 4073.0 0.0 0.0 0.0 0.0 0.0 0.0 0.0 0.0 0.0 0.0 0.0 0.0 10.0 10.0 0.0 0.0 0.0 0.0 1.0 0.0 0.0 87.0 255.0 1.0 0.0 0.01 0.01 0.0 0.0 0.0 0.0
0.0 325.0 873.0 0.0 0.0 0.0 0.0 0.0 0.0 0.0 0.0 0.0 0.0 0.0 0.0 2.0 3.0 0.0 0.0 0.0 0.0 1.0 0.0 0.67 97.0 255.0 1.0 0.0 0.01 0.01 0.0 0.0 0.0 0.0
0.0 320.0 2688.0 0.0 0.0 0.0 0.0 0.0 0.0 0.0 0.0 0.0 0.0 0.0 0.0 12.0 13.0 0.0 0.0 0.0 0.0 1.0 0.0 0.15 107.0 255.0 1.0 0.0 0.01 0.01 0.0 0.0 0.0 0.0
0.0 315.0 671.0 0.0 0.0 0.0 0.0 0.0 0.0 0.0 0.0 0.0 0.0 0.0 0.0 22.0 23.0 0.0 0.0 0.0 0.0 1.0 0.0 0.09 117.0 255.0 1.0 0.0 0.01 0.01 0.0 0.0 0.0 0.0
0.0 321.0 11892.0 0.0 0.0 0.0 0.0 0.0 0.0 0.0 0.0 0.0 0.0 0.0 0.0 32.0 32.0 0.0 0.0 0.0 0.0 1.0 0.0 0.0 127.0 255.0 1.0 0.0 0.01 0.01 0.0 0.0 0.0 0.0
0.0 321.0 2714.0 0.0 0.0 0.0 0.0 0.0 0.0 0.0 0.0 0.0 0.0 0.0 0.0 9.0 9.0 0.11 0.11 0.0 0.0 1.0 0.0 0.0 137.0 255.0 1.0 0.0 0.01 0.01 0.01 0.0 0.0 0.0
0.0 321.0 3591.0 0.0 0.0 0.0 0.0 0.0 0.0 0.0 0.0 0.0 0.0 0.0 0.0 19.0 19.0 0.05 0.05 0.0 0.0 1.0 0.0 0.0 147.0 255.0 1.0 0.0 0.01 0.01 0.01 0.0 0.0 0.0
0.0 330.0 7497.0 0.0 0.0 0.0 0.0 0.0 0.0 0.0 0.0 0.0 0.0 0.0 0.0 29.0 29.0 0.03 0.03 0.0 0.0 1.0 0.0 0.0 157.0 255.0 1.0 0.0 0.01 0.01 0.01 0.0 0.0 0.0
0.0 337.0 4073.0 0.0 0.0 0.0 0.0 0.0 0.0 0.0 0.0 0.0 0.0 0.0 0.0 6.0 6.0 0.0 0.0 0.0 0.0 1.0 0.0 0.0 167.0 255.0 1.0 0.0 0.01 0.01 0.01 0.0 0.0 0.0
0.0 216.0 280.0 0.0 0.0 0.0 0.0 0.0 0.0 0.0 0.0 0.0 0.0 0.0 0.0 3.0 3.0 0.0 0.0 0.0 0.0 1.0 0.0 0.0 177.0 255.0 1.0 0.0 0.01 0.01 0.01 0.0 0.0 0.0
0.0 217.0 1865.0 0.0 0.0 0.0 0.0 0.0 0.0 0.0 0.0 0.0 0.0 0.0 0.0 13.0 13.0 0.0 0.0 0.0 0.0 1.0 0.0 0.0 187.0 255.0 1.0 0.0 0.01 0.01 0.01 0.0 0.0 0.0
0.0 223.0 2302.0 0.0 0.0 0.0 0.0 0.0 0.0 0.0 0.0 0.0 0.0 0.0 0.0 23.0 23.0 0.0 0.0 0.0 0.0 1.0 0.0 0.0 197.0 255.0 1.0 0.0 0.01 0.01 0.01 0.0 0.0 0.0
0.0 218.0 2835.0 0.0 0.0 0.0 0.0 0.0 0.0 0.0 0.0 0.0 0.0 0.0 0.0 33.0 33.0 0.0 0.0 0.0 0.0 1.0 0.0 0.0 207.0 255.0 1.0 0.0 0.0 0.01 0.0 0.0 0.0 0.0
0.0 236.0 873.0 0.0 0.0 0.0 0.0 0.0 0.0 0.0 0.0 0.0 0.0 0.0 0.0 2.0 26.0 0.0 0.0 0.0 0.0 1.0 0.0 0.12 217.0 255.0 1.0 0.0 0.0 0.01 0.0 0.0 0.0 0.0
0.0 231.0 1256.0 0.0 0.0 0.0 0.0 0.0 0.0 0.0 0.0 0.0 0.0 0.0 0.0 6.0 21.0 0.0 0.0 0.0 0.0 1.0 0.0 0.19 227.0 255.0 1.0 0.0 0.0 0.01 0.0 0.0 0.0 0.0
0.0 226.0 2662.0 0.0 0.0 0.0 0.0 0.0 0.0 0.0 0.0 0.0 0.0 0.0 0.0 3.0 3.0 0.0 0.0 0.0 0.0 1.0 0.0 0.0 237.0 255.0 1.0 0.0 0.0 0.01 0.0 0.0 0.0 0.0
0.0 226.0 2402.0 0.0 0.0 0.0 0.0 0.0 0.0 0.0 0.0 0.0 0.0 0.0 0.0 13.0 13.0 0.0 0.0 0.0 0.0 1.0 0.0 0.0 247.0 255.0 1.0 0.0 0.0 0.01 0.0 0.0 0.0 0.0
0.0 214.0 671.0 0.0 0.0 0.0 0.0 0.0 0.0 0.0 0.0 0.0 0.0 0.0 0.0 23.0 23.0 0.0 0.0 0.0 0.0 1.0 0.0 0.0 255.0 255.0 1.0 0.0 0.0 0.0 0.0 0.0 0.0 0.0
0.0 229.0 7497.0 0.0 0.0 0.0 0.0 0.0 0.0 0.0 0.0 0.0 0.0 0.0 0.0 33.0 33.0 0.0 0.0 0.0 0.0 1.0 0.0 0.0 255.0 255.0 1.0 0.0 0.0 0.0 0.0 0.0 0.0 0.0
0.0 239.0 2721.0 0.0 0.0 0.0 0.0 0.0 0.0 0.0 0.0 0.0 0.0 0.0 0.0 10.0 25.0 0.0 0.0 0.0 0.0 1.0 0.0 0.12 255.0 255.0 1.0 0.0 0.01 0.0 0.0 0.0 0.0 0.0
0.0 219.0 2688.0 0.0 0.0 0.0 0.0 0.0 0.0 0.0 0.0 0.0 0.0 0.0 0.0 8.0 8.0 0.0 0.0 0.0 0.0 1.0 0.0 0.0 255.0 255.0 1.0 0.0 0.0 0.0 0.0 0.0 0.0 0.0
0.0 229.0 12164.0 0.0 0.0 0.0 0.0 0.0 0.0 0.0 0.0 0.0 0.0 0.0 0.0 18.0 18.0 0.0 0.0 0.0 0.0 1.0 0.0 0.0 255.0 255.0 1.0 0.0 0.0 0.0 0.0 0.0 0.0 0.0
0.0 222.0 2483.0 0.0 0.0 0.0 0.0 0.0 0.0 0.0 0.0 0.0 0.0 0.0 0.0 28.0 28.0 0.0 0.0 0.0 0.0 1.0 0.0 0.0 255.0 255.0 1.0 0.0 0.0 0.0 0.0 0.0 0.0 0.0
0.0 281.0 7412.0 0.0 0.0 0.0 0.0 0.0 0.0 0.0 0.0 0.0 0.0 0.0 0.0 5.0 5.0 0.0 0.0 0.0 0.0 1.0 0.0 0.0 255.0 255.0 1.0 0.0 0.0 0.0 0.0 0.0 0.0 0.0
0.0 281.0 594.0 0.0 0.0 0.0 0.0 0.0 0.0 0.0 0.0 0.0 0.0 0.0 0.0 15.0 15.0 0.0 0.0 0.0 0.0 1.0 0.0 0.0 255.0 255.0 1.0 0.0 0.0 0.0 0.0 0.0 0.0 0.0
0.0 276.0 294.0 0.0 0.0 0.0 0.0 0.0 0.0 0.0 0.0 0.0 0.0 0.0 0.0 25.0 25.0 0.0 0.0 0.0 0.0 1.0 0.0 0.0 255.0 255.0 1.0 0.0 0.0 0.0 0.0 0.0 0.0 0.0
0.0 286.0 1376.0 0.0 0.0 0.0 0.0 0.0 0.0 0.0 0.0 0.0 0.0 0.0 0.0 34.0 34.0 0.0 0.0 0.0 0.0 1.0 0.0 0.0 255.0 255.0 1.0 0.0 0.0 0.0 0.0 0.0 0.0 0.0
0.0 185.0 504.0 0.0 0.0 0.0 0.0 0.0 0.0 0.0 0.0 0.0 0.0 0.0 0.0 1.0 2.0 0.0 0.0 0.0 0.0 1.0 0.0 1.0 255.0 255.0 1.0 0.0 0.0 0.0 0.0 0.0 0.0 0.0
0.0 257.0 8095.0 0.0 0.0 0.0 0.0 0.0 0.0 0.0 0.0 0.0 0.0 0.0 0.0 11.0 12.0 0.0 0.0 0.0 0.0 1.0 0.0 0.17 255.0 255.0 1.0 0.0 0.0 0.0 0.0 0.0 0.0 0.0
0.0 254.0 259.0 0.0 0.0 0.0 0.0 0.0 0.0 0.0 0.0 0.0 0.0 0.0 0.0 21.0 22.0 0.0 0.0 0.0 0.0 1.0 0.0 0.09 255.0 255.0 1.0 0.0 0.0 0.0 0.0 0.0 0.0 0.0
0.0 245.0 1752.0 0.0 0.0 0.0 0.0 0.0 0.0 0.0 0.0 0.0 0.0 0.0 0.0 31.0 32.0 0.0 0.0 0.0 0.0 1.0 0.0 0.06 255.0 255.0 1.0 0.0 0.0 0.0 0.0 0.0 0.0 0.0
0.0 257.0 8095.0 0.0 0.0 0.0 0.0 0.0 0.0 0.0 0.0 0.0 0.0 0.0 0.0 6.0 6.0 0.0 0.0 0.0 0.0 1.0 0.0 0.0 255.0 255.0 1.0 0.0 0.0 0.0 0.0 0.0 0.0 0.0
0.0 246.0 556.0 0.0 0.0 0.0 0.0 0.0 0.0 0.0 0.0 0.0 0.0 0.0 0.0 16.0 16.0 0.0 0.0 0.0 0.0 1.0 0.0 0.0 255.0 255.0 1.0 0.0 0.0 0.0 0.0 0.0 0.0 0.0
0.0 249.0 2350.0 0.0 0.0 0.0 0.0 0.0 0.0 0.0 0.0 0.0 0.0 0.0 0.0 26.0 26.0 0.0 0.0 0.0 0.0 1.0 0.0 0.0 255.0 255.0 1.0 0.0 0.0 0.0 0.0 0.0 0.0 0.0
0.0 173.0 480.0 0.0 0.0 0.0 0.0 0.0 0.0 0.0 0.0 0.0 0.0 0.0 0.0 2.0 2.0 0.0 0.0 0.0 0.0 1.0 0.0 0.0 255.0 255.0 1.0 0.0 0.0 0.0 0.0 0.0 0.0 0.0
0.0 235.0 3817.0 0.0 0.0 0.0 0.0 0.0 0.0 0.0 0.0 0.0 0.0 0.0 0.0 12.0 12.0 0.0 0.0 0.0 0.0 1.0 0.0 0.0 255.0 255.0 1.0 0.0 0.0 0.0 0.0 0.0 0.0 0.0
0.0 236.0 298.0 0.0 0.0 0.0 0.0 0.0 0.0 0.0 0.0 0.0 0.0 0.0 0.0 22.0 22.0 0.0 0.0 0.0 0.0 1.0 0.0 0.0 255.0 255.0 1.0 0.0 0.0 0.0 0.0 0.0 0.0 0.0
0.0 236.0 3524.0 0.0 0.0 0.0 0.0 0.0 0.0 0.0 0.0 0.0 0.0 0.0 0.0 32.0 32.0 0.0 0.0 0.0 0.0 1.0 0.0 0.0 255.0 255.0 1.0 0.0 0.0 0.0 0.0 0.0 0.0 0.0
0.0 237.0 3516.0 0.0 0.0 0.0 0.0 0.0 0.0 0.0 0.0 0.0 0.0 0.0 0.0 42.0 42.0 0.0 0.0 0.0 0.0 1.0 0.0 0.0 255.0 255.0 1.0 0.0 0.0 0.0 0.0 0.0 0.0 0.0
0.0 240.0 662.0 0.0 0.0 0.0 0.0 0.0 0.0 0.0 0.0 0.0 0.0 0.0 0.0 50.0 50.0 0.0 0.0 0.0 0.0 1.0 0.0 0.0 255.0 255.0 1.0 0.0 0.0 0.0 0.0 0.0 0.0 0.0
0.0 241.0 700.0 0.0 0.0 0.0 0.0 0.0 0.0 0.0 0.0 0.0 0.0 0.0 0.0 60.0 60.0 0.0 0.0 0.0 0.0 1.0 0.0 0.0 255.0 255.0 1.0 0.0 0.0 0.0 0.0 0.0 0.0 0.0
0.0 237.0 695.0 0.0 0.0 0.0 0.0 0.0 0.0 0.0 0.0 0.0 0.0 0.0 0.0 9.0 9.0 0.0 0.0 0.0 0.0 1.0 0.0 0.0 255.0 255.0 1.0 0.0 0.0 0.0 0.0 0.0 0.0 0.0
0.0 253.0 16962.0 0.0 0.0 0.0 0.0 0.0 0.0 0.0 0.0 0.0 0.0 0.0 0.0 19.0 19.0 0.0 0.0 0.0 0.0 1.0 0.0 0.0 255.0 255.0 1.0 0.0 0.0 0.0 0.0 0.0 0.0 0.0
0.0 239.0 1088.0 0.0 0.0 0.0 0.0 0.0 0.0 0.0 0.0 0.0 0.0 0.0 0.0 29.0 29.0 0.0 0.0 0.0 0.0 1.0 0.0 0.0 255.0 255.0 1.0 0.0 0.0 0.0 0.0 0.0 0.0 0.0
0.0 247.0 2350.0 0.0 0.0 0.0 0.0 0.0 0.0 0.0 0.0 0.0 0.0 0.0 0.0 4.0 4.0 0.0 0.0 0.0 0.0 1.0 0.0 0.0 255.0 255.0 1.0 0.0 0.0 0.0 0.0 0.0 0.0 0.0
0.0 267.0 5747.0 0.0 0.0 0.0 0.0 0.0 0.0 0.0 0.0 0.0 0.0 0.0 0.0 14.0 14.0 0.0 0.0 0.0 0.0 1.0 0.0 0.0 255.0 255.0 1.0 0.0 0.0 0.0 0.0 0.0 0.0 0.0
0.0 250.0 9918.0 0.0 0.0 0.0 0.0 0.0 0.0 0.0 0.0 0.0 0.0 0.0 0.0 24.0 24.0 0.0 0.0 0.0 0.0 1.0 0.0 0.0 255.0 255.0 1.0 0.0 0.0 0.0 0.0 0.0 0.0 0.0
0.0 244.0 1752.0 0.0 0.0 0.0 0.0 0.0 0.0 0.0 0.0 0.0 0.0 0.0 0.0 3.0 3.0 0.0 0.0 0.0 0.0 1.0 0.0 0.0 255.0 255.0 1.0 0.0 0.0 0.0 0.0 0.0 0.0 0.0
0.0 249.0 757.0 0.0 0.0 0.0 0.0 0.0 0.0 0.0 0.0 0.0 0.0 0.0 0.0 13.0 13.0 0.0 0.0 0.0 0.0 1.0 0.0 0.0 255.0 255.0 1.0 0.0 0.0 0.0 0.0 0.0 0.0 0.0
0.0 249.0 613.0 0.0 0.0 0.0 0.0 0.0 0.0 0.0 0.0 0.0 0.0 0.0 0.0 23.0 23.0 0.0 0.0 0.0 0.0 1.0 0.0 0.0 255.0 255.0 1.0 0.0 0.0 0.0 0.0 0.0 0.0 0.0
0.0 252.0 668.0 0.0 0.0 0.0 0.0 0.0 0.0 0.0 0.0 0.0 0.0 0.0 0.0 33.0 33.0 0.0 0.0 0.0 0.0 1.0 0.0 0.0 255.0 255.0 1.0 0.0 0.0 0.0 0.0 0.0 0.0 0.0
0.0 244.0 1752.0 0.0 0.0 0.0 0.0 0.0 0.0 0.0 0.0 0.0 0.0 0.0 0.0 6.0 6.0 0.0 0.0 0.0 0.0 1.0 0.0 0.0 255.0 255.0 1.0 0.0 0.0 0.0 0.0 0.0 0.0 0.0
0.0 257.0 4649.0 0.0 0.0 0.0 0.0 0.0 0.0 0.0 0.0 0.0 0.0 0.0 0.0 16.0 16.0 0.0 0.0 0.0 0.0 1.0 0.0 0.0 255.0 255.0 1.0 0.0 0.0 0.0 0.0 0.0 0.0 0.0
0.0 248.0 602.0 0.0 0.0 0.0 0.0 0.0 0.0 0.0 0.0 0.0 0.0 0.0 0.0 26.0 26.0 0.0 0.0 0.0 0.0 1.0 0.0 0.0 255.0 255.0 1.0 0.0 0.0 0.0 0.0 0.0 0.0 0.0
0.0 252.0 700.0 0.0 0.0 0.0 0.0 0.0 0.0 0.0 0.0 0.0 0.0 0.0 0.0 36.0 36.0 0.0 0.0 0.0 0.0 1.0 0.0 0.0 255.0 255.0 1.0 0.0 0.0 0.0 0.0 0.0 0.0 0.0
0.0 304.0 2869.0 0.0 0.0 0.0 0.0 0.0 0.0 0.0 0.0 0.0 0.0 0.0 0.0 10.0 10.0 0.0 0.0 0.0 0.0 1.0 0.0 0.0 255.0 255.0 1.0 0.0 0.0 0.0 0.0 0.0 0.0 0.0
0.0 300.0 13003.0 0.0 0.0 0.0 0.0 0.0 0.0 0.0 0.0 0.0 0.0 0.0 0.0 20.0 20.0 0.0 0.0 0.0 0.0 1.0 0.0 0.0 255.0 255.0 1.0 0.0 0.0 0.0 0.0 0.0 0.0 0.0
0.0 291.0 2486.0 0.0 0.0 0.0 0.0 0.0 0.0 0.0 0.0 0.0 0.0 0.0 0.0 30.0 30.0 0.0 0.0 0.0 0.0 1.0 0.0 0.0 255.0 255.0 1.0 0.0 0.0 0.0 0.0 0.0 0.0 0.0
0.0 306.0 14549.0 0.0 0.0 0.0 0.0 0.0 0.0 0.0 0.0 0.0 0.0 0.0 0.0 7.0 7.0 0.0 0.0 0.0 0.0 1.0 0.0 0.0 255.0 255.0 1.0 0.0 0.0 0.0 0.0 0.0 0.0 0.0
0.0 368.0 611.0 0.0 0.0 0.0 0.0 0.0 0.0 0.0 0.0 0.0 0.0 0.0 0.0 1.0 1.0 0.0 0.0 0.0 0.0 1.0 0.0 0.0 255.0 255.0 1.0 0.0 0.0 0.0 0.0 0.0 0.0 0.0
0.0 220.0 2457.0 0.0 0.0 0.0 0.0 0.0 0.0 0.0 0.0 0.0 0.0 0.0 0.0 9.0 9.0 0.0 0.0 0.0 0.0 1.0 0.0 0.0 255.0 255.0 1.0 0.0 0.0 0.0 0.0 0.0 0.0 0.0
0.0 226.0 2402.0 0.0 0.0 0.0 0.0 0.0 0.0 0.0 0.0 0.0 0.0 0.0 0.0 19.0 19.0 0.0 0.0 0.0 0.0 1.0 0.0 0.0 255.0 255.0 1.0 0.0 0.0 0.0 0.0 0.0 0.0 0.0
0.0 214.0 671.0 0.0 0.0 0.0 0.0 0.0 0.0 0.0 0.0 0.0 0.0 0.0 0.0 29.0 29.0 0.0 0.0 0.0 0.0 1.0 0.0 0.0 255.0 255.0 1.0 0.0 0.0 0.0 0.0 0.0 0.0 0.0
0.0 250.0 695.0 0.0 0.0 0.0 0.0 0.0 0.0 0.0 0.0 0.0 0.0 0.0 0.0 6.0 6.0 0.0 0.0 0.0 0.0 1.0 0.0 0.0 255.0 255.0 1.0 0.0 0.0 0.0 0.0 0.0 0.0 0.0
0.0 253.0 613.0 0.0 0.0 0.0 0.0 0.0 0.0 0.0 0.0 0.0 0.0 0.0 0.0 16.0 16.0 0.0 0.0 0.0 0.0 1.0 0.0 0.0 255.0 255.0 1.0 0.0 0.0 0.0 0.0 0.0 0.0 0.0
0.0 256.0 668.0 0.0 0.0 0.0 0.0 0.0 0.0 0.0 0.0 0.0 0.0 0.0 0.0 26.0 26.0 0.0 0.0 0.0 0.0 1.0 0.0 0.0 255.0 255.0 1.0 0.0 0.0 0.0 0.0 0.0 0.0 0.0
0.0 287.0 280.0 0.0 0.0 0.0 0.0 0.0 0.0 0.0 0.0 0.0 0.0 0.0 0.0 3.0 26.0 0.0 0.0 0.0 0.0 1.0 0.0 0.12 255.0 255.0 1.0 0.0 0.0 0.0 0.0 0.0 0.0 0.0
0.0 295.0 873.0 0.0 0.0 0.0 0.0 0.0 0.0 0.0 0.0 0.0 0.0 0.0 0.0 13.0 42.0 0.0 0.0 0.0 0.0 1.0 0.0 0.07 255.0 255.0 1.0 0.0 0.0 0.0 0.0 0.0 0.0 0.0
0.0 300.0 7497.0 0.0 0.0 0.0 0.0 0.0 0.0 0.0 0.0 0.0 0.0 0.0 0.0 23.0 55.0 0.0 0.0 0.0 0.0 1.0 0.0 0.05 255.0 255.0 1.0 0.0 0.0 0.0 0.0 0.0 0.0 0.0
0.0 289.0 2835.0 0.0 0.0 0.0 0.0 0.0 0.0 0.0 0.0 0.0 0.0 0.0 0.0 33.0 65.0 0.0 0.0 0.0 0.0 1.0 0.0 0.05 255.0 255.0 1.0 0.0 0.0 0.0 0.0 0.0 0.0 0.0
0.0 305.0 4073.0 0.0 0.0 0.0 0.0 0.0 0.0 0.0 0.0 0.0 0.0 0.0 0.0 3.0 8.0 0.0 0.0 0.0 0.0 1.0 0.0 0.5 255.0 255.0 1.0 0.0 0.0 0.0 0.0 0.0 0.0 0.0
0.0 208.0 806.0 0.0 0.0 0.0 0.0 0.0 0.0 0.0 0.0 0.0 0.0 0.0 0.0 3.0 4.0 0.0 0.0 0.0 0.0 1.0 0.0 0.5 255.0 255.0 1.0 0.0 0.0 0.0 0.0 0.0 0.0 0.0
0.0 300.0 13003.0 0.0 0.0 0.0 0.0 0.0 0.0 0.0 0.0 0.0 0.0 0.0 0.0 7.0 7.0 0.0 0.0 0.0 0.0 1.0 0.0 0.0 255.0 255.0 1.0 0.0 0.0 0.0 0.0 0.0 0.0 0.0
0.0 291.0 2457.0 0.0 0.0 0.0 0.0 0.0 0.0 0.0 0.0 0.0 0.0 0.0 0.0 17.0 17.0 0.0 0.0 0.0 0.0 1.0 0.0 0.0 255.0 255.0 1.0 0.0 0.0 0.0 0.0 0.0 0.0 0.0
0.0 291.0 3591.0 0.0 0.0 0.0 0.0 0.0 0.0 0.0 0.0 0.0 0.0 0.0 0.0 27.0 27.0 0.0 0.0 0.0 0.0 1.0 0.0 0.0 255.0 255.0 1.0 0.0 0.0 0.0 0.0 0.0 0.0 0.0
0.0 203.0 2688.0 0.0 0.0 0.0 0.0 0.0 0.0 0.0 0.0 0.0 0.0 0.0 0.0 4.0 6.0 0.0 0.0 0.0 0.0 1.0 0.0 0.5 255.0 255.0 1.0 0.0 0.0 0.0 0.0 0.0 0.0 0.0
0.0 204.0 2714.0 0.0 0.0 0.0 0.0 0.0 0.0 0.0 0.0 0.0 0.0 0.0 0.0 14.0 31.0 0.0 0.0 0.0 0.0 1.0 0.0 0.1 255.0 255.0 1.0 0.0 0.0 0.0 0.0 0.0 0.0 0.0
0.0 198.0 1509.0 0.0 0.0 0.0 0.0 0.0 0.0 0.0 0.0 0.0 0.0 0.0 0.0 24.0 48.0 0.0 0.0 0.0 0.0 1.0 0.0 0.06 255.0 255.0 1.0 0.0 0.0 0.0 0.0 0.0 0.0 0.0
0.0 214.0 10233.0 0.0 0.0 0.0 0.0 0.0 0.0 0.0 0.0 0.0 0.0 0.0 0.0 1.0 3.0 0.0 0.0 0.0 0.0 1.0 0.0 0.67 255.0 255.0 1.0 0.0 0.0 0.0 0.0 0.0 0.0 0.0
0.0 207.0 2483.0 0.0 0.0 0.0 0.0 0.0 0.0 0.0 0.0 0.0 0.0 0.0 0.0 11.0 13.0 0.0 0.0 0.0 0.0 1.0 0.0 0.15 255.0 255.0 1.0 0.0 0.01 0.0 0.0 0.0 0.0 0.0
0.0 203.0 261.0 0.0 0.0 0.0 0.0 0.0 0.0 0.0 0.0 0.0 0.0 0.0 0.0 21.0 23.0 0.0 0.0 0.0 0.0 1.0 0.0 0.09 255.0 255.0 1.0 0.0 0.0 0.0 0.0 0.0 0.0 0.0
0.0 214.0 14150.0 0.0 0.0 0.0 0.0 0.0 0.0 0.0 0.0 0.0 0.0 0.0 0.0 31.0 33.0 0.0 0.0 0.0 0.0 1.0 0.0 0.06 255.0 255.0 1.0 0.0 0.0 0.0 0.0 0.0 0.0 0.0
0.0 222.0 2302.0 0.0 0.0 0.0 0.0 0.0 0.0 0.0 0.0 0.0 0.0 0.0 0.0 8.0 8.0 0.0 0.0 0.0 0.0 1.0 0.0 0.0 255.0 255.0 1.0 0.0 0.0 0.0 0.0 0.0 0.0 0.0
0.0 209.0 280.0 0.0 0.0 0.0 0.0 0.0 0.0 0.0 0.0 0.0 0.0 0.0 0.0 5.0 16.0 0.0 0.0 0.0 0.0 1.0 0.0 0.19 255.0 255.0 1.0 0.0 0.0 0.0 0.0 0.0 0.0 0.0
0.0 207.0 1509.0 0.0 0.0 0.0 0.0 0.0 0.0 0.0 0.0 0.0 0.0 0.0 0.0 15.0 26.0 0.0 0.0 0.0 0.0 1.0 0.0 0.12 255.0 255.0 1.0 0.0 0.0 0.0 0.0 0.0 0.0 0.0
0.0 330.0 14150.0 0.0 0.0 0.0 0.0 0.0 0.0 0.0 0.0 0.0 0.0 0.0 0.0 9.0 27.0 0.0 0.0 0.0 0.0 1.0 0.0 0.22 255.0 255.0 1.0 0.0 0.0 0.0 0.0 0.0 0.0 0.0
0.0 330.0 13003.0 0.0 0.0 0.0 0.0 0.0 0.0 0.0 0.0 0.0 0.0 0.0 0.0 19.0 19.0 0.0 0.0 0.0 0.0 1.0 0.0 0.0 255.0 255.0 1.0 0.0 0.0 0.0 0.0 0.0 0.0 0.0
0.0 323.0 2483.0 0.0 0.0 0.0 0.0 0.0 0.0 0.0 0.0 0.0 0.0 0.0 0.0 29.0 29.0 0.0 0.0 0.0 0.0 1.0 0.0 0.0 255.0 255.0 1.0 0.0 0.0 0.0 0.0 0.0 0.0 0.0
0.0 331.0 280.0 0.0 0.0 0.0 0.0 0.0 0.0 0.0 0.0 0.0 0.0 0.0 0.0 2.0 6.0 0.0 0.0 0.0 0.0 1.0 0.0 0.5 255.0 255.0 1.0 0.0 0.0 0.0 0.0 0.0 0.0 0.0
0.0 338.0 2302.0 0.0 0.0 0.0 0.0 0.0 0.0 0.0 0.0 0.0 0.0 0.0 0.0 12.0 13.0 0.0 0.0 0.0 0.0 1.0 0.0 0.15 255.0 255.0 1.0 0.0 0.0 0.0 0.0 0.0 0.0 0.0
0.0 233.0 873.0 0.0 0.0 0.0 0.0 0.0 0.0 0.0 0.0 0.0 0.0 0.0 0.0 9.0 30.0 0.0 0.0 0.0 0.0 1.0 0.0 0.13 255.0 255.0 1.0 0.0 0.0 0.0 0.0 0.0 0.0 0.0
0.0 231.0 1103.0 0.0 0.0 0.0 0.0 0.0 0.0 0.0 0.0 0.0 0.0 0.0 0.0 6.0 6.0 0.0 0.0 0.0 0.0 1.0 0.0 0.0 255.0 255.0 1.0 0.0 0.0 0.0 0.0 0.0 0.0 0.0
