0.0 1032.0 0.0 0.0 0.0 0.0 0.0 0.0 0.0 0.0 0.0 0.0 0.0 0.0 0.0 511.0 511.0 0.0 0.0 0.0 0.0 1.0 0.0 0.0 255.0 255.0 1.0 0.0 1.0 0.0 0.0 0.0 0.0 0.0
0.0 1032.0 0.0 0.0 0.0 0.0 0.0 0.0 0.0 0.0 0.0 0.0 0.0 0.0 0.0 510.0 510.0 0.0 0.0 0.0 0.0 1.0 0.0 0.0 255.0 255.0 1.0 0.0 1.0 0.0 0.0 0.0 0.0 0.0
0.0 1032.0 0.0 0.0 0.0 0.0 0.0 0.0 0.0 0.0 0.0 0.0 0.0 0.0 0.0 511.0 511.0 0.0 0.0 0.0 0.0 1.0 0.0 0.0 255.0 255.0 1.0 0.0 1.0 0.0 0.0 0.0 0.0 0.0
0.0 1032.0 0.0 0.0 0.0 0.0 0.0 0.0 0.0 0.0 0.0 0.0 0.0 0.0 0.0 511.0 511.0 0.0 0.0 0.0 0.0 1.0 0.0 0.0 255.0 255.0 1.0 0.0 1.0 0.0 0.0 0.0 0.0 0.0
0.0 1032.0 0.0 0.0 0.0 0.0 0.0 0.0 0.0 0.0 0.0 0.0 0.0 0.0 0.0 510.0 510.0 0.0 0.0 0.0 0.0 1.0 0.0 0.0 255.0 255.0 1.0 0.0 1.0 0.0 0.0 0.0 0.0 0.0
0.0 1032.0 0.0 0.0 0.0 0.0 0.0 0.0 0.0 0.0 0.0 0.0 0.0 0.0 0.0 510.0 510.0 0.0 0.0 0.0 0.0 1.0 0.0 0.0 255.0 255.0 1.0 0.0 1.0 0.0 0.0 0.0 0.0 0.0
0.0 1032.0 0.0 0.0 0.0 0.0 0.0 0.0 0.0 0.0 0.0 0.0 0.0 0.0 0.0 511.0 511.0 0.0 0.0 0.0 0.0 1.0 0.0 0.0 255.0 255.0 1.0 0.0 1.0 0.0 0.0 0.0 0.0 0.0
0.0 1032.0 0.0 0.0 0.0 0.0 0.0 0.0 0.0 0.0 0.0 0.0 0.0 0.0 0.0 511.0 511.0 0.0 0.0 0.0 0.0 1.0 0.0 0.0 255.0 255.0 1.0 0.0 1.0 0.0 0.0 0.0 0.0 0.0
0.0 1032.0 0.0 0.0 0.0 0.0 0.0 0.0 0.0 0.0 0.0 0.0 0.0 0.0 0.0 510.0 510.0 0.0 0.0 0.0 0.0 1.0 0.0 0.0 255.0 255.0 1.0 0.0 1.0 0.0 0.0 0.0 0.0 0.0
0.0 1032.0 0.0 0.0 0.0 0.0 0.0 0.0 0.0 0.0 0.0 0.0 0.0 0.0 0.0 510.0 510.0 0.0 0.0 0.0 0.0 1.0 0.0 0.0 255.0 255.0 1.0 0.0 1.0 0.0 0.0 0.0 0.0 0.0
0.0 1032.0 0.0 0.0 0.0 0.0 0.0 0.0 0.0 0.0 0.0 0.0 0.0 0.0 0.0 511.0 511.0 0.0 0.0 0.0 0.0 1.0 0.0 0.0 255.0 255.0 1.0 0.0 1.0 0.0 0.0 0.0 0.0 0.0
0.0 1032.0 0.0 0.0 0.0 0.0 0.0 0.0 0.0 0.0 0.0 0.0 0.0 0.0 0.0 511.0 511.0 0.0 0.0 0.0 0.0 1.0 0.0 0.0 255.0 255.0 1.0 0.0 1.0 0.0 0.0 0.0 0.0 0.0
0.0 1032.0 0.0 0.0 0.0 0.0 0.0 0.0 0.0 0.0 0.0 0.0 0.0 0.0 0.0 511.0 511.0 0.0 0.0 0.0 0.0 1.0 0.0 0.0 255.0 255.0 1.0 0.0 1.0 0.0 0.0 0.0 0.0 0.0
0.0 1032.0 0.0 0.0 0.0 0.0 0.0 0.0 0.0 0.0 0.0 0.0 0.0 0.0 0.0 510.0 510.0 0.0 0.0 0.0 0.0 1.0 0.0 0.0 255.0 255.0 1.0 0.0 1.0 0.0 0.0 0.0 0.0 0.0
0.0 1032.0 0.0 0.0 0.0 0.0 0.0 0.0 0.0 0.0 0.0 0.0 0.0 0.0 0.0 510.0 510.0 0.0 0.0 0.0 0.0 1.0 0.0 0.0 255.0 255.0 1.0 0.0 1.0 0.0 0.0 0.0 0.0 0.0
0.0 1032.0 0.0 0.0 0.0 0.0 0.0 0.0 0.0 0.0 0.0 0.0 0.0 0.0 0.0 510.0 510.0 0.0 0.0 0.0 0.0 1.0 0.0 0.0 255.0 255.0 1.0 0.0 1.0 0.0 0.0 0.0 0.0 0.0
0.0 1032.0 0.0 0.0 0.0 0.0 0.0 0.0 0.0 0.0 0.0 0.0 0.0 0.0 0.0 511.0 511.0 0.0 0.0 0.0 0.0 1.0 0.0 0.0 255.0 255.0 1.0 0.0 1.0 0.0 0.0 0.0 0.0 0.0
0.0 1032.0 0.0 0.0 0.0 0.0 0.0 0.0 0.0 0.0 0.0 0.0 0.0 0.0 0.0 510.0 510.0 0.0 0.0 0.0 0.0 1.0 0.0 0.0 255.0 255.0 1.0 0.0 1.0 0.0 0.0 0.0 0.0 0.0
0.0 1032.0 0.0 0.0 0.0 0.0 0.0 0.0 0.0 0.0 0.0 0.0 0.0 0.0 0.0 510.0 510.0 0.0 0.0 0.0 0.0 1.0 0.0 0.0 255.0 255.0 1.0 0.0 1.0 0.0 0.0 0.0 0.0 0.0
0.0 1032.0 0.0 0.0 0.0 0.0 0.0 0.0 0.0 0.0 0.0 0.0 0.0 0.0 0.0 511.0 511.0 0.0 0.0 0.0 0.0 1.0 0.0 0.0 255.0 255.0 1.0 0.0 1.0 0.0 0.0 0.0 0.0 0.0
0.0 1032.0 0.0 0.0 0.0 0.0 0.0 0.0 0.0 0.0 0.0 0.0 0.0 0.0 0.0 511.0 511.0 0.0 0.0 0.0 0.0 1.0 0.0 0.0 255.0 255.0 1.0 0.0 1.0 0.0 0.0 0.0 0.0 0.0
0.0 1032.0 0.0 0.0 0.0 0.0 0.0 0.0 0.0 0.0 0.0 0.0 0.0 0.0 0.0 511.0 511.0 0.0 0.0 0.0 0.0 1.0 0.0 0.0 255.0 255.0 1.0 0.0 1.0 0.0 0.0 0.0 0.0 0.0
0.0 1032.0 0.0 0.0 0.0 0.0 0.0 0.0 0.0 0.0 0.0 0.0 0.0 0.0 0.0 511.0 511.0 0.0 0.0 0.0 0.0 1.0 0.0 0.0 255.0 255.0 1.0 0.0 1.0 0.0 0.0 0.0 0.0 0.0
0.0 1032.0 0.0 0.0 0.0 0.0 0.0 0.0 0.0 0.0 0.0 0.0 0.0 0.0 0.0 511.0 511.0 0.0 0.0 0.0 0.0 1.0 0.0 0.0 255.0 255.0 1.0 0.0 1.0 0.0 0.0 0.0 0.0 0.0
0.0 1032.0 0.0 0.0 0.0 0.0 0.0 0.0 0.0 0.0 0.0 0.0 0.0 0.0 0.0 511.0 511.0 0.0 0.0 0.0 0.0 1.0 0.0 0.0 255.0 255.0 1.0 0.0 1.0 0.0 0.0 0.0 0.0 0.0
0.0 1032.0 0.0 0.0 0.0 0.0 0.0 0.0 0.0 0.0 0.0 0.0 0.0 0.0 0.0 511.0 511.0 0.0 0.0 0.0 0.0 1.0 0.0 0.0 255.0 255.0 1.0 0.0 1.0 0.0 0.0 0.0 0.0 0.0
0.0 1032.0 0.0 0.0 0.0 0.0 0.0 0.0 0.0 0.0 0.0 0.0 0.0 0.0 0.0 511.0 511.0 0.0 0.0 0.0 0.0 1.0 0.0 0.0 255.0 255.0 1.0 0.0 1.0 0.0 0.0 0.0 0.0 0.0
0.0 1032.0 0.0 0.0 0.0 0.0 0.0 0.0 0.0 0.0 0.0 0.0 0.0 0.0 0.0 511.0 511.0 0.0 0.0 0.0 0.0 1.0 0.0 0.0 255.0 255.0 1.0 0.0 1.0 0.0 0.0 0.0 0.0 0.0
0.0 1032.0 0.0 0.0 0.0 0.0 0.0 0.0 0.0 0.0 0.0 0.0 0.0 0.0 0.0 511.0 511.0 0.0 0.0 0.0 0.0 1.0 0.0 0.0 255.0 255.0 1.0 0.0 1.0 0.0 0.0 0.0 0.0 0.0
0.0 1032.0 0.0 0.0 0.0 0.0 0.0 0.0 0.0 0.0 0.0 0.0 0.0 0.0 0.0 511.0 511.0 0.0 0.0 0.0 0.0 1.0 0.0 0.0 255.0 255.0 1.0 0.0 1.0 0.0 0.0 0.0 0.0 0.0
0.0 1032.0 0.0 0.0 0.0 0.0 0.0 0.0 0.0 0.0 0.0 0.0 0.0 0.0 0.0 508.0 508.0 0.0 0.0 0.0 0.0 1.0 0.0 0.0 255.0 255.0 1.0 0.0 1.0 0.0 0.0 0.0 0.0 0.0
0.0 1032.0 0.0 0.0 0.0 0.0 0.0 0.0 0.0 0.0 0.0 0.0 0.0 0.0 0.0 511.0 511.0 0.0 0.0 0.0 0.0 1.0 0.0 0.0 255.0 255.0 1.0 0.0 1.0 0.0 0.0 0.0 0.0 0.0
0.0 1032.0 0.0 0.0 0.0 0.0 0.0 0.0 0.0 0.0 0.0 0.0 0.0 0.0 0.0 497.0 497.0 0.0 0.0 0.0 0.0 1.0 0.0 0.0 255.0 255.0 1.0 0.0 1.0 0.0 0.0 0.0 0.0 0.0
0.0 1032.0 0.0 0.0 0.0 0.0 0.0 0.0 0.0 0.0 0.0 0.0 0.0 0.0 0.0 511.0 511.0 0.0 0.0 0.0 0.0 1.0 0.0 0.0 255.0 255.0 1.0 0.0 1.0 0.0 0.0 0.0 0.0 0.0
0.0 1032.0 0.0 0.0 0.0 0.0 0.0 0.0 0.0 0.0 0.0 0.0 0.0 0.0 0.0 461.0 461.0 0.0 0.0 0.0 0.0 1.0 0.0 0.0 255.0 255.0 1.0 0.0 1.0 0.0 0.0 0.0 0.0 0.0
0.0 1032.0 0.0 0.0 0.0 0.0 0.0 0.0 0.0 0.0 0.0 0.0 0.0 0.0 0.0 511.0 511.0 0.0 0.0 0.0 0.0 1.0 0.0 0.0 255.0 255.0 1.0 0.0 1.0 0.0 0.0 0.0 0.0 0.0
0.0 1032.0 0.0 0.0 0.0 0.0 0.0 0.0 0.0 0.0 0.0 0.0 0.0 0.0 0.0 511.0 511.0 0.0 0.0 0.0 0.0 1.0 0.0 0.0 255.0 255.0 1.0 0.0 1.0 0.0 0.0 0.0 0.0 0.0
0.0 1032.0 0.0 0.0 0.0 0.0 0.0 0.0 0.0 0.0 0.0 0.0 0.0 0.0 0.0 493.0 493.0 0.0 0.0 0.0 0.0 1.0 0.0 0.0 255.0 255.0 1.0 0.0 1.0 0.0 0.0 0.0 0.0 0.0
0.0 1032.0 0.0 0.0 0.0 0.0 0.0 0.0 0.0 0.0 0.0 0.0 0.0 0.0 0.0 511.0 511.0 0.0 0.0 0.0 0.0 1.0 0.0 0.0 255.0 255.0 1.0 0.0 1.0 0.0 0.0 0.0 0.0 0.0
0.0 1032.0 0.0 0.0 0.0 0.0 0.0 0.0 0.0 0.0 0.0 0.0 0.0 0.0 0.0 191.0 191.0 0.0 0.0 0.0 0.0 1.0 0.0 0.0 255.0 255.0 1.0 0.0 1.0 0.0 0.0 0.0 0.0 0.0
0.0 1032.0 0.0 0.0 0.0 0.0 0.0 0.0 0.0 0.0 0.0 0.0 0.0 0.0 0.0 217.0 217.0 0.0 0.0 0.0 0.0 1.0 0.0 0.0 255.0 255.0 1.0 0.0 1.0 0.0 0.0 0.0 0.0 0.0
0.0 1032.0 0.0 0.0 0.0 0.0 0.0 0.0 0.0 0.0 0.0 0.0 0.0 0.0 0.0 250.0 250.0 0.0 0.0 0.0 0.0 1.0 0.0 0.0 255.0 255.0 1.0 0.0 1.0 0.0 0.0 0.0 0.0 0.0
0.0 1032.0 0.0 0.0 0.0 0.0 0.0 0.0 0.0 0.0 0.0 0.0 0.0 0.0 0.0 207.0 207.0 0.0 0.0 0.0 0.0 1.0 0.0 0.0 255.0 255.0 1.0 0.0 1.0 0.0 0.0 0.0 0.0 0.0
0.0 1032.0 0.0 0.0 0.0 0.0 0.0 0.0 0.0 0.0 0.0 0.0 0.0 0.0 0.0 254.0 254.0 0.0 0.0 0.0 0.0 1.0 0.0 0.0 255.0 255.0 1.0 0.0 1.0 0.0 0.0 0.0 0.0 0.0
0.0 1032.0 0.0 0.0 0.0 0.0 0.0 0.0 0.0 0.0 0.0 0.0 0.0 0.0 0.0 187.0 187.0 0.0 0.0 0.0 0.0 1.0 0.0 0.0 255.0 255.0 1.0 0.0 1.0 0.0 0.0 0.0 0.0 0.0
0.0 1032.0 0.0 0.0 0.0 0.0 0.0 0.0 0.0 0.0 0.0 0.0 0.0 0.0 0.0 236.0 236.0 0.0 0.0 0.0 0.0 1.0 0.0 0.0 255.0 255.0 1.0 0.0 1.0 0.0 0.0 0.0 0.0 0.0
0.0 1032.0 0.0 0.0 0.0 0.0 0.0 0.0 0.0 0.0 0.0 0.0 0.0 0.0 0.0 181.0 181.0 0.0 0.0 0.0 0.0 1.0 0.0 0.0 255.0 255.0 1.0 0.0 1.0 0.0 0.0 0.0 0.0 0.0
0.0 1032.0 0.0 0.0 0.0 0.0 0.0 0.0 0.0 0.0 0.0 0.0 0.0 0.0 0.0 242.0 242.0 0.0 0.0 0.0 0.0 1.0 0.0 0.0 255.0 255.0 1.0 0.0 1.0 0.0 0.0 0.0 0.0 0.0
0.0 1032.0 0.0 0.0 0.0 0.0 0.0 0.0 0.0 0.0 0.0 0.0 0.0 0.0 0.0 223.0 223.0 0.0 0.0 0.0 0.0 1.0 0.0 0.0 255.0 255.0 1.0 0.0 1.0 0.0 0.0 0.0 0.0 0.0
0.0 1032.0 0.0 0.0 0.0 0.0 0.0 0.0 0.0 0.0 0.0 0.0 0.0 0.0 0.0 233.0 233.0 0.0 0.0 0.0 0.0 1.0 0.0 0.0 255.0 255.0 1.0 0.0 1.0 0.0 0.0 0.0 0.0 0.0
0.0 1032.0 0.0 0.0 0.0 0.0 0.0 0.0 0.0 0.0 0.0 0.0 0.0 0.0 0.0 243.0 243.0 0.0 0.0 0.0 0.0 1.0 0.0 0.0 255.0 255.0 1.0 0.0 1.0 0.0 0.0 0.0 0.0 0.0
0.0 1032.0 0.0 0.0 0.0 0.0 0.0 0.0 0.0 0.0 0.0 0.0 0.0 0.0 0.0 266.0 266.0 0.0 0.0 0.0 0.0 1.0 0.0 0.0 255.0 255.0 1.0 0.0 1.0 0.0 0.0 0.0 0.0 0.0
0.0 1032.0 0.0 0.0 0.0 0.0 0.0 0.0 0.0 0.0 0.0 0.0 0.0 0.0 0.0 192.0 192.0 0.0 0.0 0.0 0.0 1.0 0.0 0.0 255.0 255.0 1.0 0.0 1.0 0.0 0.0 0.0 0.0 0.0
0.0 1032.0 0.0 0.0 0.0 0.0 0.0 0.0 0.0 0.0 0.0 0.0 0.0 0.0 0.0 248.0 248.0 0.0 0.0 0.0 0.0 1.0 0.0 0.0 255.0 255.0 1.0 0.0 1.0 0.0 0.0 0.0 0.0 0.0
0.0 1032.0 0.0 0.0 0.0 0.0 0.0 0.0 0.0 0.0 0.0 0.0 0.0 0.0 0.0 210.0 210.0 0.0 0.0 0.0 0.0 1.0 0.0 0.0 255.0 255.0 1.0 0.0 1.0 0.0 0.0 0.0 0.0 0.0
0.0 1032.0 0.0 0.0 0.0 0.0 0.0 0.0 0.0 0.0 0.0 0.0 0.0 0.0 0.0 261.0 261.0 0.0 0.0 0.0 0.0 1.0 0.0 0.0 255.0 255.0 1.0 0.0 1.0 0.0 0.0 0.0 0.0 0.0
0.0 1032.0 0.0 0.0 0.0 0.0 0.0 0.0 0.0 0.0 0.0 0.0 0.0 0.0 0.0 205.0 205.0 0.0 0.0 0.0 0.0 1.0 0.0 0.0 255.0 255.0 1.0 0.0 1.0 0.0 0.0 0.0 0.0 0.0
0.0 1032.0 0.0 0.0 0.0 0.0 0.0 0.0 0.0 0.0 0.0 0.0 0.0 0.0 0.0 211.0 211.0 0.0 0.0 0.0 0.0 1.0 0.0 0.0 255.0 255.0 1.0 0.0 1.0 0.0 0.0 0.0 0.0 0.0
0.0 1032.0 0.0 0.0 0.0 0.0 0.0 0.0 0.0 0.0 0.0 0.0 0.0 0.0 0.0 184.0 184.0 0.0 0.0 0.0 0.0 1.0 0.0 0.0 255.0 255.0 1.0 0.0 1.0 0.0 0.0 0.0 0.0 0.0
0.0 1032.0 0.0 0.0 0.0 0.0 0.0 0.0 0.0 0.0 0.0 0.0 0.0 0.0 0.0 234.0 234.0 0.0 0.0 0.0 0.0 1.0 0.0 0.0 255.0 255.0 1.0 0.0 1.0 0.0 0.0 0.0 0.0 0.0
0.0 1032.0 0.0 0.0 0.0 0.0 0.0 0.0 0.0 0.0 0.0 0.0 0.0 0.0 0.0 250.0 250.0 0.0 0.0 0.0 0.0 1.0 0.0 0.0 255.0 255.0 1.0 0.0 1.0 0.0 0.0 0.0 0.0 0.0
0.0 1032.0 0.0 0.0 0.0 0.0 0.0 0.0 0.0 0.0 0.0 0.0 0.0 0.0 0.0 183.0 183.0 0.0 0.0 0.0 0.0 1.0 0.0 0.0 255.0 255.0 1.0 0.0 1.0 0.0 0.0 0.0 0.0 0.0
0.0 1032.0 0.0 0.0 0.0 0.0 0.0 0.0 0.0 0.0 0.0 0.0 0.0 0.0 0.0 265.0 265.0 0.0 0.0 0.0 0.0 1.0 0.0 0.0 255.0 255.0 1.0 0.0 1.0 0.0 0.0 0.0 0.0 0.0
0.0 1032.0 0.0 0.0 0.0 0.0 0.0 0.0 0.0 0.0 0.0 0.0 0.0 0.0 0.0 236.0 236.0 0.0 0.0 0.0 0.0 1.0 0.0 0.0 255.0 255.0 1.0 0.0 1.0 0.0 0.0 0.0 0.0 0.0
0.0 1032.0 0.0 0.0 0.0 0.0 0.0 0.0 0.0 0.0 0.0 0.0 0.0 0.0 0.0 270.0 270.0 0.0 0.0 0.0 0.0 1.0 0.0 0.0 255.0 255.0 1.0 0.0 1.0 0.0 0.0 0.0 0.0 0.0
0.0 1032.0 0.0 0.0 0.0 0.0 0.0 0.0 0.0 0.0 0.0 0.0 0.0 0.0 0.0 240.0 240.0 0.0 0.0 0.0 0.0 1.0 0.0 0.0 255.0 255.0 1.0 0.0 1.0 0.0 0.0 0.0 0.0 0.0
0.0 1032.0 0.0 0.0 0.0 0.0 0.0 0.0 0.0 0.0 0.0 0.0 0.0 0.0 0.0 249.0 249.0 0.0 0.0 0.0 0.0 1.0 0.0 0.0 255.0 255.0 1.0 0.0 1.0 0.0 0.0 0.0 0.0 0.0
0.0 1032.0 0.0 0.0 0.0 0.0 0.0 0.0 0.0 0.0 0.0 0.0 0.0 0.0 0.0 261.0 261.0 0.0 0.0 0.0 0.0 1.0 0.0 0.0 255.0 255.0 1.0 0.0 1.0 0.0 0.0 0.0 0.0 0.0
0.0 1032.0 0.0 0.0 0.0 0.0 0.0 0.0 0.0 0.0 0.0 0.0 0.0 0.0 0.0 241.0 241.0 0.0 0.0 0.0 0.0 1.0 0.0 0.0 255.0 255.0 1.0 0.0 1.0 0.0 0.0 0.0 0.0 0.0
0.0 1032.0 0.0 0.0 0.0 0.0 0.0 0.0 0.0 0.0 0.0 0.0 0.0 0.0 0.0 222.0 222.0 0.0 0.0 0.0 0.0 1.0 0.0 0.0 255.0 255.0 1.0 0.0 1.0 0.0 0.0 0.0 0.0 0.0
0.0 1032.0 0.0 0.0 0.0 0.0 0.0 0.0 0.0 0.0 0.0 0.0 0.0 0.0 0.0 216.0 216.0 0.0 0.0 0.0 0.0 1.0 0.0 0.0 255.0 255.0 1.0 0.0 1.0 0.0 0.0 0.0 0.0 0.0
0.0 1032.0 0.0 0.0 0.0 0.0 0.0 0.0 0.0 0.0 0.0 0.0 0.0 0.0 0.0 204.0 204.0 0.0 0.0 0.0 0.0 1.0 0.0 0.0 255.0 255.0 1.0 0.0 1.0 0.0 0.0 0.0 0.0 0.0
0.0 1032.0 0.0 0.0 0.0 0.0 0.0 0.0 0.0 0.0 0.0 0.0 0.0 0.0 0.0 228.0 228.0 0.0 0.0 0.0 0.0 1.0 0.0 0.0 255.0 255.0 1.0 0.0 1.0 0.0 0.0 0.0 0.0 0.0
0.0 1032.0 0.0 0.0 0.0 0.0 0.0 0.0 0.0 0.0 0.0 0.0 0.0 0.0 0.0 156.0 156.0 0.0 0.0 0.0 0.0 1.0 0.0 0.0 255.0 255.0 1.0 0.0 1.0 0.0 0.0 0.0 0.0 0.0
0.0 1032.0 0.0 0.0 0.0 0.0 0.0 0.0 0.0 0.0 0.0 0.0 0.0 0.0 0.0 80.0 80.0 0.0 0.0 0.0 0.0 1.0 0.0 0.0 255.0 255.0 1.0 0.0 1.0 0.0 0.0 0.0 0.0 0.0
0.0 1032.0 0.0 0.0 0.0 0.0 0.0 0.0 0.0 0.0 0.0 0.0 0.0 0.0 0.0 28.0 28.0 0.0 0.0 0.0 0.0 1.0 0.0 0.0 255.0 255.0 1.0 0.0 1.0 0.0 0.0 0.0 0.0 0.0
0.0 1032.0 0.0 0.0 0.0 0.0 0.0 0.0 0.0 0.0 0.0 0.0 0.0 0.0 0.0 22.0 22.0 0.0 0.0 0.0 0.0 1.0 0.0 0.0 255.0 255.0 1.0 0.0 1.0 0.0 0.0 0.0 0.0 0.0
0.0 1032.0 0.0 0.0 0.0 0.0 0.0 0.0 0.0 0.0 0.0 0.0 0.0 0.0 0.0 15.0 15.0 0.0 0.0 0.0 0.0 1.0 0.0 0.0 255.0 255.0 1.0 0.0 1.0 0.0 0.0 0.0 0.0 0.0
0.0 1032.0 0.0 0.0 0.0 0.0 0.0 0.0 0.0 0.0 0.0 0.0 0.0 0.0 0.0 7.0 7.0 0.0 0.0 0.0 0.0 1.0 0.0 0.0 255.0 255.0 1.0 0.0 1.0 0.0 0.0 0.0 0.0 0.0
0.0 28.0 0.0 1.0 0.0 0.0 0.0 0.0 0.0 0.0 0.0 0.0 0.0 0.0 0.0 1.0 1.0 0.0 0.0 0.0 0.0 1.0 0.0 0.0 255.0 1.0 0.0 0.01 0.0 0.0 0.0 0.0 0.0 0.0
0.0 28.0 0.0 3.0 0.0 0.0 0.0 0.0 0.0 0.0 0.0 0.0 0.0 0.0 0.0 2.0 2.0 0.0 0.0 0.0 0.0 1.0 0.0 0.0 255.0 2.0 0.01 0.01 0.01 0.0 0.0 0.0 0.0 0.0
0.0 28.0 0.0 3.0 0.0 0.0 0.0 0.0 0.0 0.0 0.0 0.0 0.0 0.0 0.0 3.0 3.0 0.0 0.0 0.0 0.0 1.0 0.0 0.0 255.0 3.0 0.01 0.01 0.01 0.0 0.0 0.0 0.0 0.0
0.0 28.0 0.0 3.0 0.0 0.0 0.0 0.0 0.0 0.0 0.0 0.0 0.0 0.0 0.0 4.0 4.0 0.0 0.0 0.0 0.0 1.0 0.0 0.0 255.0 4.0 0.02 0.01 0.02 0.0 0.0 0.0 0.0 0.0
0.0 28.0 0.0 3.0 0.0 0.0 0.0 0.0 0.0 0.0 0.0 0.0 0.0 0.0 0.0 5.0 5.0 0.0 0.0 0.0 0.0 1.0 0.0 0.0 255.0 5.0 0.02 0.01 0.02 0.0 0.0 0.0 0.0 0.0
0.0 28.0 0.0 3.0 0.0 0.0 0.0 0.0 0.0 0.0 0.0 0.0 0.0 0.0 0.0 6.0 6.0 0.0 0.0 0.0 0.0 1.0 0.0 0.0 255.0 6.0 0.02 0.01 0.02 0.0 0.0 0.0 0.0 0.0
0.0 28.0 0.0 3.0 0.0 0.0 0.0 0.0 0.0 0.0 0.0 0.0 0.0 0.0 0.0 7.0 7.0 0.0 0.0 0.0 0.0 1.0 0.0 0.0 255.0 7.0 0.03 0.01 0.03 0.0 0.0 0.0 0.0 0.0
0.0 28.0 0.0 3.0 0.0 0.0 0.0 0.0 0.0 0.0 0.0 0.0 0.0 0.0 0.0 8.0 8.0 0.0 0.0 0.0 0.0 1.0 0.0 0.0 255.0 8.0 0.03 0.01 0.03 0.0 0.0 0.0 0.0 0.0
0.0 28.0 0.0 3.0 0.0 0.0 0.0 0.0 0.0 0.0 0.0 0.0 0.0 0.0 0.0 9.0 9.0 0.0 0.0 0.0 0.0 1.0 0.0 0.0 255.0 9.0 0.04 0.01 0.04 0.0 0.0 0.0 0.0 0.0
0.0 28.0 0.0 3.0 0.0 0.0 0.0 0.0 0.0 0.0 0.0 0.0 0.0 0.0 0.0 10.0 10.0 0.0 0.0 0.0 0.0 1.0 0.0 0.0 255.0 10.0 0.04 0.01 0.04 0.0 0.0 0.0 0.0 0.0
0.0 28.0 0.0 3.0 0.0 0.0 0.0 0.0 0.0 0.0 0.0 0.0 0.0 0.0 0.0 11.0 11.0 0.0 0.0 0.0 0.0 1.0 0.0 0.0 255.0 11.0 0.04 0.01 0.04 0.0 0.0 0.0 0.0 0.0
0.0 28.0 0.0 3.0 0.0 0.0 0.0 0.0 0.0 0.0 0.0 0.0 0.0 0.0 0.0 12.0 12.0 0.0 0.0 0.0 0.0 1.0 0.0 0.0 255.0 12.0 0.05 0.01 0.05 0.0 0.0 0.0 0.0 0.0
0.0 28.0 0.0 3.0 0.0 0.0 0.0 0.0 0.0 0.0 0.0 0.0 0.0 0.0 0.0 13.0 13.0 0.0 0.0 0.0 0.0 1.0 0.0 0.0 255.0 13.0 0.05 0.01 0.05 0.0 0.0 0.0 0.0 0.0
0.0 28.0 0.0 3.0 0.0 0.0 0.0 0.0 0.0 0.0 0.0 0.0 0.0 0.0 0.0 14.0 14.0 0.0 0.0 0.0 0.0 1.0 0.0 0.0 255.0 14.0 0.05 0.01 0.05 0.0 0.0 0.0 0.0 0.0
0.0 28.0 0.0 3.0 0.0 0.0 0.0 0.0 0.0 0.0 0.0 0.0 0.0 0.0 0.0 15.0 15.0 0.0 0.0 0.0 0.0 1.0 0.0 0.0 255.0 15.0 0.06 0.01 0.06 0.0 0.0 0.0 0.0 0.0
0.0 28.0 0.0 3.0 0.0 0.0 0.0 0.0 0.0 0.0 0.0 0.0 0.0 0.0 0.0 16.0 16.0 0.0 0.0 0.0 0.0 1.0 0.0 0.0 255.0 16.0 0.06 0.01 0.06 0.0 0.0 0.0 0.0 0.0
0.0 28.0 0.0 3.0 0.0 0.0 0.0 0.0 0.0 0.0 0.0 0.0 0.0 0.0 0.0 17.0 17.0 0.0 0.0 0.0 0.0 1.0 0.0 0.0 255.0 17.0 0.07 0.01 0.07 0.0 0.0 0.0 0.0 0.0
0.0 28.0 0.0 3.0 0.0 0.0 0.0 0.0 0.0 0.0 0.0 0.0 0.0 0.0 0.0 18.0 18.0 0.0 0.0 0.0 0.0 1.0 0.0 0.0 255.0 18.0 0.07 0.01 0.07 0.0 0.0 0.0 0.0 0.0
0.0 28.0 0.0 3.0 0.0 0.0 0.0 0.0 0.0 0.0 0.0 0.0 0.0 0.0 0.0 19.0 19.0 0.0 0.0 0.0 0.0 1.0 0.0 0.0 255.0 19.0 0.07 0.01 0.07 0.0 0.0 0.0 0.0 0.0
0.0 28.0 0.0 3.0 0.0 0.0 0.0 0.0 0.0 0.0 0.0 0.0 0.0 0.0 0.0 20.0 20.0 0.0 0.0 0.0 0.0 1.0 0.0 0.0 255.0 20.0 0.08 0.01 0.08 0.0 0.0 0.0 0.0 0.0
0.0 28.0 0.0 3.0 0.0 0.0 0.0 0.0 0.0 0.0 0.0 0.0 0.0 0.0 0.0 21.0 21.0 0.0 0.0 0.0 0.0 1.0 0.0 0.0 255.0 21.0 0.08 0.01 0.08 0.0 0.0 0.0 0.0 0.0
0.0 28.0 0.0 3.0 0.0 0.0 0.0 0.0 0.0 0.0 0.0 0.0 0.0 0.0 0.0 22.0 22.0 0.0 0.0 0.0 0.0 1.0 0.0 0.0 255.0 22.0 0.09 0.01 0.09 0.0 0.0 0.0 0.0 0.0
0.0 28.0 0.0 3.0 0.0 0.0 0.0 0.0 0.0 0.0 0.0 0.0 0.0 0.0 0.0 23.0 23.0 0.0 0.0 0.0 0.0 1.0 0.0 0.0 255.0 23.0 0.09 0.01 0.09 0.0 0.0 0.0 0.0 0.0
0.0 28.0 0.0 3.0 0.0 0.0 0.0 0.0 0.0 0.0 0.0 0.0 0.0 0.0 0.0 24.0 24.0 0.0 0.0 0.0 0.0 1.0 0.0 0.0 255.0 24.0 0.09 0.01 0.09 0.0 0.0 0.0 0.0 0.0
0.0 28.0 0.0 3.0 0.0 0.0 0.0 0.0 0.0 0.0 0.0 0.0 0.0 0.0 0.0 25.0 25.0 0.0 0.0 0.0 0.0 1.0 0.0 0.0 255.0 25.0 0.1 0.01 0.1 0.0 0.0 0.0 0.0 0.0
0.0 28.0 0.0 3.0 0.0 0.0 0.0 0.0 0.0 0.0 0.0 0.0 0.0 0.0 0.0 26.0 26.0 0.0 0.0 0.0 0.0 1.0 0.0 0.0 255.0 26.0 0.1 0.01 0.1 0.0 0.0 0.0 0.0 0.0
0.0 28.0 0.0 3.0 0.0 0.0 0.0 0.0 0.0 0.0 0.0 0.0 0.0 0.0 0.0 27.0 27.0 0.0 0.0 0.0 0.0 1.0 0.0 0.0 255.0 27.0 0.11 0.01 0.11 0.0 0.0 0.0 0.0 0.0
0.0 28.0 0.0 3.0 0.0 0.0 0.0 0.0 0.0 0.0 0.0 0.0 0.0 0.0 0.0 28.0 28.0 0.0 0.0 0.0 0.0 1.0 0.0 0.0 255.0 28.0 0.11 0.01 0.11 0.0 0.0 0.0 0.0 0.0
0.0 28.0 0.0 3.0 0.0 0.0 0.0 0.0 0.0 0.0 0.0 0.0 0.0 0.0 0.0 29.0 29.0 0.0 0.0 0.0 0.0 1.0 0.0 0.0 255.0 29.0 0.11 0.01 0.11 0.0 0.0 0.0 0.0 0.0
0.0 28.0 0.0 3.0 0.0 0.0 0.0 0.0 0.0 0.0 0.0 0.0 0.0 0.0 0.0 30.0 30.0 0.0 0.0 0.0 0.0 1.0 0.0 0.0 255.0 30.0 0.12 0.01 0.12 0.0 0.0 0.0 0.0 0.0
0.0 28.0 0.0 3.0 0.0 0.0 0.0 0.0 0.0 0.0 0.0 0.0 0.0 0.0 0.0 31.0 31.0 0.0 0.0 0.0 0.0 1.0 0.0 0.0 255.0 31.0 0.12 0.01 0.12 0.0 0.0 0.0 0.0 0.0
0.0 28.0 0.0 3.0 0.0 0.0 0.0 0.0 0.0 0.0 0.0 0.0 0.0 0.0 0.0 32.0 32.0 0.0 0.0 0.0 0.0 1.0 0.0 0.0 255.0 32.0 0.13 0.01 0.13 0.0 0.0 0.0 0.0 0.0
0.0 28.0 0.0 3.0 0.0 0.0 0.0 0.0 0.0 0.0 0.0 0.0 0.0 0.0 0.0 33.0 33.0 0.0 0.0 0.0 0.0 1.0 0.0 0.0 255.0 33.0 0.13 0.01 0.13 0.0 0.0 0.0 0.0 0.0
0.0 28.0 0.0 3.0 0.0 0.0 0.0 0.0 0.0 0.0 0.0 0.0 0.0 0.0 0.0 34.0 34.0 0.0 0.0 0.0 0.0 1.0 0.0 0.0 255.0 34.0 0.13 0.01 0.13 0.0 0.0 0.0 0.0 0.0
0.0 28.0 0.0 3.0 0.0 0.0 0.0 0.0 0.0 0.0 0.0 0.0 0.0 0.0 0.0 35.0 35.0 0.0 0.0 0.0 0.0 1.0 0.0 0.0 255.0 35.0 0.14 0.01 0.14 0.0 0.0 0.0 0.0 0.0
0.0 28.0 0.0 3.0 0.0 0.0 0.0 0.0 0.0 0.0 0.0 0.0 0.0 0.0 0.0 36.0 36.0 0.0 0.0 0.0 0.0 1.0 0.0 0.0 255.0 36.0 0.14 0.01 0.14 0.0 0.0 0.0 0.0 0.0
0.0 28.0 0.0 3.0 0.0 0.0 0.0 0.0 0.0 0.0 0.0 0.0 0.0 0.0 0.0 37.0 37.0 0.0 0.0 0.0 0.0 1.0 0.0 0.0 255.0 37.0 0.15 0.01 0.15 0.0 0.0 0.0 0.0 0.0
0.0 28.0 0.0 3.0 0.0 0.0 0.0 0.0 0.0 0.0 0.0 0.0 0.0 0.0 0.0 38.0 38.0 0.0 0.0 0.0 0.0 1.0 0.0 0.0 255.0 38.0 0.15 0.01 0.15 0.0 0.0 0.0 0.0 0.0
0.0 28.0 0.0 3.0 0.0 0.0 0.0 0.0 0.0 0.0 0.0 0.0 0.0 0.0 0.0 39.0 39.0 0.0 0.0 0.0 0.0 1.0 0.0 0.0 255.0 39.0 0.15 0.01 0.15 0.0 0.0 0.0 0.0 0.0
0.0 28.0 0.0 3.0 0.0 0.0 0.0 0.0 0.0 0.0 0.0 0.0 0.0 0.0 0.0 40.0 40.0 0.0 0.0 0.0 0.0 1.0 0.0 0.0 255.0 40.0 0.16 0.01 0.16 0.0 0.0 0.0 0.0 0.0
0.0 28.0 0.0 3.0 0.0 0.0 0.0 0.0 0.0 0.0 0.0 0.0 0.0 0.0 0.0 41.0 41.0 0.0 0.0 0.0 0.0 1.0 0.0 0.0 255.0 41.0 0.16 0.01 0.16 0.0 0.0 0.0 0.0 0.0
0.0 28.0 0.0 3.0 0.0 0.0 0.0 0.0 0.0 0.0 0.0 0.0 0.0 0.0 0.0 42.0 42.0 0.0 0.0 0.0 0.0 1.0 0.0 0.0 255.0 42.0 0.16 0.01 0.16 0.0 0.0 0.0 0.0 0.0
0.0 28.0 0.0 3.0 0.0 0.0 0.0 0.0 0.0 0.0 0.0 0.0 0.0 0.0 0.0 43.0 43.0 0.0 0.0 0.0 0.0 1.0 0.0 0.0 255.0 43.0 0.17 0.01 0.17 0.0 0.0 0.0 0.0 0.0
0.0 28.0 0.0 3.0 0.0 0.0 0.0 0.0 0.0 0.0 0.0 0.0 0.0 0.0 0.0 44.0 44.0 0.0 0.0 0.0 0.0 1.0 0.0 0.0 255.0 44.0 0.17 0.01 0.17 0.0 0.0 0.0 0.0 0.0
0.0 28.0 0.0 3.0 0.0 0.0 0.0 0.0 0.0 0.0 0.0 0.0 0.0 0.0 0.0 45.0 45.0 0.0 0.0 0.0 0.0 1.0 0.0 0.0 255.0 45.0 0.18 0.01 0.18 0.0 0.0 0.0 0.0 0.0
0.0 28.0 0.0 3.0 0.0 0.0 0.0 0.0 0.0 0.0 0.0 0.0 0.0 0.0 0.0 46.0 46.0 0.0 0.0 0.0 0.0 1.0 0.0 0.0 255.0 46.0 0.18 0.01 0.18 0.0 0.0 0.0 0.0 0.0
0.0 28.0 0.0 3.0 0.0 0.0 0.0 0.0 0.0 0.0 0.0 0.0 0.0 0.0 0.0 47.0 47.0 0.0 0.0 0.0 0.0 1.0 0.0 0.0 255.0 47.0 0.18 0.01 0.18 0.0 0.0 0.0 0.0 0.0
0.0 28.0 0.0 3.0 0.0 0.0 0.0 0.0 0.0 0.0 0.0 0.0 0.0 0.0 0.0 48.0 48.0 0.0 0.0 0.0 0.0 1.0 0.0 0.0 255.0 48.0 0.19 0.01 0.19 0.0 0.0 0.0 0.0 0.0
0.0 28.0 0.0 3.0 0.0 0.0 0.0 0.0 0.0 0.0 0.0 0.0 0.0 0.0 0.0 49.0 49.0 0.0 0.0 0.0 0.0 1.0 0.0 0.0 255.0 49.0 0.19 0.01 0.19 0.0 0.0 0.0 0.0 0.0
0.0 28.0 0.0 3.0 0.0 0.0 0.0 0.0 0.0 0.0 0.0 0.0 0.0 0.0 0.0 50.0 50.0 0.0 0.0 0.0 0.0 1.0 0.0 0.0 255.0 50.0 0.2 0.01 0.2 0.0 0.0 0.0 0.0 0.0
0.0 28.0 0.0 3.0 0.0 0.0 0.0 0.0 0.0 0.0 0.0 0.0 0.0 0.0 0.0 51.0 51.0 0.0 0.0 0.0 0.0 1.0 0.0 0.0 255.0 51.0 0.2 0.01 0.2 0.0 0.0 0.0 0.0 0.0
0.0 28.0 0.0 3.0 0.0 0.0 0.0 0.0 0.0 0.0 0.0 0.0 0.0 0.0 0.0 52.0 52.0 0.0 0.0 0.0 0.0 1.0 0.0 0.0 255.0 52.0 0.2 0.01 0.2 0.0 0.0 0.0 0.0 0.0
0.0 28.0 0.0 3.0 0.0 0.0 0.0 0.0 0.0 0.0 0.0 0.0 0.0 0.0 0.0 53.0 53.0 0.0 0.0 0.0 0.0 1.0 0.0 0.0 255.0 53.0 0.21 0.01 0.21 0.0 0.0 0.0 0.0 0.0
0.0 28.0 0.0 3.0 0.0 0.0 0.0 0.0 0.0 0.0 0.0 0.0 0.0 0.0 0.0 54.0 54.0 0.0 0.0 0.0 0.0 1.0 0.0 0.0 255.0 54.0 0.21 0.01 0.21 0.0 0.0 0.0 0.0 0.0
0.0 28.0 0.0 3.0 0.0 0.0 0.0 0.0 0.0 0.0 0.0 0.0 0.0 0.0 0.0 55.0 55.0 0.0 0.0 0.0 0.0 1.0 0.0 0.0 255.0 55.0 0.22 0.01 0.22 0.0 0.0 0.0 0.0 0.0
0.0 28.0 0.0 3.0 0.0 0.0 0.0 0.0 0.0 0.0 0.0 0.0 0.0 0.0 0.0 56.0 56.0 0.0 0.0 0.0 0.0 1.0 0.0 0.0 255.0 56.0 0.22 0.01 0.22 0.0 0.0 0.0 0.0 0.0
0.0 28.0 0.0 3.0 0.0 0.0 0.0 0.0 0.0 0.0 0.0 0.0 0.0 0.0 0.0 57.0 57.0 0.0 0.0 0.0 0.0 1.0 0.0 0.0 255.0 57.0 0.22 0.01 0.22 0.0 0.0 0.0 0.0 0.0
0.0 28.0 0.0 3.0 0.0 0.0 0.0 0.0 0.0 0.0 0.0 0.0 0.0 0.0 0.0 58.0 58.0 0.0 0.0 0.0 0.0 1.0 0.0 0.0 255.0 58.0 0.23 0.01 0.23 0.0 0.0 0.0 0.0 0.0
0.0 28.0 0.0 3.0 0.0 0.0 0.0 0.0 0.0 0.0 0.0 0.0 0.0 0.0 0.0 59.0 59.0 0.0 0.0 0.0 0.0 1.0 0.0 0.0 255.0 59.0 0.23 0.01 0.23 0.0 0.0 0.0 0.0 0.0
0.0 28.0 0.0 3.0 0.0 0.0 0.0 0.0 0.0 0.0 0.0 0.0 0.0 0.0 0.0 60.0 60.0 0.0 0.0 0.0 0.0 1.0 0.0 0.0 255.0 60.0 0.24 0.01 0.24 0.0 0.0 0.0 0.0 0.0
0.0 28.0 0.0 3.0 0.0 0.0 0.0 0.0 0.0 0.0 0.0 0.0 0.0 0.0 0.0 61.0 61.0 0.0 0.0 0.0 0.0 1.0 0.0 0.0 255.0 61.0 0.24 0.01 0.24 0.0 0.0 0.0 0.0 0.0
0.0 28.0 0.0 3.0 0.0 0.0 0.0 0.0 0.0 0.0 0.0 0.0 0.0 0.0 0.0 62.0 62.0 0.0 0.0 0.0 0.0 1.0 0.0 0.0 255.0 62.0 0.24 0.01 0.24 0.0 0.0 0.0 0.0 0.0
0.0 28.0 0.0 3.0 0.0 0.0 0.0 0.0 0.0 0.0 0.0 0.0 0.0 0.0 0.0 63.0 63.0 0.0 0.0 0.0 0.0 1.0 0.0 0.0 255.0 63.0 0.25 0.01 0.25 0.0 0.0 0.0 0.0 0.0
0.0 28.0 0.0 3.0 0.0 0.0 0.0 0.0 0.0 0.0 0.0 0.0 0.0 0.0 0.0 64.0 64.0 0.0 0.0 0.0 0.0 1.0 0.0 0.0 255.0 64.0 0.25 0.01 0.25 0.0 0.0 0.0 0.0 0.0
0.0 28.0 0.0 3.0 0.0 0.0 0.0 0.0 0.0 0.0 0.0 0.0 0.0 0.0 0.0 65.0 65.0 0.0 0.0 0.0 0.0 1.0 0.0 0.0 255.0 65.0 0.25 0.01 0.25 0.0 0.0 0.0 0.0 0.0
0.0 28.0 0.0 3.0 0.0 0.0 0.0 0.0 0.0 0.0 0.0 0.0 0.0 0.0 0.0 66.0 66.0 0.0 0.0 0.0 0.0 1.0 0.0 0.0 255.0 66.0 0.26 0.01 0.26 0.0 0.0 0.0 0.0 0.0
0.0 28.0 0.0 3.0 0.0 0.0 0.0 0.0 0.0 0.0 0.0 0.0 0.0 0.0 0.0 67.0 67.0 0.0 0.0 0.0 0.0 1.0 0.0 0.0 255.0 67.0 0.26 0.01 0.26 0.0 0.0 0.0 0.0 0.0
0.0 28.0 0.0 3.0 0.0 0.0 0.0 0.0 0.0 0.0 0.0 0.0 0.0 0.0 0.0 68.0 68.0 0.0 0.0 0.0 0.0 1.0 0.0 0.0 255.0 68.0 0.27 0.01 0.27 0.0 0.0 0.0 0.0 0.0
0.0 28.0 0.0 3.0 0.0 0.0 0.0 0.0 0.0 0.0 0.0 0.0 0.0 0.0 0.0 69.0 69.0 0.0 0.0 0.0 0.0 1.0 0.0 0.0 255.0 69.0 0.27 0.01 0.27 0.0 0.0 0.0 0.0 0.0
0.0 28.0 0.0 3.0 0.0 0.0 0.0 0.0 0.0 0.0 0.0 0.0 0.0 0.0 0.0 70.0 70.0 0.0 0.0 0.0 0.0 1.0 0.0 0.0 255.0 70.0 0.27 0.01 0.27 0.0 0.0 0.0 0.0 0.0
0.0 28.0 0.0 3.0 0.0 0.0 0.0 0.0 0.0 0.0 0.0 0.0 0.0 0.0 0.0 71.0 71.0 0.0 0.0 0.0 0.0 1.0 0.0 0.0 255.0 71.0 0.28 0.01 0.28 0.0 0.0 0.0 0.0 0.0
0.0 28.0 0.0 3.0 0.0 0.0 0.0 0.0 0.0 0.0 0.0 0.0 0.0 0.0 0.0 72.0 72.0 0.0 0.0 0.0 0.0 1.0 0.0 0.0 255.0 72.0 0.28 0.01 0.28 0.0 0.0 0.0 0.0 0.0
0.0 28.0 0.0 3.0 0.0 0.0 0.0 0.0 0.0 0.0 0.0 0.0 0.0 0.0 0.0 73.0 73.0 0.0 0.0 0.0 0.0 1.0 0.0 0.0 255.0 73.0 0.29 0.01 0.29 0.0 0.0 0.0 0.0 0.0
0.0 28.0 0.0 3.0 0.0 0.0 0.0 0.0 0.0 0.0 0.0 0.0 0.0 0.0 0.0 74.0 74.0 0.0 0.0 0.0 0.0 1.0 0.0 0.0 255.0 74.0 0.29 0.01 0.29 0.0 0.0 0.0 0.0 0.0
0.0 28.0 0.0 3.0 0.0 0.0 0.0 0.0 0.0 0.0 0.0 0.0 0.0 0.0 0.0 75.0 75.0 0.0 0.0 0.0 0.0 1.0 0.0 0.0 255.0 75.0 0.29 0.01 0.29 0.0 0.0 0.0 0.0 0.0
0.0 28.0 0.0 3.0 0.0 0.0 0.0 0.0 0.0 0.0 0.0 0.0 0.0 0.0 0.0 76.0 76.0 0.0 0.0 0.0 0.0 1.0 0.0 0.0 255.0 76.0 0.3 0.01 0.3 0.0 0.0 0.0 0.0 0.0
0.0 28.0 0.0 3.0 0.0 0.0 0.0 0.0 0.0 0.0 0.0 0.0 0.0 0.0 0.0 77.0 77.0 0.0 0.0 0.0 0.0 1.0 0.0 0.0 255.0 77.0 0.3 0.01 0.3 0.0 0.0 0.0 0.0 0.0
0.0 28.0 0.0 3.0 0.0 0.0 0.0 0.0 0.0 0.0 0.0 0.0 0.0 0.0 0.0 78.0 78.0 0.0 0.0 0.0 0.0 1.0 0.0 0.0 255.0 78.0 0.31 0.01 0.31 0.0 0.0 0.0 0.0 0.0
0.0 28.0 0.0 3.0 0.0 0.0 0.0 0.0 0.0 0.0 0.0 0.0 0.0 0.0 0.0 79.0 79.0 0.0 0.0 0.0 0.0 1.0 0.0 0.0 255.0 79.0 0.31 0.01 0.31 0.0 0.0 0.0 0.0 0.0
0.0 28.0 0.0 3.0 0.0 0.0 0.0 0.0 0.0 0.0 0.0 0.0 0.0 0.0 0.0 80.0 80.0 0.0 0.0 0.0 0.0 1.0 0.0 0.0 255.0 80.0 0.31 0.01 0.31 0.0 0.0 0.0 0.0 0.0
0.0 28.0 0.0 3.0 0.0 0.0 0.0 0.0 0.0 0.0 0.0 0.0 0.0 0.0 0.0 81.0 81.0 0.0 0.0 0.0 0.0 1.0 0.0 0.0 255.0 81.0 0.32 0.01 0.32 0.0 0.0 0.0 0.0 0.0
0.0 28.0 0.0 3.0 0.0 0.0 0.0 0.0 0.0 0.0 0.0 0.0 0.0 0.0 0.0 82.0 82.0 0.0 0.0 0.0 0.0 1.0 0.0 0.0 255.0 82.0 0.32 0.01 0.32 0.0 0.0 0.0 0.0 0.0
0.0 28.0 0.0 3.0 0.0 0.0 0.0 0.0 0.0 0.0 0.0 0.0 0.0 0.0 0.0 83.0 83.0 0.0 0.0 0.0 0.0 1.0 0.0 0.0 255.0 83.0 0.33 0.01 0.33 0.0 0.0 0.0 0.0 0.0
0.0 28.0 0.0 3.0 0.0 0.0 0.0 0.0 0.0 0.0 0.0 0.0 0.0 0.0 0.0 84.0 84.0 0.0 0.0 0.0 0.0 1.0 0.0 0.0 255.0 84.0 0.33 0.01 0.33 0.0 0.0 0.0 0.0 0.0
0.0 28.0 0.0 3.0 0.0 0.0 0.0 0.0 0.0 0.0 0.0 0.0 0.0 0.0 0.0 85.0 85.0 0.0 0.0 0.0 0.0 1.0 0.0 0.0 255.0 85.0 0.33 0.01 0.33 0.0 0.0 0.0 0.0 0.0
0.0 28.0 0.0 3.0 0.0 0.0 0.0 0.0 0.0 0.0 0.0 0.0 0.0 0.0 0.0 86.0 86.0 0.0 0.0 0.0 0.0 1.0 0.0 0.0 255.0 86.0 0.34 0.01 0.34 0.0 0.0 0.0 0.0 0.0
0.0 28.0 0.0 3.0 0.0 0.0 0.0 0.0 0.0 0.0 0.0 0.0 0.0 0.0 0.0 87.0 87.0 0.0 0.0 0.0 0.0 1.0 0.0 0.0 255.0 87.0 0.34 0.01 0.34 0.0 0.0 0.0 0.0 0.0
0.0 28.0 0.0 3.0 0.0 0.0 0.0 0.0 0.0 0.0 0.0 0.0 0.0 0.0 0.0 88.0 88.0 0.0 0.0 0.0 0.0 1.0 0.0 0.0 255.0 88.0 0.35 0.01 0.35 0.0 0.0 0.0 0.0 0.0
0.0 28.0 0.0 3.0 0.0 0.0 0.0 0.0 0.0 0.0 0.0 0.0 0.0 0.0 0.0 89.0 89.0 0.0 0.0 0.0 0.0 1.0 0.0 0.0 255.0 89.0 0.35 0.01 0.35 0.0 0.0 0.0 0.0 0.0
0.0 28.0 0.0 3.0 0.0 0.0 0.0 0.0 0.0 0.0 0.0 0.0 0.0 0.0 0.0 90.0 90.0 0.0 0.0 0.0 0.0 1.0 0.0 0.0 255.0 90.0 0.35 0.01 0.35 0.0 0.0 0.0 0.0 0.0
0.0 28.0 0.0 3.0 0.0 0.0 0.0 0.0 0.0 0.0 0.0 0.0 0.0 0.0 0.0 91.0 91.0 0.0 0.0 0.0 0.0 1.0 0.0 0.0 255.0 91.0 0.36 0.01 0.36 0.0 0.0 0.0 0.0 0.0
0.0 28.0 0.0 3.0 0.0 0.0 0.0 0.0 0.0 0.0 0.0 0.0 0.0 0.0 0.0 92.0 92.0 0.0 0.0 0.0 0.0 1.0 0.0 0.0 255.0 92.0 0.36 0.01 0.36 0.0 0.0 0.0 0.0 0.0
0.0 28.0 0.0 3.0 0.0 0.0 0.0 0.0 0.0 0.0 0.0 0.0 0.0 0.0 0.0 93.0 93.0 0.0 0.0 0.0 0.0 1.0 0.0 0.0 255.0 93.0 0.36 0.01 0.36 0.0 0.0 0.0 0.0 0.0
0.0 28.0 0.0 3.0 0.0 0.0 0.0 0.0 0.0 0.0 0.0 0.0 0.0 0.0 0.0 94.0 94.0 0.0 0.0 0.0 0.0 1.0 0.0 0.0 255.0 94.0 0.37 0.01 0.37 0.0 0.0 0.0 0.0 0.0
0.0 28.0 0.0 3.0 0.0 0.0 0.0 0.0 0.0 0.0 0.0 0.0 0.0 0.0 0.0 95.0 95.0 0.0 0.0 0.0 0.0 1.0 0.0 0.0 255.0 95.0 0.37 0.01 0.37 0.0 0.0 0.0 0.0 0.0
0.0 28.0 0.0 3.0 0.0 0.0 0.0 0.0 0.0 0.0 0.0 0.0 0.0 0.0 0.0 96.0 96.0 0.0 0.0 0.0 0.0 1.0 0.0 0.0 255.0 96.0 0.38 0.01 0.38 0.0 0.0 0.0 0.0 0.0
0.0 28.0 0.0 3.0 0.0 0.0 0.0 0.0 0.0 0.0 0.0 0.0 0.0 0.0 0.0 97.0 97.0 0.0 0.0 0.0 0.0 1.0 0.0 0.0 255.0 97.0 0.38 0.01 0.38 0.0 0.0 0.0 0.0 0.0
0.0 28.0 0.0 3.0 0.0 0.0 0.0 0.0 0.0 0.0 0.0 0.0 0.0 0.0 0.0 98.0 98.0 0.0 0.0 0.0 0.0 1.0 0.0 0.0 255.0 98.0 0.38 0.01 0.38 0.0 0.0 0.0 0.0 0.0
0.0 28.0 0.0 3.0 0.0 0.0 0.0 0.0 0.0 0.0 0.0 0.0 0.0 0.0 0.0 99.0 99.0 0.0 0.0 0.0 0.0 1.0 0.0 0.0 255.0 99.0 0.39 0.01 0.39 0.0 0.0 0.0 0.0 0.0
0.0 1480.0 0.0 1.0 0.0 0.0 0.0 0.0 0.0 0.0 0.0 0.0 0.0 0.0 0.0 1.0 1.0 0.0 0.0 0.0 0.0 1.0 0.0 0.0 2.0 155.0 0.5 1.0 0.5 0.01 0.5 0.0 0.0 0.0
0.0 1480.0 0.0 1.0 0.0 0.0 0.0 0.0 0.0 0.0 0.0 0.0 0.0 0.0 0.0 2.0 2.0 0.0 0.0 0.0 0.0 1.0 0.0 0.0 3.0 155.0 0.67 0.67 0.67 0.01 0.33 0.0 0.0 0.0
0.0 1480.0 0.0 1.0 0.0 0.0 0.0 0.0 0.0 0.0 0.0 0.0 0.0 0.0 0.0 1.0 1.0 0.0 0.0 0.0 0.0 1.0 0.0 0.0 4.0 155.0 0.75 0.5 0.75 0.01 0.25 0.0 0.0 0.0
0.0 1480.0 0.0 1.0 0.0 0.0 0.0 0.0 0.0 0.0 0.0 0.0 0.0 0.0 0.0 2.0 2.0 0.0 0.0 0.0 0.0 1.0 0.0 0.0 5.0 155.0 0.8 0.4 0.8 0.01 0.2 0.0 0.0 0.0
0.0 1480.0 0.0 1.0 0.0 0.0 0.0 0.0 0.0 0.0 0.0 0.0 0.0 0.0 0.0 1.0 3.0 0.0 0.0 0.0 0.0 1.0 0.0 0.67 2.0 154.0 0.5 1.0 0.5 0.02 0.5 0.0 0.0 0.0
0.0 1480.0 0.0 1.0 0.0 0.0 0.0 0.0 0.0 0.0 0.0 0.0 0.0 0.0 0.0 2.0 4.0 0.0 0.0 0.0 0.0 1.0 0.0 0.5 3.0 154.0 0.67 0.67 0.67 0.02 0.33 0.0 0.0 0.0
0.0 1480.0 0.0 1.0 0.0 0.0 0.0 0.0 0.0 0.0 0.0 0.0 0.0 0.0 0.0 1.0 3.0 0.0 0.0 0.0 0.0 1.0 0.0 0.67 4.0 154.0 0.75 0.5 0.75 0.02 0.25 0.0 0.0 0.0
0.0 1480.0 0.0 1.0 0.0 0.0 0.0 0.0 0.0 0.0 0.0 0.0 0.0 0.0 0.0 2.0 4.0 0.0 0.0 0.0 0.0 1.0 0.0 0.5 5.0 154.0 0.8 0.4 0.8 0.02 0.2 0.0 0.0 0.0
0.0 1480.0 0.0 1.0 0.0 0.0 0.0 0.0 0.0 0.0 0.0 0.0 0.0 0.0 0.0 1.0 3.0 0.0 0.0 0.0 0.0 1.0 0.0 0.67 2.0 153.0 0.5 1.0 0.5 0.03 0.5 0.0 0.0 0.0
0.0 1480.0 0.0 1.0 0.0 0.0 0.0 0.0 0.0 0.0 0.0 0.0 0.0 0.0 0.0 2.0 4.0 0.0 0.0 0.0 0.0 1.0 0.0 0.5 3.0 153.0 0.67 0.67 0.67 0.03 0.33 0.0 0.0 0.0
0.0 1480.0 0.0 1.0 0.0 0.0 0.0 0.0 0.0 0.0 0.0 0.0 0.0 0.0 0.0 1.0 3.0 0.0 0.0 0.0 0.0 1.0 0.0 0.67 4.0 153.0 0.75 0.5 0.75 0.03 0.25 0.0 0.0 0.0
0.0 1480.0 0.0 1.0 0.0 0.0 0.0 0.0 0.0 0.0 0.0 0.0 0.0 0.0 0.0 2.0 4.0 0.0 0.0 0.0 0.0 1.0 0.0 0.5 5.0 153.0 0.8 0.4 0.8 0.03 0.2 0.0 0.0 0.0
0.0 1480.0 0.0 1.0 0.0 0.0 0.0 0.0 0.0 0.0 0.0 0.0 0.0 0.0 0.0 1.0 3.0 0.0 0.0 0.0 0.0 1.0 0.0 0.67 2.0 152.0 0.5 1.0 0.5 0.03 0.5 0.0 0.0 0.0
0.0 1480.0 0.0 1.0 0.0 0.0 0.0 0.0 0.0 0.0 0.0 0.0 0.0 0.0 0.0 1.0 3.0 0.0 0.0 0.0 0.0 1.0 0.0 0.67 3.0 152.0 0.67 0.67 0.67 0.03 0.33 0.0 0.0 0.0
0.0 1480.0 0.0 1.0 0.0 0.0 0.0 0.0 0.0 0.0 0.0 0.0 0.0 0.0 0.0 2.0 4.0 0.0 0.0 0.0 0.0 1.0 0.0 0.5 4.0 152.0 0.75 0.5 0.75 0.03 0.25 0.0 0.0 0.0
0.0 1480.0 0.0 1.0 0.0 0.0 0.0 0.0 0.0 0.0 0.0 0.0 0.0 0.0 0.0 1.0 2.0 0.0 0.0 0.0 0.0 1.0 0.0 1.0 2.0 151.0 0.5 1.0 0.5 0.04 0.5 0.0 0.0 0.0
0.0 1480.0 0.0 1.0 0.0 0.0 0.0 0.0 0.0 0.0 0.0 0.0 0.0 0.0 0.0 2.0 3.0 0.0 0.0 0.0 0.0 1.0 0.0 0.67 3.0 151.0 0.67 0.67 0.67 0.04 0.33 0.0 0.0 0.0
0.0 1480.0 0.0 1.0 0.0 0.0 0.0 0.0 0.0 0.0 0.0 0.0 0.0 0.0 0.0 1.0 3.0 0.0 0.0 0.0 0.0 1.0 0.0 0.67 4.0 151.0 0.75 0.5 0.75 0.04 0.25 0.0 0.0 0.0
0.0 1480.0 0.0 1.0 0.0 0.0 0.0 0.0 0.0 0.0 0.0 0.0 0.0 0.0 0.0 2.0 4.0 0.0 0.0 0.0 0.0 1.0 0.0 0.5 5.0 151.0 0.8 0.4 0.8 0.04 0.2 0.0 0.0 0.0
0.0 1480.0 0.0 1.0 0.0 0.0 0.0 0.0 0.0 0.0 0.0 0.0 0.0 0.0 0.0 1.0 3.0 0.0 0.0 0.0 0.0 1.0 0.0 0.67 1.0 151.0 1.0 0.0 1.0 0.05 0.0 0.0 0.0 0.0
0.0 1480.0 0.0 1.0 0.0 0.0 0.0 0.0 0.0 0.0 0.0 0.0 0.0 0.0 0.0 2.0 4.0 0.0 0.0 0.0 0.0 1.0 0.0 0.5 2.0 151.0 1.0 0.0 1.0 0.05 0.0 0.0 0.0 0.0
0.0 1480.0 0.0 1.0 0.0 0.0 0.0 0.0 0.0 0.0 0.0 0.0 0.0 0.0 0.0 1.0 3.0 0.0 0.0 0.0 0.0 1.0 0.0 0.67 3.0 151.0 1.0 0.0 1.0 0.05 0.0 0.0 0.0 0.0
