0.0 255.0 3748.0 0.0 0.0 0.0 0.0 0.0 0.0 0.0 0.0 0.0 0.0 0.0 0.0 32.0 40.0 0.0 0.0 0.0 0.0 1.0 0.0 0.1 255.0 255.0 1.0 0.0 0.0 0.0 0.0 0.0 0.0 0.0
0.0 242.0 486.0 0.0 0.0 0.0 0.0 0.0 0.0 0.0 0.0 0.0 0.0 0.0 0.0 41.0 50.0 0.0 0.0 0.0 0.0 1.0 0.0 0.08 255.0 255.0 1.0 0.0 0.0 0.0 0.0 0.0 0.0 0.0
0.0 260.0 655.0 0.0 0.0 0.0 0.0 0.0 0.0 0.0 0.0 0.0 0.0 0.0 0.0 6.0 8.0 0.0 0.0 0.0 0.0 1.0 0.0 0.25 255.0 255.0 1.0 0.0 0.0 0.0 0.0 0.0 0.0 0.0
0.0 242.0 362.0 0.0 0.0 0.0 0.0 0.0 0.0 0.0 0.0 0.0 0.0 0.0 0.0 16.0 19.0 0.0 0.0 0.0 0.0 1.0 0.0 0.11 255.0 255.0 1.0 0.0 0.0 0.0 0.0 0.0 0.0 0.0
0.0 248.0 449.0 0.0 0.0 0.0 0.0 0.0 0.0 0.0 0.0 0.0 0.0 0.0 0.0 25.0 29.0 0.0 0.0 0.0 0.0 1.0 0.0 0.07 255.0 255.0 1.0 0.0 0.0 0.0 0.0 0.0 0.0 0.0
0.0 260.0 1028.0 0.0 0.0 0.0 0.0 0.0 0.0 0.0 0.0 0.0 0.0 0.0 0.0 35.0 42.0 0.0 0.0 0.0 0.0 1.0 0.0 0.07 255.0 255.0 1.0 0.0 0.0 0.0 0.0 0.0 0.0 0.0
0.0 238.0 483.0 0.0 0.0 0.0 0.0 0.0 0.0 0.0 0.0 0.0 0.0 0.0 0.0 6.0 7.0 0.0 0.0 0.0 0.0 1.0 0.0 0.29 255.0 255.0 1.0 0.0 0.0 0.0 0.0 0.0 0.0 0.0
0.0 234.0 362.0 0.0 0.0 0.0 0.0 0.0 0.0 0.0 0.0 0.0 0.0 0.0 0.0 15.0 16.0 0.0 0.0 0.0 0.0 1.0 0.0 0.12 255.0 255.0 1.0 0.0 0.0 0.0 0.0 0.0 0.0 0.0
0.0 237.0 438.0 0.0 0.0 0.0 0.0 0.0 0.0 0.0 0.0 0.0 0.0 0.0 0.0 25.0 28.0 0.0 0.0 0.0 0.0 1.0 0.0 0.14 255.0 255.0 1.0 0.0 0.0 0.0 0.0 0.0 0.0 0.0
0.0 241.0 535.0 0.0 0.0 0.0 0.0 0.0 0.0 0.0 0.0 0.0 0.0 0.0 0.0 34.0 37.0 0.0 0.0 0.0 0.0 1.0 0.0 0.11 255.0 255.0 1.0 0.0 0.0 0.0 0.0 0.0 0.0 0.0
0.0 225.0 482.0 0.0 0.0 0.0 0.0 0.0 0.0 0.0 0.0 0.0 0.0 0.0 0.0 8.0 9.0 0.0 0.0 0.0 0.0 1.0 0.0 0.22 255.0 255.0 1.0 0.0 0.0 0.0 0.0 0.0 0.0 0.0
0.0 235.0 263.0 0.0 0.0 0.0 0.0 0.0 0.0 0.0 0.0 0.0 0.0 0.0 0.0 18.0 24.0 0.0 0.0 0.0 0.0 1.0 0.0 0.12 255.0 255.0 1.0 0.0 0.0 0.0 0.0 0.0 0.0 0.0
0.0 217.0 1395.0 0.0 0.0 0.0 0.0 0.0 0.0 0.0 0.0 0.0 0.0 0.0 0.0 28.0 36.0 0.0 0.0 0.0 0.0 1.0 0.0 0.08 255.0 255.0 1.0 0.0 0.0 0.0 0.0 0.0 0.0 0.0
0.0 226.0 32862.0 0.0 0.0 0.0 0.0 0.0 0.0 0.0 0.0 0.0 0.0 0.0 0.0 1.0 1.0 0.0 0.0 0.0 0.0 1.0 0.0 0.0 255.0 255.0 1.0 0.0 0.0 0.0 0.0 0.0 0.0 0.0
0.0 242.0 516.0 0.0 0.0 0.0 0.0 0.0 0.0 0.0 0.0 0.0 0.0 0.0 0.0 11.0 12.0 0.0 0.0 0.0 0.0 1.0 0.0 0.17 255.0 255.0 1.0 0.0 0.0 0.0 0.0 0.0 0.0 0.0
0.0 244.0 487.0 0.0 0.0 0.0 0.0 0.0 0.0 0.0 0.0 0.0 0.0 0.0 0.0 21.0 25.0 0.0 0.0 0.0 0.0 1.0 0.0 0.12 255.0 255.0 1.0 0.0 0.0 0.0 0.0 0.0 0.0 0.0
0.0 242.0 486.0 0.0 0.0 0.0 0.0 0.0 0.0 0.0 0.0 0.0 0.0 0.0 0.0 31.0 36.0 0.0 0.0 0.0 0.0 1.0 0.0 0.08 255.0 255.0 1.0 0.0 0.0 0.0 0.0 0.0 0.0 0.0
0.0 262.0 2297.0 0.0 0.0 0.0 0.0 0.0 0.0 0.0 0.0 0.0 0.0 0.0 0.0 41.0 46.0 0.0 0.0 0.0 0.0 1.0 0.0 0.07 255.0 255.0 1.0 0.0 0.0 0.0 0.0 0.0 0.0 0.0
0.0 222.0 483.0 0.0 0.0 0.0 0.0 0.0 0.0 0.0 0.0 0.0 0.0 0.0 0.0 5.0 6.0 0.0 0.0 0.0 0.0 1.0 0.0 0.33 255.0 255.0 1.0 0.0 0.0 0.0 0.0 0.0 0.0 0.0
0.0 224.0 449.0 0.0 0.0 0.0 0.0 0.0 0.0 0.0 0.0 0.0 0.0 0.0 0.0 15.0 19.0 0.0 0.0 0.0 0.0 1.0 0.0 0.16 255.0 255.0 1.0 0.0 0.0 0.0 0.0 0.0 0.0 0.0
0.0 234.0 405.0 0.0 0.0 0.0 0.0 0.0 0.0 0.0 0.0 0.0 0.0 0.0 0.0 25.0 30.0 0.0 0.0 0.0 0.0 1.0 0.0 0.1 255.0 255.0 1.0 0.0 0.0 0.0 0.0 0.0 0.0 0.0
0.0 224.0 434.0 0.0 0.0 0.0 0.0 0.0 0.0 0.0 0.0 0.0 0.0 0.0 0.0 35.0 45.0 0.0 0.0 0.0 0.0 1.0 0.0 0.09 255.0 255.0 1.0 0.0 0.0 0.0 0.0 0.0 0.0 0.0
0.0 248.0 498.0 0.0 0.0 0.0 0.0 0.0 0.0 0.0 0.0 0.0 0.0 0.0 0.0 6.0 8.0 0.0 0.0 0.0 0.0 1.0 0.0 0.25 255.0 255.0 1.0 0.0 0.0 0.0 0.0 0.0 0.0 0.0
0.0 245.0 392.0 0.0 0.0 0.0 0.0 0.0 0.0 0.0 0.0 0.0 0.0 0.0 0.0 16.0 29.0 0.0 0.0 0.0 0.0 1.0 0.0 0.14 255.0 255.0 1.0 0.0 0.0 0.0 0.0 0.0 0.0 0.0
0.0 246.0 449.0 0.0 0.0 0.0 0.0 0.0 0.0 0.0 0.0 0.0 0.0 0.0 0.0 26.0 49.0 0.0 0.0 0.0 0.0 1.0 0.0 0.08 255.0 255.0 1.0 0.0 0.0 0.0 0.0 0.0 0.0 0.0
0.0 244.0 604.0 0.0 0.0 0.0 0.0 0.0 0.0 0.0 0.0 0.0 0.0 0.0 0.0 5.0 6.0 0.0 0.0 0.0 0.0 1.0 0.0 0.33 255.0 255.0 1.0 0.0 0.0 0.0 0.0 0.0 0.0 0.0
0.0 246.0 484.0 0.0 0.0 0.0 0.0 0.0 0.0 0.0 0.0 0.0 0.0 0.0 0.0 15.0 15.0 0.0 0.0 0.0 0.0 1.0 0.0 0.0 255.0 255.0 1.0 0.0 0.0 0.0 0.0 0.0 0.0 0.0
0.0 247.0 573.0 0.0 0.0 0.0 0.0 0.0 0.0 0.0 0.0 0.0 0.0 0.0 0.0 24.0 27.0 0.0 0.0 0.0 0.0 1.0 0.0 0.07 255.0 255.0 1.0 0.0 0.0 0.0 0.0 0.0 0.0 0.0
0.0 271.0 2867.0 0.0 0.0 0.0 0.0 0.0 0.0 0.0 0.0 0.0 0.0 0.0 0.0 34.0 39.0 0.0 0.0 0.0 0.0 1.0 0.0 0.1 255.0 255.0 1.0 0.0 0.0 0.0 0.0 0.0 0.0 0.0
0.0 247.0 274.0 0.0 0.0 0.0 0.0 0.0 0.0 0.0 0.0 0.0 0.0 0.0 0.0 10.0 13.0 0.0 0.0 0.0 0.0 1.0 0.0 0.31 255.0 255.0 1.0 0.0 0.0 0.0 0.0 0.0 0.0 0.0
0.0 241.0 434.0 0.0 0.0 0.0 0.0 0.0 0.0 0.0 0.0 0.0 0.0 0.0 0.0 20.0 23.0 0.0 0.0 0.0 0.0 1.0 0.0 0.13 255.0 255.0 1.0 0.0 0.0 0.0 0.0 0.0 0.0 0.0
0.0 239.0 483.0 0.0 0.0 0.0 0.0 0.0 0.0 0.0 0.0 0.0 0.0 0.0 0.0 30.0 34.0 0.0 0.0 0.0 0.0 1.0 0.0 0.09 255.0 255.0 1.0 0.0 0.0 0.0 0.0 0.0 0.0 0.0
0.0 238.0 438.0 0.0 0.0 0.0 0.0 0.0 0.0 0.0 0.0 0.0 0.0 0.0 0.0 39.0 49.0 0.0 0.0 0.0 0.0 1.0 0.0 0.08 255.0 255.0 1.0 0.0 0.0 0.0 0.0 0.0 0.0 0.0
0.0 228.0 25667.0 0.0 0.0 0.0 0.0 0.0 0.0 0.0 0.0 0.0 0.0 0.0 0.0 4.0 5.0 0.0 0.0 0.0 0.0 1.0 0.0 0.4 255.0 255.0 1.0 0.0 0.0 0.0 0.0 0.0 0.0 0.0
0.0 234.0 417.0 0.0 0.0 0.0 0.0 0.0 0.0 0.0 0.0 0.0 0.0 0.0 0.0 14.0 16.0 0.0 0.0 0.0 0.0 1.0 0.0 0.19 255.0 255.0 1.0 0.0 0.0 0.0 0.0 0.0 0.0 0.0
0.0 228.0 383.0 0.0 0.0 0.0 0.0 0.0 0.0 0.0 0.0 0.0 0.0 0.0 0.0 24.0 28.0 0.0 0.0 0.0 0.0 1.0 0.0 0.14 255.0 255.0 1.0 0.0 0.0 0.0 0.0 0.0 0.0 0.0
0.0 281.0 616.0 0.0 0.0 0.0 0.0 0.0 0.0 0.0 0.0 0.0 0.0 0.0 0.0 1.0 3.0 0.0 0.0 0.0 0.0 1.0 0.0 0.67 255.0 255.0 1.0 0.0 0.0 0.0 0.0 0.0 0.0 0.0
0.0 262.0 449.0 0.0 0.0 0.0 0.0 0.0 0.0 0.0 0.0 0.0 0.0 0.0 0.0 10.0 30.0 0.0 0.0 0.0 0.0 1.0 0.0 0.23 255.0 255.0 1.0 0.0 0.0 0.0 0.0 0.0 0.0 0.0
0.0 247.0 1062.0 0.0 0.0 0.0 0.0 0.0 0.0 0.0 0.0 0.0 0.0 0.0 0.0 8.0 10.0 0.0 0.0 0.0 0.0 1.0 0.0 0.3 255.0 255.0 1.0 0.0 0.0 0.0 0.0 0.0 0.0 0.0
0.0 325.0 4154.0 0.0 0.0 0.0 0.0 0.0 0.0 0.0 0.0 0.0 0.0 0.0 0.0 4.0 4.0 0.0 0.0 0.0 0.0 1.0 0.0 0.0 255.0 255.0 1.0 0.0 0.0 0.0 0.0 0.0 0.0 0.0
0.0 287.0 4154.0 0.0 0.0 0.0 0.0 0.0 0.0 0.0 0.0 0.0 0.0 0.0 0.0 4.0 7.0 0.0 0.0 0.0 0.0 1.0 0.0 0.29 255.0 255.0 1.0 0.0 0.0 0.0 0.0 0.0 0.0 0.0
0.0 289.0 4154.0 0.0 0.0 0.0 0.0 0.0 0.0 0.0 0.0 0.0 0.0 0.0 0.0 4.0 4.0 0.0 0.0 0.0 0.0 1.0 0.0 0.0 255.0 255.0 1.0 0.0 0.0 0.0 0.0 0.0 0.0 0.0
0.0 297.0 1062.0 0.0 0.0 0.0 0.0 0.0 0.0 0.0 0.0 0.0 0.0 0.0 0.0 4.0 8.0 0.0 0.0 0.0 0.0 1.0 0.0 0.25 255.0 255.0 1.0 0.0 0.0 0.0 0.0 0.0 0.0 0.0
0.0 202.0 732.0 0.0 0.0 0.0 0.0 0.0 0.0 0.0 0.0 0.0 0.0 0.0 0.0 4.0 4.0 0.0 0.0 0.0 0.0 1.0 0.0 0.0 255.0 255.0 1.0 0.0 0.0 0.0 0.0 0.0 0.0 0.0
0.0 209.0 498.0 0.0 0.0 0.0 0.0 0.0 0.0 0.0 0.0 0.0 0.0 0.0 0.0 14.0 15.0 0.0 0.0 0.0 0.0 1.0 0.0 0.13 255.0 255.0 1.0 0.0 0.0 0.0 0.0 0.0 0.0 0.0
0.0 206.0 13111.0 0.0 0.0 0.0 0.0 0.0 0.0 0.0 0.0 0.0 0.0 0.0 0.0 24.0 25.0 0.0 0.0 0.0 0.0 1.0 0.0 0.08 255.0 255.0 1.0 0.0 0.0 0.0 0.0 0.0 0.0 0.0
0.0 196.0 2251.0 0.0 0.0 0.0 0.0 0.0 0.0 0.0 0.0 0.0 0.0 0.0 0.0 34.0 36.0 0.0 0.0 0.0 0.0 1.0 0.0 0.08 255.0 255.0 1.0 0.0 0.0 0.0 0.0 0.0 0.0 0.0
0.0 336.0 4154.0 0.0 0.0 0.0 0.0 0.0 0.0 0.0 0.0 0.0 0.0 0.0 0.0 8.0 12.0 0.0 0.0 0.0 0.0 1.0 0.0 0.17 255.0 255.0 1.0 0.0 0.0 0.0 0.0 0.0 0.0 0.0
0.0 220.0 2863.0 0.0 0.0 0.0 0.0 0.0 0.0 0.0 0.0 0.0 0.0 0.0 0.0 8.0 10.0 0.0 0.0 0.0 0.0 1.0 0.0 0.3 255.0 255.0 1.0 0.0 0.0 0.0 0.0 0.0 0.0 0.0
0.0 221.0 282.0 0.0 0.0 0.0 0.0 0.0 0.0 0.0 0.0 0.0 0.0 0.0 0.0 18.0 20.0 0.0 0.0 0.0 0.0 1.0 0.0 0.15 255.0 255.0 1.0 0.0 0.0 0.0 0.0 0.0 0.0 0.0
0.0 310.0 2446.0 0.0 0.0 0.0 0.0 0.0 0.0 0.0 0.0 0.0 0.0 0.0 0.0 10.0 10.0 0.0 0.0 0.0 0.0 1.0 0.0 0.0 255.0 255.0 1.0 0.0 0.0 0.0 0.0 0.0 0.0 0.0
0.0 325.0 864.0 0.0 0.0 0.0 0.0 0.0 0.0 0.0 0.0 0.0 0.0 0.0 0.0 20.0 21.0 0.0 0.0 0.0 0.0 1.0 0.0 0.1 255.0 255.0 1.0 0.0 0.0 0.0 0.0 0.0 0.0 0.0
0.0 325.0 1126.0 0.0 0.0 0.0 0.0 0.0 0.0 0.0 0.0 0.0 0.0 0.0 0.0 30.0 31.0 0.0 0.0 0.0 0.0 1.0 0.0 0.06 255.0 255.0 1.0 0.0 0.0 0.0 0.0 0.0 0.0 0.0
0.0 337.0 656.0 0.0 0.0 0.0 0.0 0.0 0.0 0.0 0.0 0.0 0.0 0.0 0.0 4.0 5.0 0.0 0.0 0.0 0.0 1.0 0.0 0.4 255.0 255.0 1.0 0.0 0.0 0.0 0.0 0.0 0.0 0.0
0.0 340.0 284.0 0.0 0.0 0.0 0.0 0.0 0.0 0.0 0.0 0.0 0.0 0.0 0.0 14.0 15.0 0.0 0.0 0.0 0.0 1.0 0.0 0.13 255.0 255.0 1.0 0.0 0.0 0.0 0.0 0.0 0.0 0.0
0.0 333.0 216.0 0.0 0.0 0.0 0.0 0.0 0.0 0.0 0.0 0.0 0.0 0.0 0.0 6.0 7.0 0.0 0.0 0.0 0.0 1.0 0.0 0.29 255.0 255.0 1.0 0.0 0.0 0.0 0.0 0.0 0.0 0.0
0.0 324.0 2676.0 0.0 0.0 0.0 0.0 0.0 0.0 0.0 0.0 0.0 0.0 0.0 0.0 16.0 18.0 0.0 0.0 0.0 0.0 1.0 0.0 0.17 255.0 255.0 1.0 0.0 0.0 0.0 0.0 0.0 0.0 0.0
0.0 322.0 13111.0 0.0 0.0 0.0 0.0 0.0 0.0 0.0 0.0 0.0 0.0 0.0 0.0 26.0 28.0 0.0 0.0 0.0 0.0 1.0 0.0 0.11 255.0 255.0 1.0 0.0 0.0 0.0 0.0 0.0 0.0 0.0
0.0 315.0 511.0 0.0 0.0 0.0 0.0 0.0 0.0 0.0 0.0 0.0 0.0 0.0 0.0 36.0 40.0 0.0 0.0 0.0 0.0 1.0 0.0 0.08 255.0 255.0 1.0 0.0 0.0 0.0 0.0 0.0 0.0 0.0
0.0 333.0 283.0 0.0 0.0 0.0 0.0 0.0 0.0 0.0 0.0 0.0 0.0 0.0 0.0 10.0 10.0 0.0 0.0 0.0 0.0 1.0 0.0 0.0 255.0 255.0 1.0 0.0 0.0 0.0 0.0 0.0 0.0 0.0
0.0 330.0 1758.0 0.0 0.0 0.0 0.0 0.0 0.0 0.0 0.0 0.0 0.0 0.0 0.0 20.0 22.0 0.0 0.0 0.0 0.0 1.0 0.0 0.14 255.0 255.0 1.0 0.0 0.0 0.0 0.0 0.0 0.0 0.0
0.0 338.0 261.0 0.0 0.0 0.0 0.0 0.0 0.0 0.0 0.0 0.0 0.0 0.0 0.0 30.0 32.0 0.0 0.0 0.0 0.0 1.0 0.0 0.09 255.0 255.0 1.0 0.0 0.0 0.0 0.0 0.0 0.0 0.0
0.0 334.0 1320.0 0.0 0.0 0.0 0.0 0.0 0.0 0.0 0.0 0.0 0.0 0.0 0.0 7.0 29.0 0.0 0.0 0.0 0.0 1.0 0.0 0.14 255.0 255.0 1.0 0.0 0.0 0.0 0.0 0.0 0.0 0.0
0.0 338.0 283.0 0.0 0.0 0.0 0.0 0.0 0.0 0.0 0.0 0.0 0.0 0.0 0.0 17.0 37.0 0.0 0.0 0.0 0.0 1.0 0.0 0.11 255.0 255.0 1.0 0.0 0.0 0.0 0.0 0.0 0.0 0.0
0.0 335.0 1344.0 0.0 0.0 0.0 0.0 0.0 0.0 0.0 0.0 0.0 0.0 0.0 0.0 27.0 47.0 0.0 0.0 0.0 0.0 1.0 0.0 0.09 255.0 255.0 1.0 0.0 0.0 0.0 0.0 0.0 0.0 0.0
0.0 357.0 2801.0 0.0 0.0 0.0 0.0 0.0 0.0 0.0 0.0 0.0 0.0 0.0 0.0 4.0 4.0 0.0 0.0 0.0 0.0 1.0 0.0 0.0 255.0 255.0 1.0 0.0 0.0 0.0 0.0 0.0 0.0 0.0
0.0 352.0 960.0 0.0 0.0 0.0 0.0 0.0 0.0 0.0 0.0 0.0 0.0 0.0 0.0 14.0 17.0 0.0 0.0 0.0 0.0 1.0 0.0 0.18 255.0 255.0 1.0 0.0 0.01 0.0 0.0 0.0 0.0 0.0
0.0 347.0 511.0 0.0 0.0 0.0 0.0 0.0 0.0 0.0 0.0 0.0 0.0 0.0 0.0 24.0 27.0 0.0 0.0 0.0 0.0 1.0 0.0 0.11 255.0 255.0 1.0 0.0 0.0 0.0 0.0 0.0 0.0 0.0
0.0 325.0 2077.0 0.0 0.0 0.0 0.0 0.0 0.0 0.0 0.0 0.0 0.0 0.0 0.0 2.0 2.0 0.0 0.0 0.0 0.0 1.0 0.0 0.0 255.0 255.0 1.0 0.0 0.0 0.0 0.0 0.0 0.0 0.0
0.0 324.0 2994.0 0.0 0.0 0.0 0.0 0.0 0.0 0.0 0.0 0.0 0.0 0.0 0.0 12.0 12.0 0.0 0.0 0.0 0.0 1.0 0.0 0.0 255.0 255.0 1.0 0.0 0.0 0.0 0.0 0.0 0.0 0.0
0.0 324.0 1509.0 0.0 0.0 0.0 0.0 0.0 0.0 0.0 0.0 0.0 0.0 0.0 0.0 22.0 23.0 0.0 0.0 0.0 0.0 1.0 0.0 0.09 255.0 255.0 1.0 0.0 0.0 0.0 0.0 0.0 0.0 0.0
0.0 323.0 2592.0 0.0 0.0 0.0 0.0 0.0 0.0 0.0 0.0 0.0 0.0 0.0 0.0 32.0 42.0 0.0 0.0 0.0 0.0 1.0 0.0 0.1 255.0 255.0 1.0 0.0 0.0 0.0 0.0 0.0 0.0 0.0
0.0 336.0 2446.0 0.0 0.0 0.0 0.0 0.0 0.0 0.0 0.0 0.0 0.0 0.0 0.0 6.0 7.0 0.0 0.0 0.0 0.0 1.0 0.0 0.29 255.0 255.0 1.0 0.0 0.0 0.0 0.0 0.0 0.0 0.0
0.0 366.0 1205.0 0.0 0.0 0.0 0.0 0.0 0.0 0.0 0.0 0.0 0.0 0.0 0.0 16.0 19.0 0.0 0.0 0.0 0.0 1.0 0.0 0.16 255.0 255.0 1.0 0.0 0.0 0.0 0.0 0.0 0.0 0.0
0.0 339.0 462.0 0.0 0.0 0.0 0.0 0.0 0.0 0.0 0.0 0.0 0.0 0.0 0.0 26.0 30.0 0.0 0.0 0.0 0.0 1.0 0.0 0.1 255.0 255.0 1.0 0.0 0.0 0.0 0.0 0.0 0.0 0.0
0.0 341.0 546.0 0.0 0.0 0.0 0.0 0.0 0.0 0.0 0.0 0.0 0.0 0.0 0.0 35.0 44.0 0.0 0.0 0.0 0.0 1.0 0.0 0.09 255.0 255.0 1.0 0.0 0.0 0.0 0.0 0.0 0.0 0.0
0.0 358.0 754.0 0.0 0.0 0.0 0.0 0.0 0.0 0.0 0.0 0.0 0.0 0.0 0.0 45.0 55.0 0.0 0.0 0.0 0.0 1.0 0.0 0.07 255.0 255.0 1.0 0.0 0.0 0.0 0.0 0.0 0.0 0.0
0.0 209.0 2446.0 0.0 0.0 0.0 0.0 0.0 0.0 0.0 0.0 0.0 0.0 0.0 0.0 10.0 10.0 0.0 0.0 0.0 0.0 1.0 0.0 0.0 255.0 255.0 1.0 0.0 0.0 0.0 0.0 0.0 0.0 0.0
0.0 208.0 412.0 0.0 0.0 0.0 0.0 0.0 0.0 0.0 0.0 0.0 0.0 0.0 0.0 20.0 21.0 0.0 0.0 0.0 0.0 1.0 0.0 0.1 255.0 255.0 1.0 0.0 0.0 0.0 0.0 0.0 0.0 0.0
0.0 224.0 1126.0 0.0 0.0 0.0 0.0 0.0 0.0 0.0 0.0 0.0 0.0 0.0 0.0 30.0 31.0 0.0 0.0 0.0 0.0 1.0 0.0 0.06 255.0 255.0 1.0 0.0 0.0 0.0 0.0 0.0 0.0 0.0
0.0 241.0 604.0 0.0 0.0 0.0 0.0 0.0 0.0 0.0 0.0 0.0 0.0 0.0 0.0 3.0 3.0 0.0 0.0 0.0 0.0 1.0 0.0 0.0 255.0 255.0 1.0 0.0 0.0 0.0 0.0 0.0 0.0 0.0
0.0 237.0 2446.0 0.0 0.0 0.0 0.0 0.0 0.0 0.0 0.0 0.0 0.0 0.0 0.0 13.0 14.0 0.0 0.0 0.0 0.0 1.0 0.0 0.14 255.0 255.0 1.0 0.0 0.0 0.0 0.0 0.0 0.0 0.0
0.0 243.0 520.0 0.0 0.0 0.0 0.0 0.0 0.0 0.0 0.0 0.0 0.0 0.0 0.0 23.0 29.0 0.0 0.0 0.0 0.0 1.0 0.0 0.14 255.0 255.0 1.0 0.0 0.0 0.0 0.0 0.0 0.0 0.0
0.0 245.0 275.0 0.0 0.0 0.0 0.0 0.0 0.0 0.0 0.0 0.0 0.0 0.0 0.0 6.0 7.0 0.0 0.0 0.0 0.0 1.0 0.0 0.29 255.0 255.0 1.0 0.0 0.0 0.0 0.0 0.0 0.0 0.0
0.0 302.0 10241.0 0.0 0.0 0.0 0.0 0.0 0.0 0.0 0.0 0.0 0.0 0.0 0.0 2.0 4.0 0.0 0.0 0.0 0.0 1.0 0.0 0.75 255.0 255.0 1.0 0.0 0.0 0.0 0.0 0.0 0.0 0.0
0.0 286.0 4154.0 0.0 0.0 0.0 0.0 0.0 0.0 0.0 0.0 0.0 0.0 0.0 0.0 2.0 2.0 0.0 0.0 0.0 0.0 1.0 0.0 0.0 255.0 255.0 1.0 0.0 0.0 0.0 0.0 0.0 0.0 0.0
0.0 271.0 3068.0 0.0 0.0 0.0 0.0 0.0 0.0 0.0 0.0 0.0 0.0 0.0 0.0 2.0 4.0 0.0 0.0 0.0 0.0 1.0 0.0 0.75 255.0 255.0 1.0 0.0 0.0 0.0 0.0 0.0 0.0 0.0
0.0 327.0 4154.0 0.0 0.0 0.0 0.0 0.0 0.0 0.0 0.0 0.0 0.0 0.0 0.0 2.0 2.0 0.0 0.0 0.0 0.0 1.0 0.0 0.0 255.0 255.0 1.0 0.0 0.0 0.0 0.0 0.0 0.0 0.0
0.0 313.0 4154.0 0.0 0.0 0.0 0.0 0.0 0.0 0.0 0.0 0.0 0.0 0.0 0.0 2.0 2.0 0.0 0.0 0.0 0.0 1.0 0.0 0.0 255.0 255.0 1.0 0.0 0.0 0.0 0.0 0.0 0.0 0.0
0.0 217.0 604.0 0.0 0.0 0.0 0.0 0.0 0.0 0.0 0.0 0.0 0.0 0.0 0.0 2.0 6.0 0.0 0.0 0.0 0.0 1.0 0.0 0.83 255.0 255.0 1.0 0.0 0.0 0.0 0.0 0.0 0.0 0.0
0.0 218.0 434.0 0.0 0.0 0.0 0.0 0.0 0.0 0.0 0.0 0.0 0.0 0.0 0.0 12.0 21.0 0.0 0.0 0.0 0.0 1.0 0.0 0.24 255.0 255.0 1.0 0.0 0.0 0.0 0.0 0.0 0.0 0.0
0.0 212.0 362.0 0.0 0.0 0.0 0.0 0.0 0.0 0.0 0.0 0.0 0.0 0.0 0.0 22.0 36.0 0.0 0.0 0.0 0.0 1.0 0.0 0.14 255.0 255.0 1.0 0.0 0.0 0.0 0.0 0.0 0.0 0.0
0.0 219.0 516.0 0.0 0.0 0.0 0.0 0.0 0.0 0.0 0.0 0.0 0.0 0.0 0.0 6.0 13.0 0.0 0.0 0.0 0.0 1.0 0.0 0.31 255.0 255.0 1.0 0.0 0.0 0.0 0.0 0.0 0.0 0.0
0.0 217.0 511.0 0.0 0.0 0.0 0.0 0.0 0.0 0.0 0.0 0.0 0.0 0.0 0.0 16.0 28.0 0.0 0.0 0.0 0.0 1.0 0.0 0.14 255.0 255.0 1.0 0.0 0.0 0.0 0.0 0.0 0.0 0.0
0.0 217.0 492.0 0.0 0.0 0.0 0.0 0.0 0.0 0.0 0.0 0.0 0.0 0.0 0.0 26.0 47.0 0.0 0.0 0.0 0.0 1.0 0.0 0.11 255.0 255.0 1.0 0.0 0.0 0.0 0.0 0.0 0.0 0.0
0.0 325.0 498.0 0.0 0.0 0.0 0.0 0.0 0.0 0.0 0.0 0.0 0.0 0.0 0.0 10.0 10.0 0.0 0.0 0.0 0.0 1.0 0.0 0.0 255.0 255.0 1.0 0.0 0.0 0.0 0.0 0.0 0.0 0.0
0.0 322.0 13111.0 0.0 0.0 0.0 0.0 0.0 0.0 0.0 0.0 0.0 0.0 0.0 0.0 5.0 7.0 0.0 0.0 0.0 0.0 1.0 0.0 0.29 255.0 255.0 1.0 0.0 0.0 0.0 0.0 0.0 0.0 0.0
0.0 325.0 1126.0 0.0 0.0 0.0 0.0 0.0 0.0 0.0 0.0 0.0 0.0 0.0 0.0 15.0 18.0 0.0 0.0 0.0 0.0 1.0 0.0 0.17 255.0 255.0 1.0 0.0 0.0 0.0 0.0 0.0 0.0 0.0
0.0 327.0 362.0 0.0 0.0 0.0 0.0 0.0 0.0 0.0 0.0 0.0 0.0 0.0 0.0 4.0 4.0 0.0 0.0 0.0 0.0 1.0 0.0 0.0 255.0 255.0 1.0 0.0 0.0 0.0 0.0 0.0 0.0 0.0
0.0 332.0 511.0 0.0 0.0 0.0 0.0 0.0 0.0 0.0 0.0 0.0 0.0 0.0 0.0 14.0 14.0 0.0 0.0 0.0 0.0 1.0 0.0 0.0 255.0 255.0 1.0 0.0 0.0 0.0 0.0 0.0 0.0 0.0
0.0 332.0 492.0 0.0 0.0 0.0 0.0 0.0 0.0 0.0 0.0 0.0 0.0 0.0 0.0 24.0 24.0 0.0 0.0 0.0 0.0 1.0 0.0 0.0 255.0 255.0 1.0 0.0 0.0 0.0 0.0 0.0 0.0 0.0
0.0 332.0 546.0 0.0 0.0 0.0 0.0 0.0 0.0 0.0 0.0 0.0 0.0 0.0 0.0 4.0 4.0 0.0 0.0 0.0 0.0 1.0 0.0 0.0 255.0 255.0 1.0 0.0 0.0 0.0 0.0 0.0 0.0 0.0
0.0 333.0 449.0 0.0 0.0 0.0 0.0 0.0 0.0 0.0 0.0 0.0 0.0 0.0 0.0 14.0 15.0 0.0 0.0 0.0 0.0 1.0 0.0 0.13 255.0 255.0 1.0 0.0 0.0 0.0 0.0 0.0 0.0 0.0
0.0 334.0 516.0 0.0 0.0 0.0 0.0 0.0 0.0 0.0 0.0 0.0 0.0 0.0 0.0 24.0 25.0 0.0 0.0 0.0 0.0 1.0 0.0 0.08 255.0 255.0 1.0 0.0 0.0 0.0 0.0 0.0 0.0 0.0
0.0 328.0 412.0 0.0 0.0 0.0 0.0 0.0 0.0 0.0 0.0 0.0 0.0 0.0 0.0 4.0 4.0 0.0 0.0 0.0 0.0 1.0 0.0 0.0 255.0 255.0 1.0 0.0 0.0 0.0 0.0 0.0 0.0 0.0
0.0 331.0 439.0 0.0 0.0 0.0 0.0 0.0 0.0 0.0 0.0 0.0 0.0 0.0 0.0 14.0 15.0 0.0 0.0 0.0 0.0 1.0 0.0 0.13 255.0 255.0 1.0 0.0 0.0 0.0 0.0 0.0 0.0 0.0
0.0 332.0 438.0 0.0 0.0 0.0 0.0 0.0 0.0 0.0 0.0 0.0 0.0 0.0 0.0 24.0 26.0 0.0 0.0 0.0 0.0 1.0 0.0 0.12 255.0 255.0 1.0 0.0 0.0 0.0 0.0 0.0 0.0 0.0
0.0 320.0 459.0 0.0 0.0 0.0 0.0 0.0 0.0 0.0 0.0 0.0 0.0 0.0 0.0 3.0 3.0 0.0 0.0 0.0 0.0 1.0 0.0 0.0 255.0 255.0 1.0 0.0 0.01 0.0 0.0 0.0 0.0 0.0
0.0 318.0 438.0 0.0 0.0 0.0 0.0 0.0 0.0 0.0 0.0 0.0 0.0 0.0 0.0 13.0 16.0 0.0 0.0 0.0 0.0 1.0 0.0 0.19 255.0 255.0 1.0 0.0 0.0 0.0 0.0 0.0 0.0 0.0
0.0 320.0 564.0 0.0 0.0 0.0 0.0 0.0 0.0 0.0 0.0 0.0 0.0 0.0 0.0 23.0 27.0 0.0 0.0 0.0 0.0 1.0 0.0 0.11 255.0 255.0 1.0 0.0 0.0 0.0 0.0 0.0 0.0 0.0
0.0 320.0 492.0 0.0 0.0 0.0 0.0 0.0 0.0 0.0 0.0 0.0 0.0 0.0 0.0 33.0 39.0 0.0 0.0 0.0 0.0 1.0 0.0 0.08 255.0 255.0 1.0 0.0 0.0 0.0 0.0 0.0 0.0 0.0
0.0 361.0 584.0 0.0 0.0 0.0 0.0 0.0 0.0 0.0 0.0 0.0 0.0 0.0 0.0 1.0 1.0 0.0 0.0 0.0 0.0 1.0 0.0 0.0 255.0 255.0 1.0 0.0 0.0 0.0 0.0 0.0 0.0 0.0
0.0 361.0 438.0 0.0 0.0 0.0 0.0 0.0 0.0 0.0 0.0 0.0 0.0 0.0 0.0 11.0 11.0 0.0 0.0 0.0 0.0 1.0 0.0 0.0 255.0 255.0 1.0 0.0 0.0 0.0 0.0 0.0 0.0 0.0
0.0 374.0 1487.0 0.0 0.0 0.0 0.0 0.0 0.0 0.0 0.0 0.0 0.0 0.0 0.0 21.0 23.0 0.0 0.0 0.0 0.0 1.0 0.0 0.13 255.0 255.0 1.0 0.0 0.0 0.0 0.0 0.0 0.0 0.0
0.0 371.0 1205.0 0.0 0.0 0.0 0.0 0.0 0.0 0.0 0.0 0.0 0.0 0.0 0.0 31.0 35.0 0.0 0.0 0.0 0.0 1.0 0.0 0.11 255.0 255.0 1.0 0.0 0.0 0.0 0.0 0.0 0.0 0.0
0.0 288.0 434.0 0.0 0.0 0.0 0.0 0.0 0.0 0.0 0.0 0.0 0.0 0.0 0.0 3.0 3.0 0.0 0.0 0.0 0.0 1.0 0.0 0.0 255.0 255.0 1.0 0.0 0.0 0.0 0.0 0.0 0.0 0.0
0.0 281.0 1395.0 0.0 0.0 0.0 0.0 0.0 0.0 0.0 0.0 0.0 0.0 0.0 0.0 13.0 13.0 0.0 0.0 0.0 0.0 1.0 0.0 0.0 255.0 255.0 1.0 0.0 0.0 0.0 0.0 0.0 0.0 0.0
0.0 296.0 2994.0 0.0 0.0 0.0 0.0 0.0 0.0 0.0 0.0 0.0 0.0 0.0 0.0 23.0 25.0 0.0 0.0 0.0 0.0 1.0 0.0 0.12 255.0 255.0 1.0 0.0 0.0 0.0 0.0 0.0 0.0 0.0
0.0 297.0 2077.0 0.0 0.0 0.0 0.0 0.0 0.0 0.0 0.0 0.0 0.0 0.0 0.0 33.0 35.0 0.0 0.0 0.0 0.0 1.0 0.0 0.09 255.0 255.0 1.0 0.0 0.0 0.0 0.0 0.0 0.0 0.0
0.0 307.0 269.0 0.0 0.0 0.0 0.0 0.0 0.0 0.0 0.0 0.0 0.0 0.0 0.0 7.0 8.0 0.0 0.0 0.0 0.0 1.0 0.0 0.25 255.0 255.0 1.0 0.0 0.0 0.0 0.0 0.0 0.0 0.0
0.0 305.0 975.0 0.0 0.0 0.0 0.0 0.0 0.0 0.0 0.0 0.0 0.0 0.0 0.0 17.0 19.0 0.0 0.0 0.0 0.0 1.0 0.0 0.16 255.0 255.0 1.0 0.0 0.0 0.0 0.0 0.0 0.0 0.0
0.0 206.0 13111.0 0.0 0.0 0.0 0.0 0.0 0.0 0.0 0.0 0.0 0.0 0.0 0.0 9.0 9.0 0.0 0.0 0.0 0.0 1.0 0.0 0.0 255.0 255.0 1.0 0.0 0.0 0.0 0.0 0.0 0.0 0.0
0.0 194.0 263.0 0.0 0.0 0.0 0.0 0.0 0.0 0.0 0.0 0.0 0.0 0.0 0.0 19.0 22.0 0.0 0.0 0.0 0.0 1.0 0.0 0.14 255.0 255.0 1.0 0.0 0.0 0.0 0.0 0.0 0.0 0.0
0.0 208.0 1509.0 0.0 0.0 0.0 0.0 0.0 0.0 0.0 0.0 0.0 0.0 0.0 0.0 29.0 33.0 0.0 0.0 0.0 0.0 1.0 0.0 0.12 255.0 255.0 1.0 0.0 0.0 0.0 0.0 0.0 0.0 0.0
0.0 228.0 481.0 0.0 0.0 0.0 0.0 0.0 0.0 0.0 0.0 0.0 0.0 0.0 0.0 3.0 5.0 0.0 0.0 0.0 0.0 1.0 0.0 0.6 255.0 255.0 1.0 0.0 0.0 0.0 0.0 0.0 0.0 0.0
0.0 226.0 564.0 0.0 0.0 0.0 0.0 0.0 0.0 0.0 0.0 0.0 0.0 0.0 0.0 13.0 16.0 0.0 0.0 0.0 0.0 1.0 0.0 0.19 255.0 255.0 1.0 0.0 0.0 0.0 0.0 0.0 0.0 0.0
0.0 228.0 520.0 0.0 0.0 0.0 0.0 0.0 0.0 0.0 0.0 0.0 0.0 0.0 0.0 7.0 11.0 0.0 0.0 0.0 0.0 1.0 0.0 0.27 255.0 255.0 1.0 0.0 0.0 0.0 0.0 0.0 0.0 0.0
0.0 225.0 2077.0 0.0 0.0 0.0 0.0 0.0 0.0 0.0 0.0 0.0 0.0 0.0 0.0 5.0 5.0 0.0 0.0 0.0 0.0 1.0 0.0 0.0 255.0 255.0 1.0 0.0 0.0 0.0 0.0 0.0 0.0 0.0
0.0 224.0 2994.0 0.0 0.0 0.0 0.0 0.0 0.0 0.0 0.0 0.0 0.0 0.0 0.0 15.0 15.0 0.0 0.0 0.0 0.0 1.0 0.0 0.0 255.0 255.0 1.0 0.0 0.0 0.0 0.0 0.0 0.0 0.0
0.0 222.0 1380.0 0.0 0.0 0.0 0.0 0.0 0.0 0.0 0.0 0.0 0.0 0.0 0.0 25.0 27.0 0.0 0.0 0.0 0.0 1.0 0.0 0.07 255.0 255.0 1.0 0.0 0.0 0.0 0.0 0.0 0.0 0.0
0.0 212.0 2251.0 0.0 0.0 0.0 0.0 0.0 0.0 0.0 0.0 0.0 0.0 0.0 0.0 35.0 38.0 0.0 0.0 0.0 0.0 1.0 0.0 0.08 255.0 255.0 1.0 0.0 0.0 0.0 0.0 0.0 0.0 0.0
0.0 217.0 564.0 0.0 0.0 0.0 0.0 0.0 0.0 0.0 0.0 0.0 0.0 0.0 0.0 9.0 11.0 0.0 0.0 0.0 0.0 1.0 0.0 0.18 255.0 255.0 1.0 0.0 0.0 0.0 0.0 0.0 0.0 0.0
0.0 219.0 486.0 0.0 0.0 0.0 0.0 0.0 0.0 0.0 0.0 0.0 0.0 0.0 0.0 19.0 34.0 0.0 0.0 0.0 0.0 1.0 0.0 0.12 255.0 255.0 1.0 0.0 0.0 0.0 0.0 0.0 0.0 0.0
0.0 341.0 335.0 0.0 0.0 0.0 0.0 0.0 0.0 0.0 0.0 0.0 0.0 0.0 0.0 3.0 3.0 0.0 0.0 0.0 0.0 1.0 0.0 0.0 255.0 255.0 1.0 0.0 0.01 0.0 0.0 0.0 0.0 0.0
0.0 317.0 1057.0 0.0 0.0 0.0 0.0 0.0 0.0 0.0 0.0 0.0 0.0 0.0 0.0 13.0 15.0 0.0 0.0 0.0 0.0 1.0 0.0 0.2 255.0 255.0 1.0 0.0 0.0 0.0 0.0 0.0 0.0 0.0
0.0 404.0 4154.0 0.0 0.0 0.0 0.0 0.0 0.0 0.0 0.0 0.0 0.0 0.0 0.0 9.0 9.0 0.0 0.0 0.0 0.0 1.0 0.0 0.0 255.0 255.0 1.0 0.0 0.0 0.0 0.0 0.0 0.0 0.0
0.0 347.0 961.0 0.0 0.0 0.0 0.0 0.0 0.0 0.0 0.0 0.0 0.0 0.0 0.0 9.0 9.0 0.0 0.0 0.0 0.0 1.0 0.0 0.0 255.0 255.0 1.0 0.0 0.0 0.0 0.0 0.0 0.0 0.0
0.0 361.0 4154.0 0.0 0.0 0.0 0.0 0.0 0.0 0.0 0.0 0.0 0.0 0.0 0.0 9.0 9.0 0.0 0.0 0.0 0.0 1.0 0.0 0.0 255.0 255.0 1.0 0.0 0.0 0.0 0.0 0.0 0.0 0.0
0.0 396.0 4154.0 0.0 0.0 0.0 0.0 0.0 0.0 0.0 0.0 0.0 0.0 0.0 0.0 9.0 9.0 0.0 0.0 0.0 0.0 1.0 0.0 0.0 255.0 255.0 1.0 0.0 0.0 0.0 0.0 0.0 0.0 0.0
0.0 408.0 4154.0 0.0 0.0 0.0 0.0 0.0 0.0 0.0 0.0 0.0 0.0 0.0 0.0 9.0 11.0 0.0 0.0 0.0 0.0 1.0 0.0 0.27 255.0 255.0 1.0 0.0 0.0 0.0 0.0 0.0 0.0 0.0
0.0 315.0 439.0 0.0 0.0 0.0 0.0 0.0 0.0 0.0 0.0 0.0 0.0 0.0 0.0 9.0 14.0 0.0 0.0 0.0 0.0 1.0 0.0 0.36 255.0 255.0 1.0 0.0 0.0 0.0 0.0 0.0 0.0 0.0
0.0 320.0 520.0 0.0 0.0 0.0 0.0 0.0 0.0 0.0 0.0 0.0 0.0 0.0 0.0 19.0 37.0 0.0 0.0 0.0 0.0 1.0 0.0 0.16 255.0 255.0 1.0 0.0 0.0 0.0 0.0 0.0 0.0 0.0
0.0 215.0 253.0 0.0 0.0 0.0 0.0 0.0 0.0 0.0 0.0 0.0 0.0 0.0 0.0 3.0 24.0 0.0 0.0 0.0 0.0 1.0 0.0 0.17 3.0 255.0 1.0 0.0 0.33 0.01 0.0 0.0 0.0 0.0
0.0 224.0 2985.0 0.0 0.0 0.0 0.0 0.0 0.0 0.0 0.0 0.0 0.0 0.0 0.0 13.0 55.0 0.0 0.0 0.0 0.0 1.0 0.0 0.15 13.0 255.0 1.0 0.0 0.08 0.01 0.0 0.0 0.0 0.0
0.0 239.0 6944.0 0.0 0.0 0.0 0.0 0.0 0.0 0.0 0.0 0.0 0.0 0.0 0.0 8.0 22.0 0.0 0.0 0.0 0.0 1.0 0.0 0.18 23.0 255.0 1.0 0.0 0.04 0.01 0.0 0.0 0.0 0.0
0.0 242.0 1108.0 0.0 0.0 0.0 0.0 0.0 0.0 0.0 0.0 0.0 0.0 0.0 0.0 8.0 25.0 0.0 0.0 0.0 0.0 1.0 0.0 0.12 33.0 255.0 1.0 0.0 0.03 0.01 0.0 0.0 0.0 0.0
0.0 215.0 816.0 0.0 0.0 0.0 0.0 0.0 0.0 0.0 0.0 0.0 0.0 0.0 0.0 10.0 36.0 0.0 0.0 0.0 0.0 1.0 0.0 0.11 43.0 255.0 1.0 0.0 0.02 0.01 0.0 0.0 0.0 0.0
0.0 234.0 1202.0 0.0 0.0 0.0 0.0 0.0 0.0 0.0 0.0 0.0 0.0 0.0 0.0 4.0 23.0 0.0 0.0 0.0 0.0 1.0 0.0 0.17 53.0 255.0 1.0 0.0 0.02 0.01 0.0 0.0 0.0 0.0
0.0 214.0 261.0 0.0 0.0 0.0 0.0 0.0 0.0 0.0 0.0 0.0 0.0 0.0 0.0 7.0 33.0 0.0 0.0 0.0 0.0 1.0 0.0 0.18 63.0 255.0 1.0 0.0 0.02 0.01 0.0 0.0 0.0 0.0
0.0 213.0 253.0 0.0 0.0 0.0 0.0 0.0 0.0 0.0 0.0 0.0 0.0 0.0 0.0 2.0 5.0 0.0 0.0 0.0 0.0 1.0 0.0 0.6 73.0 255.0 1.0 0.0 0.01 0.01 0.0 0.0 0.0 0.0
0.0 214.0 3505.0 0.0 0.0 0.0 0.0 0.0 0.0 0.0 0.0 0.0 0.0 0.0 0.0 12.0 45.0 0.0 0.0 0.0 0.0 1.0 0.0 0.11 83.0 255.0 1.0 0.0 0.01 0.01 0.0 0.0 0.0 0.0
0.0 222.0 1227.0 0.0 0.0 0.0 0.0 0.0 0.0 0.0 0.0 0.0 0.0 0.0 0.0 5.0 18.0 0.0 0.0 0.0 0.0 1.0 0.0 0.22 93.0 255.0 1.0 0.0 0.01 0.01 0.0 0.0 0.0 0.0
0.0 213.0 5238.0 0.0 0.0 0.0 0.0 0.0 0.0 0.0 0.0 0.0 0.0 0.0 0.0 9.0 30.0 0.0 0.0 0.0 0.0 1.0 0.0 0.13 103.0 255.0 1.0 0.0 0.01 0.01 0.0 0.0 0.0 0.0
0.0 263.0 35102.0 0.0 0.0 0.0 0.0 0.0 0.0 0.0 0.0 0.0 0.0 0.0 0.0 4.0 18.0 0.0 0.0 0.0 0.0 1.0 0.0 0.28 113.0 255.0 1.0 0.0 0.01 0.01 0.0 0.0 0.0 0.0
0.0 315.0 261.0 0.0 0.0 0.0 0.0 0.0 0.0 0.0 0.0 0.0 0.0 0.0 0.0 14.0 47.0 0.0 0.0 0.0 0.0 1.0 0.0 0.13 123.0 255.0 1.0 0.0 0.01 0.01 0.0 0.0 0.0 0.0
0.0 311.0 10643.0 0.0 0.0 0.0 0.0 0.0 0.0 0.0 0.0 0.0 0.0 0.0 0.0 1.0 1.0 0.0 0.0 0.0 0.0 1.0 0.0 0.0 1.0 255.0 1.0 0.0 1.0 0.02 0.0 0.0 0.0 0.0
0.0 204.0 330.0 0.0 0.0 0.0 0.0 0.0 0.0 0.0 0.0 0.0 0.0 0.0 0.0 5.0 5.0 0.0 0.0 0.0 0.0 1.0 0.0 0.0 9.0 255.0 1.0 0.0 0.11 0.02 0.0 0.0 0.0 0.0
0.0 205.0 1227.0 0.0 0.0 0.0 0.0 0.0 0.0 0.0 0.0 0.0 0.0 0.0 0.0 15.0 15.0 0.0 0.0 0.0 0.0 1.0 0.0 0.0 19.0 255.0 1.0 0.0 0.05 0.02 0.0 0.0 0.0 0.0
0.0 208.0 281.0 0.0 0.0 0.0 0.0 0.0 0.0 0.0 0.0 0.0 0.0 0.0 0.0 25.0 25.0 0.0 0.0 0.0 0.0 1.0 0.0 0.0 29.0 255.0 1.0 0.0 0.03 0.02 0.0 0.0 0.0 0.0
0.0 210.0 1978.0 0.0 0.0 0.0 0.0 0.0 0.0 0.0 0.0 0.0 0.0 0.0 0.0 34.0 35.0 0.0 0.0 0.0 0.0 1.0 0.0 0.06 39.0 255.0 1.0 0.0 0.03 0.02 0.0 0.0 0.0 0.0
0.0 208.0 497.0 0.0 0.0 0.0 0.0 0.0 0.0 0.0 0.0 0.0 0.0 0.0 0.0 44.0 46.0 0.0 0.0 0.0 0.0 1.0 0.0 0.07 49.0 255.0 1.0 0.0 0.02 0.02 0.0 0.0 0.0 0.0
0.0 193.0 472.0 0.0 0.0 0.0 0.0 0.0 0.0 0.0 0.0 0.0 0.0 0.0 0.0 9.0 9.0 0.0 0.0 0.0 0.0 1.0 0.0 0.0 59.0 255.0 1.0 0.0 0.02 0.02 0.0 0.0 0.0 0.0
0.0 192.0 425.0 0.0 0.0 0.0 0.0 0.0 0.0 0.0 0.0 0.0 0.0 0.0 0.0 19.0 19.0 0.0 0.0 0.0 0.0 1.0 0.0 0.0 69.0 255.0 1.0 0.0 0.01 0.02 0.0 0.0 0.0 0.0
0.0 195.0 2782.0 0.0 0.0 0.0 0.0 0.0 0.0 0.0 0.0 0.0 0.0 0.0 0.0 29.0 29.0 0.0 0.0 0.0 0.0 1.0 0.0 0.0 79.0 255.0 1.0 0.0 0.01 0.02 0.0 0.0 0.0 0.0
0.0 191.0 752.0 0.0 0.0 0.0 0.0 0.0 0.0 0.0 0.0 0.0 0.0 0.0 0.0 39.0 41.0 0.0 0.0 0.0 0.0 1.0 0.0 0.07 89.0 255.0 1.0 0.0 0.01 0.02 0.0 0.0 0.0 0.0
0.0 211.0 1236.0 0.0 0.0 0.0 0.0 0.0 0.0 0.0 0.0 0.0 0.0 0.0 0.0 3.0 3.0 0.0 0.0 0.0 0.0 1.0 0.0 0.0 3.0 255.0 1.0 0.0 0.33 0.02 0.0 0.0 0.0 0.0
0.0 232.0 1015.0 0.0 0.0 0.0 0.0 0.0 0.0 0.0 0.0 0.0 0.0 0.0 0.0 7.0 8.0 0.0 0.0 0.0 0.0 1.0 0.0 0.25 13.0 255.0 1.0 0.0 0.08 0.02 0.0 0.0 0.0 0.0
0.0 290.0 747.0 0.0 0.0 0.0 0.0 0.0 0.0 0.0 0.0 0.0 0.0 0.0 0.0 5.0 13.0 0.0 0.0 0.0 0.0 1.0 0.0 0.23 5.0 255.0 1.0 0.0 0.2 0.03 0.0 0.0 0.0 0.0
0.0 287.0 7968.0 0.0 0.0 0.0 0.0 0.0 0.0 0.0 0.0 0.0 0.0 0.0 0.0 15.0 33.0 0.0 0.0 0.0 0.0 1.0 0.0 0.15 15.0 255.0 1.0 0.0 0.07 0.03 0.0 0.0 0.0 0.0
0.0 292.0 3314.0 0.0 0.0 0.0 0.0 0.0 0.0 0.0 0.0 0.0 0.0 0.0 0.0 1.0 20.0 0.0 0.0 0.0 0.0 1.0 0.0 0.1 8.0 255.0 1.0 0.0 0.12 0.04 0.0 0.0 0.0 0.0
0.0 234.0 2193.0 0.0 0.0 0.0 0.0 0.0 0.0 0.0 0.0 0.0 0.0 0.0 0.0 4.0 4.0 0.0 0.0 0.0 0.0 1.0 0.0 0.0 4.0 255.0 1.0 0.0 0.25 0.04 0.0 0.0 0.0 0.0
0.0 205.0 978.0 0.0 0.0 0.0 0.0 0.0 0.0 0.0 0.0 0.0 0.0 0.0 0.0 6.0 6.0 0.0 0.0 0.0 0.0 1.0 0.0 0.0 6.0 255.0 1.0 0.0 0.17 0.04 0.0 0.0 0.0 0.0
0.0 219.0 2377.0 0.0 0.0 0.0 0.0 0.0 0.0 0.0 0.0 0.0 0.0 0.0 0.0 5.0 5.0 0.0 0.0 0.0 0.0 1.0 0.0 0.0 16.0 255.0 1.0 0.0 0.06 0.04 0.0 0.0 0.0 0.0
0.0 220.0 9329.0 0.0 0.0 0.0 0.0 0.0 0.0 0.0 0.0 0.0 0.0 0.0 0.0 5.0 30.0 0.0 0.0 0.0 0.0 1.0 0.0 0.1 26.0 255.0 1.0 0.0 0.04 0.04 0.0 0.0 0.0 0.0
0.0 234.0 2509.0 0.0 0.0 0.0 0.0 0.0 0.0 0.0 0.0 0.0 0.0 0.0 0.0 4.0 4.0 0.0 0.0 0.0 0.0 1.0 0.0 0.0 36.0 255.0 1.0 0.0 0.03 0.04 0.0 0.0 0.0 0.0
0.0 321.0 9329.0 0.0 0.0 0.0 0.0 0.0 0.0 0.0 0.0 0.0 0.0 0.0 0.0 4.0 21.0 0.0 0.0 0.0 0.0 1.0 0.0 0.19 46.0 255.0 1.0 0.0 0.02 0.04 0.0 0.0 0.0 0.0
0.0 339.0 2037.0 0.0 0.0 0.0 0.0 0.0 0.0 0.0 0.0 0.0 0.0 0.0 0.0 3.0 3.0 0.0 0.0 0.0 0.0 1.0 0.0 0.0 56.0 255.0 1.0 0.0 0.02 0.04 0.0 0.0 0.0 0.0
0.0 229.0 2037.0 0.0 0.0 0.0 0.0 0.0 0.0 0.0 0.0 0.0 0.0 0.0 0.0 3.0 3.0 0.0 0.0 0.0 0.0 1.0 0.0 0.0 66.0 255.0 1.0 0.0 0.02 0.04 0.0 0.0 0.0 0.0
0.0 234.0 2509.0 0.0 0.0 0.0 0.0 0.0 0.0 0.0 0.0 0.0 0.0 0.0 0.0 2.0 4.0 0.0 0.0 0.0 0.0 1.0 0.0 0.75 76.0 255.0 1.0 0.0 0.03 0.04 0.0 0.0 0.0 0.0
0.0 330.0 330.0 0.0 0.0 0.0 0.0 0.0 0.0 0.0 0.0 0.0 0.0 0.0 0.0 2.0 2.0 0.0 0.0 0.0 0.0 1.0 0.0 0.0 2.0 255.0 1.0 0.0 0.5 0.05 0.0 0.0 0.0 0.0
0.0 388.0 5408.0 0.0 0.0 0.0 0.0 0.0 0.0 0.0 0.0 0.0 0.0 0.0 0.0 4.0 9.0 0.0 0.0 0.0 0.0 1.0 0.0 0.33 4.0 255.0 1.0 0.0 0.25 0.05 0.0 0.0 0.0 0.0
0.0 192.0 318.0 0.0 0.0 0.0 0.0 0.0 0.0 0.0 0.0 0.0 0.0 0.0 0.0 8.0 11.0 0.0 0.0 0.0 0.0 1.0 0.0 0.36 8.0 255.0 1.0 0.0 0.12 0.05 0.0 0.0 0.0 0.0
0.0 196.0 25429.0 0.0 0.0 0.0 0.0 0.0 0.0 0.0 0.0 0.0 0.0 0.0 0.0 18.0 21.0 0.0 0.0 0.0 0.0 1.0 0.0 0.19 18.0 255.0 1.0 0.0 0.06 0.05 0.0 0.0 0.0 0.0
0.0 212.0 633.0 0.0 0.0 0.0 0.0 0.0 0.0 0.0 0.0 0.0 0.0 0.0 0.0 5.0 24.0 0.0 0.0 0.0 0.0 1.0 0.0 0.12 28.0 255.0 1.0 0.0 0.04 0.05 0.0 0.0 0.0 0.0
0.0 311.0 2098.0 0.0 0.0 0.0 0.0 0.0 0.0 0.0 0.0 0.0 0.0 0.0 0.0 10.0 10.0 0.0 0.0 0.0 0.0 1.0 0.0 0.0 38.0 255.0 1.0 0.0 0.03 0.05 0.0 0.0 0.0 0.0
0.0 309.0 318.0 0.0 0.0 0.0 0.0 0.0 0.0 0.0 0.0 0.0 0.0 0.0 0.0 20.0 20.0 0.0 0.0 0.0 0.0 1.0 0.0 0.0 48.0 255.0 1.0 0.0 0.02 0.05 0.0 0.0 0.0 0.0
0.0 215.0 1022.0 0.0 0.0 0.0 0.0 0.0 0.0 0.0 0.0 0.0 0.0 0.0 0.0 2.0 2.0 0.0 0.0 0.0 0.0 1.0 0.0 0.0 58.0 255.0 1.0 0.0 0.02 0.05 0.0 0.0 0.0 0.0
0.0 211.0 2106.0 0.0 0.0 0.0 0.0 0.0 0.0 0.0 0.0 0.0 0.0 0.0 0.0 12.0 12.0 0.0 0.0 0.0 0.0 1.0 0.0 0.0 68.0 255.0 1.0 0.0 0.01 0.05 0.0 0.0 0.0 0.0
0.0 216.0 625.0 0.0 0.0 0.0 0.0 0.0 0.0 0.0 0.0 0.0 0.0 0.0 0.0 22.0 22.0 0.0 0.0 0.0 0.0 1.0 0.0 0.0 78.0 255.0 1.0 0.0 0.01 0.05 0.0 0.0 0.0 0.0
0.0 221.0 408.0 0.0 0.0 0.0 0.0 0.0 0.0 0.0 0.0 0.0 0.0 0.0 0.0 1.0 1.0 0.0 0.0 0.0 0.0 1.0 0.0 0.0 1.0 255.0 1.0 0.0 1.0 0.05 0.0 0.0 0.0 0.0
0.0 219.0 7826.0 0.0 0.0 0.0 0.0 0.0 0.0 0.0 0.0 0.0 0.0 0.0 0.0 1.0 1.0 0.0 0.0 0.0 0.0 1.0 0.0 0.0 11.0 255.0 1.0 0.0 0.09 0.05 0.0 0.0 0.0 0.0
0.0 261.0 131.0 0.0 0.0 0.0 0.0 0.0 0.0 0.0 0.0 0.0 0.0 0.0 0.0 1.0 1.0 0.0 0.0 0.0 0.0 1.0 0.0 0.0 6.0 255.0 1.0 0.0 0.17 0.05 0.0 0.0 0.0 0.0
0.0 322.0 128.0 0.0 0.0 0.0 0.0 0.0 0.0 0.0 0.0 0.0 0.0 0.0 0.0 4.0 4.0 0.0 0.0 0.0 0.0 1.0 0.0 0.0 10.0 255.0 1.0 0.0 0.1 0.05 0.0 0.0 0.0 0.0
0.0 185.0 5291.0 0.0 0.0 0.0 0.0 0.0 0.0 0.0 0.0 0.0 0.0 0.0 0.0 2.0 4.0 0.0 0.0 0.0 0.0 1.0 0.0 0.5 2.0 255.0 1.0 0.0 0.5 0.05 0.0 0.0 0.0 0.0
0.0 182.0 5430.0 0.0 0.0 0.0 0.0 0.0 0.0 0.0 0.0 0.0 0.0 0.0 0.0 12.0 13.0 0.0 0.0 0.0 0.0 1.0 0.0 0.15 12.0 255.0 1.0 0.0 0.08 0.05 0.0 0.0 0.0 0.0
0.0 187.0 34201.0 0.0 0.0 0.0 0.0 0.0 0.0 0.0 0.0 0.0 0.0 0.0 0.0 22.0 24.0 0.0 0.0 0.0 0.0 1.0 0.0 0.08 22.0 255.0 1.0 0.0 0.05 0.05 0.0 0.0 0.0 0.0
0.0 197.0 1173.0 0.0 0.0 0.0 0.0 0.0 0.0 0.0 0.0 0.0 0.0 0.0 0.0 4.0 4.0 0.0 0.0 0.0 0.0 1.0 0.0 0.0 4.0 255.0 1.0 0.0 0.25 0.05 0.0 0.0 0.0 0.0
0.0 229.0 781.0 0.0 0.0 0.0 0.0 0.0 0.0 0.0 0.0 0.0 0.0 0.0 0.0 5.0 5.0 0.0 0.0 0.0 0.0 1.0 0.0 0.0 14.0 255.0 1.0 0.0 0.07 0.05 0.0 0.0 0.0 0.0
0.0 228.0 3243.0 0.0 0.0 0.0 0.0 0.0 0.0 0.0 0.0 0.0 0.0 0.0 0.0 4.0 4.0 0.0 0.0 0.0 0.0 1.0 0.0 0.0 24.0 255.0 1.0 0.0 0.04 0.05 0.0 0.0 0.0 0.0
0.0 228.0 11430.0 0.0 0.0 0.0 0.0 0.0 0.0 0.0 0.0 0.0 0.0 0.0 0.0 5.0 5.0 0.0 0.0 0.0 0.0 1.0 0.0 0.0 34.0 255.0 1.0 0.0 0.03 0.05 0.0 0.0 0.0 0.0
