0.0 0.0 0.0 0.0 0.0 0.0 0.0 0.0 0.0 0.0 0.0 0.0 0.0 0.0 0.0 121.0 17.0 1.0 1.0 0.0 0.0 0.14 0.06 0.0 255.0 17.0 0.07 0.05 0.0 0.0 1.0 1.0 0.0 0.0
0.0 0.0 0.0 0.0 0.0 0.0 0.0 0.0 0.0 0.0 0.0 0.0 0.0 0.0 0.0 131.0 12.0 1.0 1.0 0.0 0.0 0.09 0.05 0.0 255.0 12.0 0.05 0.05 0.0 0.0 1.0 1.0 0.0 0.0
0.0 0.0 0.0 0.0 0.0 0.0 0.0 0.0 0.0 0.0 0.0 0.0 0.0 0.0 0.0 141.0 21.0 1.0 1.0 0.0 0.0 0.15 0.05 0.0 255.0 21.0 0.08 0.05 0.0 0.0 1.0 1.0 0.0 0.0
0.0 0.0 0.0 0.0 0.0 0.0 0.0 0.0 0.0 0.0 0.0 0.0 0.0 0.0 0.0 101.0 1.0 1.0 1.0 0.0 0.0 0.01 0.07 0.0 255.0 1.0 0.0 0.05 0.0 0.0 1.0 1.0 0.0 0.0
0.0 0.0 0.0 0.0 0.0 0.0 0.0 0.0 0.0 0.0 0.0 0.0 0.0 0.0 0.0 111.0 9.0 1.0 1.0 0.0 0.0 0.08 0.06 0.0 255.0 9.0 0.04 0.05 0.0 0.0 1.0 1.0 0.0 0.0
0.0 0.0 0.0 0.0 0.0 0.0 0.0 0.0 0.0 0.0 0.0 0.0 0.0 0.0 0.0 121.0 18.0 1.0 1.0 0.0 0.0 0.15 0.06 0.0 255.0 18.0 0.07 0.05 0.0 0.0 1.0 1.0 0.0 0.0
0.0 0.0 0.0 0.0 0.0 0.0 0.0 0.0 0.0 0.0 0.0 0.0 0.0 0.0 0.0 131.0 12.0 1.0 1.0 0.0 0.0 0.09 0.05 0.0 255.0 12.0 0.05 0.05 0.0 0.0 1.0 1.0 0.0 0.0
0.0 0.0 0.0 0.0 0.0 0.0 0.0 0.0 0.0 0.0 0.0 0.0 0.0 0.0 0.0 141.0 21.0 1.0 1.0 0.0 0.0 0.15 0.05 0.0 255.0 21.0 0.08 0.05 0.0 0.0 1.0 1.0 0.0 0.0
0.0 0.0 0.0 0.0 0.0 0.0 0.0 0.0 0.0 0.0 0.0 0.0 0.0 0.0 0.0 102.0 10.0 1.0 1.0 0.0 0.0 0.1 0.06 0.0 255.0 10.0 0.04 0.05 0.0 0.0 1.0 1.0 0.0 0.0
0.0 0.0 0.0 0.0 0.0 0.0 0.0 0.0 0.0 0.0 0.0 0.0 0.0 0.0 0.0 112.0 20.0 1.0 1.0 0.0 0.0 0.18 0.05 0.0 255.0 20.0 0.08 0.05 0.0 0.0 1.0 1.0 0.0 0.0
0.0 0.0 0.0 0.0 0.0 0.0 0.0 0.0 0.0 0.0 0.0 0.0 0.0 0.0 0.0 122.0 6.0 1.0 1.0 0.0 0.0 0.05 0.05 0.0 255.0 6.0 0.02 0.05 0.0 0.0 1.0 1.0 0.0 0.0
0.0 0.0 0.0 0.0 0.0 0.0 0.0 0.0 0.0 0.0 0.0 0.0 0.0 0.0 0.0 132.0 16.0 1.0 1.0 0.0 0.0 0.12 0.05 0.0 255.0 16.0 0.06 0.04 0.0 0.0 1.0 1.0 0.0 0.0
0.0 0.0 0.0 0.0 0.0 0.0 0.0 0.0 0.0 0.0 0.0 0.0 0.0 0.0 0.0 142.0 1.0 1.0 1.0 0.0 0.0 0.01 0.05 0.0 255.0 1.0 0.0 0.05 0.0 0.0 1.0 1.0 0.0 0.0
0.0 0.0 0.0 0.0 0.0 0.0 0.0 0.0 0.0 0.0 0.0 0.0 0.0 0.0 0.0 106.0 1.0 1.0 1.0 0.0 0.0 0.01 0.07 0.0 255.0 1.0 0.0 0.05 0.0 0.0 1.0 1.0 0.0 0.0
0.0 0.0 0.0 0.0 0.0 0.0 0.0 0.0 0.0 0.0 0.0 0.0 0.0 0.0 0.0 116.0 11.0 1.0 1.0 0.0 0.0 0.09 0.06 0.0 255.0 11.0 0.04 0.05 0.0 0.0 1.0 1.0 0.0 0.0
0.0 0.0 0.0 0.0 0.0 0.0 0.0 0.0 0.0 0.0 0.0 0.0 0.0 0.0 0.0 126.0 13.0 1.0 1.0 0.0 0.0 0.1 0.06 0.0 255.0 13.0 0.05 0.05 0.0 0.0 1.0 1.0 0.0 0.0
0.0 0.0 0.0 0.0 0.0 0.0 0.0 0.0 0.0 0.0 0.0 0.0 0.0 0.0 0.0 136.0 23.0 1.0 1.0 0.0 0.0 0.17 0.05 0.0 255.0 23.0 0.09 0.05 0.0 0.0 1.0 1.0 0.0 0.0
0.0 0.0 0.0 0.0 0.0 0.0 0.0 0.0 0.0 0.0 0.0 0.0 0.0 0.0 0.0 146.0 21.0 1.0 1.0 0.0 0.0 0.14 0.05 0.0 255.0 21.0 0.08 0.05 0.0 0.0 1.0 1.0 0.0 0.0
0.0 0.0 0.0 0.0 0.0 0.0 0.0 0.0 0.0 0.0 0.0 0.0 0.0 0.0 0.0 106.0 11.0 1.0 1.0 0.0 0.0 0.1 0.05 0.0 255.0 11.0 0.04 0.05 0.0 0.0 1.0 1.0 0.0 0.0
0.0 0.0 0.0 0.0 0.0 0.0 0.0 0.0 0.0 0.0 0.0 0.0 0.0 0.0 0.0 116.0 21.0 1.0 1.0 0.0 0.0 0.18 0.04 0.0 255.0 21.0 0.08 0.04 0.0 0.0 1.0 1.0 0.0 0.0
0.0 0.0 0.0 0.0 0.0 0.0 0.0 0.0 0.0 0.0 0.0 0.0 0.0 0.0 0.0 126.0 6.0 1.0 1.0 0.0 0.0 0.05 0.05 0.0 255.0 6.0 0.02 0.05 0.0 0.0 1.0 1.0 0.0 0.0
0.0 0.0 0.0 0.0 0.0 0.0 0.0 0.0 0.0 0.0 0.0 0.0 0.0 0.0 0.0 136.0 16.0 1.0 1.0 0.0 0.0 0.12 0.04 0.0 255.0 16.0 0.06 0.05 0.0 0.0 1.0 1.0 0.0 0.0
0.0 0.0 0.0 0.0 0.0 0.0 0.0 0.0 0.0 0.0 0.0 0.0 0.0 0.0 0.0 146.0 1.0 1.0 1.0 0.0 0.0 0.01 0.05 0.0 255.0 1.0 0.0 0.05 0.0 0.0 1.0 1.0 0.0 0.0
0.0 0.0 0.0 0.0 0.0 0.0 0.0 0.0 0.0 0.0 0.0 0.0 0.0 0.0 0.0 106.0 11.0 1.0 1.0 0.0 0.0 0.1 0.05 0.0 255.0 11.0 0.04 0.05 0.0 0.0 1.0 1.0 0.0 0.0
0.0 0.0 0.0 0.0 0.0 0.0 0.0 0.0 0.0 0.0 0.0 0.0 0.0 0.0 0.0 116.0 8.0 1.0 1.0 0.0 0.0 0.07 0.05 0.0 255.0 8.0 0.03 0.05 0.0 0.0 1.0 1.0 0.0 0.0
0.0 0.0 0.0 0.0 0.0 0.0 0.0 0.0 0.0 0.0 0.0 0.0 0.0 0.0 0.0 126.0 14.0 1.0 1.0 0.0 0.0 0.11 0.05 0.0 255.0 14.0 0.05 0.05 0.0 0.0 1.0 1.0 0.0 0.0
0.0 0.0 0.0 0.0 0.0 0.0 0.0 0.0 0.0 0.0 0.0 0.0 0.0 0.0 0.0 136.0 4.0 1.0 1.0 0.0 0.0 0.03 0.05 0.0 255.0 4.0 0.02 0.05 0.0 0.0 1.0 1.0 0.0 0.0
0.0 0.0 0.0 0.0 0.0 0.0 0.0 0.0 0.0 0.0 0.0 0.0 0.0 0.0 0.0 146.0 24.0 1.0 1.0 0.0 0.0 0.16 0.05 0.0 255.0 24.0 0.09 0.05 0.0 0.0 1.0 1.0 0.0 0.0
0.0 0.0 0.0 0.0 0.0 0.0 0.0 0.0 0.0 0.0 0.0 0.0 0.0 0.0 0.0 106.0 3.0 1.0 1.0 0.0 0.0 0.03 0.07 0.0 255.0 3.0 0.01 0.05 0.0 0.0 1.0 1.0 0.0 0.0
0.0 0.0 0.0 0.0 0.0 0.0 0.0 0.0 0.0 0.0 0.0 0.0 0.0 0.0 0.0 116.0 13.0 1.0 1.0 0.0 0.0 0.11 0.06 0.0 255.0 13.0 0.05 0.05 0.0 0.0 1.0 1.0 0.0 0.0
0.0 0.0 0.0 0.0 0.0 0.0 0.0 0.0 0.0 0.0 0.0 0.0 0.0 0.0 0.0 126.0 22.0 1.0 1.0 0.0 0.0 0.17 0.06 0.0 255.0 22.0 0.09 0.05 0.0 0.0 1.0 1.0 0.0 0.0
0.0 0.0 0.0 0.0 0.0 0.0 0.0 0.0 0.0 0.0 0.0 0.0 0.0 0.0 0.0 136.0 14.0 1.0 1.0 0.0 0.0 0.1 0.05 0.0 255.0 14.0 0.05 0.05 0.0 0.0 1.0 1.0 0.0 0.0
0.0 0.0 0.0 0.0 0.0 0.0 0.0 0.0 0.0 0.0 0.0 0.0 0.0 0.0 0.0 146.0 24.0 1.0 1.0 0.0 0.0 0.16 0.05 0.0 255.0 24.0 0.09 0.05 0.0 0.0 1.0 1.0 0.0 0.0
0.0 0.0 0.0 0.0 0.0 0.0 0.0 0.0 0.0 0.0 0.0 0.0 0.0 0.0 0.0 106.0 3.0 1.0 1.0 0.0 0.0 0.03 0.07 0.0 255.0 3.0 0.01 0.05 0.0 0.0 1.0 1.0 0.0 0.0
0.0 0.0 0.0 0.0 0.0 0.0 0.0 0.0 0.0 0.0 0.0 0.0 0.0 0.0 0.0 116.0 13.0 1.0 1.0 0.0 0.0 0.11 0.06 0.0 255.0 13.0 0.05 0.05 0.0 0.0 1.0 1.0 0.0 0.0
0.0 0.0 0.0 0.0 0.0 0.0 0.0 0.0 0.0 0.0 0.0 0.0 0.0 0.0 0.0 126.0 5.0 1.0 1.0 0.0 0.0 0.04 0.06 0.0 255.0 5.0 0.02 0.05 0.0 0.0 1.0 1.0 0.0 0.0
0.0 0.0 0.0 0.0 0.0 0.0 0.0 0.0 0.0 0.0 0.0 0.0 0.0 0.0 0.0 136.0 13.0 1.0 1.0 0.0 0.0 0.1 0.05 0.0 255.0 13.0 0.05 0.05 0.0 0.0 1.0 1.0 0.0 0.0
0.0 0.0 0.0 0.0 0.0 0.0 0.0 0.0 0.0 0.0 0.0 0.0 0.0 0.0 0.0 146.0 23.0 1.0 1.0 0.0 0.0 0.16 0.05 0.0 255.0 23.0 0.09 0.05 0.0 0.0 1.0 1.0 0.0 0.0
0.0 0.0 0.0 0.0 0.0 0.0 0.0 0.0 0.0 0.0 0.0 0.0 0.0 0.0 0.0 107.0 4.0 1.0 1.0 0.0 0.0 0.04 0.07 0.0 255.0 4.0 0.02 0.05 0.0 0.0 1.0 1.0 0.0 0.0
0.0 0.0 0.0 0.0 0.0 0.0 0.0 0.0 0.0 0.0 0.0 0.0 0.0 0.0 0.0 117.0 11.0 1.0 1.0 0.0 0.0 0.09 0.06 0.0 255.0 11.0 0.04 0.05 0.0 0.0 1.0 1.0 0.0 0.0
0.0 0.0 0.0 0.0 0.0 0.0 0.0 0.0 0.0 0.0 0.0 0.0 0.0 0.0 0.0 127.0 21.0 1.0 1.0 0.0 0.0 0.17 0.06 0.0 255.0 21.0 0.08 0.05 0.0 0.0 1.0 1.0 0.0 0.0
0.0 0.0 0.0 0.0 0.0 0.0 0.0 0.0 0.0 0.0 0.0 0.0 0.0 0.0 0.0 137.0 12.0 1.0 1.0 0.0 0.0 0.09 0.05 0.0 255.0 12.0 0.05 0.05 0.0 0.0 1.0 1.0 0.0 0.0
0.0 0.0 0.0 0.0 0.0 0.0 0.0 0.0 0.0 0.0 0.0 0.0 0.0 0.0 0.0 147.0 22.0 1.0 1.0 0.0 0.0 0.15 0.05 0.0 255.0 22.0 0.09 0.05 0.0 0.0 1.0 1.0 0.0 0.0
0.0 0.0 0.0 0.0 0.0 0.0 0.0 0.0 0.0 0.0 0.0 0.0 0.0 0.0 0.0 107.0 8.0 1.0 1.0 0.0 0.0 0.07 0.07 0.0 255.0 8.0 0.03 0.05 0.0 0.0 1.0 1.0 0.0 0.0
0.0 0.0 0.0 0.0 0.0 0.0 0.0 0.0 0.0 0.0 0.0 0.0 0.0 0.0 0.0 117.0 18.0 1.0 1.0 0.0 0.0 0.15 0.07 0.0 255.0 18.0 0.07 0.05 0.0 0.0 1.0 1.0 0.0 0.0
0.0 0.0 0.0 0.0 0.0 0.0 0.0 0.0 0.0 0.0 0.0 0.0 0.0 0.0 0.0 127.0 4.0 1.0 1.0 0.0 0.0 0.03 0.06 0.0 255.0 4.0 0.02 0.05 0.0 0.0 1.0 1.0 0.0 0.0
0.0 0.0 0.0 0.0 0.0 0.0 0.0 0.0 0.0 0.0 0.0 0.0 0.0 0.0 0.0 137.0 14.0 1.0 1.0 0.0 0.0 0.1 0.06 0.0 255.0 14.0 0.05 0.05 0.0 0.0 1.0 1.0 0.0 0.0
0.0 0.0 0.0 0.0 0.0 0.0 0.0 0.0 0.0 0.0 0.0 0.0 0.0 0.0 0.0 147.0 5.0 1.0 1.0 0.0 0.0 0.03 0.05 0.0 255.0 5.0 0.02 0.05 0.0 0.0 1.0 1.0 0.0 0.0
0.0 0.0 0.0 0.0 0.0 0.0 0.0 0.0 0.0 0.0 0.0 0.0 0.0 0.0 0.0 157.0 23.0 1.0 1.0 0.0 0.0 0.15 0.05 0.0 255.0 23.0 0.09 0.05 0.0 0.0 1.0 1.0 0.0 0.0
0.0 0.0 0.0 0.0 0.0 0.0 0.0 0.0 0.0 0.0 0.0 0.0 0.0 0.0 0.0 117.0 2.0 1.0 1.0 0.0 0.0 0.02 0.07 0.0 255.0 2.0 0.01 0.05 0.0 0.0 1.0 1.0 0.0 0.0
0.0 0.0 0.0 0.0 0.0 0.0 0.0 0.0 0.0 0.0 0.0 0.0 0.0 0.0 0.0 127.0 10.0 1.0 1.0 0.0 0.0 0.08 0.06 0.0 255.0 10.0 0.04 0.05 0.0 0.0 1.0 1.0 0.0 0.0
0.0 0.0 0.0 0.0 0.0 0.0 0.0 0.0 0.0 0.0 0.0 0.0 0.0 0.0 0.0 137.0 15.0 1.0 1.0 0.0 0.0 0.11 0.06 0.0 255.0 15.0 0.06 0.05 0.0 0.0 1.0 1.0 0.0 0.0
0.0 0.0 0.0 0.0 0.0 0.0 0.0 0.0 0.0 0.0 0.0 0.0 0.0 0.0 0.0 147.0 20.0 1.0 1.0 0.0 0.0 0.14 0.05 0.0 255.0 20.0 0.08 0.05 0.0 0.0 1.0 1.0 0.0 0.0
0.0 0.0 0.0 0.0 0.0 0.0 0.0 0.0 0.0 0.0 0.0 0.0 0.0 0.0 0.0 157.0 11.0 1.0 1.0 0.0 0.0 0.07 0.05 0.0 255.0 11.0 0.04 0.05 0.0 0.0 1.0 1.0 0.0 0.0
0.0 0.0 0.0 0.0 0.0 0.0 0.0 0.0 0.0 0.0 0.0 0.0 0.0 0.0 0.0 167.0 4.0 1.0 1.0 0.0 0.0 0.02 0.05 0.0 255.0 4.0 0.02 0.05 0.0 0.0 1.0 1.0 0.0 0.0
0.0 0.0 0.0 0.0 0.0 0.0 0.0 0.0 0.0 0.0 0.0 0.0 0.0 0.0 0.0 177.0 11.0 1.0 1.0 0.0 0.0 0.06 0.05 0.0 255.0 11.0 0.04 0.05 0.0 0.0 1.0 1.0 0.0 0.0
0.0 0.0 0.0 0.0 0.0 0.0 0.0 0.0 0.0 0.0 0.0 0.0 0.0 0.0 0.0 187.0 18.0 1.0 1.0 0.0 0.0 0.1 0.05 0.0 255.0 18.0 0.07 0.05 0.0 0.0 1.0 1.0 0.0 0.0
0.0 0.0 0.0 0.0 0.0 0.0 0.0 0.0 0.0 0.0 0.0 0.0 0.0 0.0 0.0 197.0 8.0 1.0 1.0 0.0 0.0 0.04 0.05 0.0 255.0 8.0 0.03 0.05 0.0 0.0 1.0 1.0 0.0 0.0
0.0 0.0 0.0 0.0 0.0 0.0 0.0 0.0 0.0 0.0 0.0 0.0 0.0 0.0 0.0 207.0 10.0 1.0 1.0 0.0 0.0 0.05 0.05 0.0 255.0 10.0 0.04 0.05 0.0 0.0 1.0 1.0 0.0 0.0
0.0 0.0 0.0 0.0 0.0 0.0 0.0 0.0 0.0 0.0 0.0 0.0 0.0 0.0 0.0 167.0 5.0 1.0 1.0 0.0 0.0 0.03 0.07 0.0 255.0 5.0 0.02 0.06 0.0 0.0 1.0 1.0 0.0 0.0
0.0 0.0 0.0 0.0 0.0 0.0 0.0 0.0 0.0 0.0 0.0 0.0 0.0 0.0 0.0 177.0 19.0 1.0 1.0 0.0 0.0 0.11 0.06 0.0 255.0 19.0 0.07 0.06 0.0 0.0 1.0 1.0 0.0 0.0
0.0 0.0 0.0 0.0 0.0 0.0 0.0 0.0 0.0 0.0 0.0 0.0 0.0 0.0 0.0 187.0 15.0 1.0 1.0 0.0 0.0 0.08 0.06 0.0 255.0 15.0 0.06 0.06 0.0 0.0 1.0 1.0 0.0 0.0
0.0 0.0 0.0 0.0 0.0 0.0 0.0 0.0 0.0 0.0 0.0 0.0 0.0 0.0 0.0 197.0 5.0 1.0 1.0 0.0 0.0 0.03 0.06 0.0 255.0 5.0 0.02 0.06 0.0 0.0 1.0 1.0 0.0 0.0
0.0 0.0 0.0 0.0 0.0 0.0 0.0 0.0 0.0 0.0 0.0 0.0 0.0 0.0 0.0 207.0 6.0 1.0 1.0 0.0 0.0 0.03 0.06 0.0 255.0 6.0 0.02 0.05 0.0 0.0 1.0 1.0 0.0 0.0
0.0 0.0 0.0 0.0 0.0 0.0 0.0 0.0 0.0 0.0 0.0 0.0 0.0 0.0 0.0 217.0 10.0 1.0 1.0 0.0 0.0 0.05 0.06 0.0 255.0 10.0 0.04 0.05 0.0 0.0 1.0 1.0 0.0 0.0
0.0 0.0 0.0 0.0 0.0 0.0 0.0 0.0 0.0 0.0 0.0 0.0 0.0 0.0 0.0 227.0 14.0 1.0 1.0 0.0 0.0 0.06 0.05 0.0 255.0 14.0 0.05 0.05 0.0 0.0 1.0 1.0 0.0 0.0
0.0 0.0 0.0 0.0 0.0 0.0 0.0 0.0 0.0 0.0 0.0 0.0 0.0 0.0 0.0 237.0 13.0 1.0 1.0 0.0 0.0 0.05 0.05 0.0 255.0 13.0 0.05 0.05 0.0 0.0 1.0 1.0 0.0 0.0
0.0 0.0 0.0 0.0 0.0 0.0 0.0 0.0 0.0 0.0 0.0 0.0 0.0 0.0 0.0 247.0 23.0 1.0 1.0 0.0 0.0 0.09 0.05 0.0 255.0 23.0 0.09 0.05 0.0 0.0 1.0 1.0 0.0 0.0
0.0 0.0 0.0 0.0 0.0 0.0 0.0 0.0 0.0 0.0 0.0 0.0 0.0 0.0 0.0 257.0 23.0 1.0 1.0 0.0 0.0 0.09 0.05 0.0 255.0 23.0 0.09 0.05 0.0 0.0 1.0 1.0 0.0 0.0
0.0 0.0 0.0 0.0 0.0 0.0 0.0 0.0 0.0 0.0 0.0 0.0 0.0 0.0 0.0 204.0 6.0 1.0 1.0 0.0 0.0 0.03 0.05 0.0 255.0 6.0 0.02 0.05 0.0 0.0 1.0 1.0 0.0 0.0
0.0 0.0 0.0 0.0 0.0 0.0 0.0 0.0 0.0 0.0 0.0 0.0 0.0 0.0 0.0 214.0 19.0 1.0 1.0 0.0 0.0 0.09 0.05 0.0 255.0 19.0 0.07 0.05 0.0 0.0 1.0 1.0 0.0 0.0
0.0 0.0 0.0 0.0 0.0 0.0 0.0 0.0 0.0 0.0 0.0 0.0 0.0 0.0 0.0 224.0 2.0 1.0 1.0 0.0 0.0 0.01 0.05 0.0 255.0 2.0 0.01 0.05 0.0 0.0 1.0 1.0 0.0 0.0
0.0 0.0 0.0 0.0 0.0 0.0 0.0 0.0 0.0 0.0 0.0 0.0 0.0 0.0 0.0 234.0 3.0 1.0 1.0 0.0 0.0 0.01 0.06 0.0 255.0 3.0 0.01 0.06 0.0 0.0 1.0 1.0 0.0 0.0
0.0 0.0 0.0 0.0 0.0 0.0 0.0 0.0 0.0 0.0 0.0 0.0 0.0 0.0 0.0 244.0 4.0 1.0 1.0 0.0 0.0 0.02 0.06 0.0 255.0 4.0 0.02 0.06 0.0 0.0 1.0 1.0 0.0 0.0
0.0 0.0 0.0 0.0 0.0 0.0 0.0 0.0 0.0 0.0 0.0 0.0 0.0 0.0 0.0 254.0 25.0 1.0 1.0 0.0 0.0 0.1 0.06 0.0 255.0 25.0 0.1 0.05 0.0 0.0 1.0 1.0 0.0 0.0
0.0 0.0 0.0 0.0 0.0 0.0 0.0 0.0 0.0 0.0 0.0 0.0 0.0 0.0 0.0 264.0 13.0 1.0 1.0 0.0 0.0 0.05 0.05 0.0 255.0 13.0 0.05 0.05 0.0 0.0 1.0 1.0 0.0 0.0
0.0 0.0 0.0 0.0 0.0 0.0 0.0 0.0 0.0 0.0 0.0 0.0 0.0 0.0 0.0 274.0 13.0 1.0 1.0 0.0 0.0 0.05 0.05 0.0 255.0 13.0 0.05 0.05 0.0 0.0 1.0 1.0 0.0 0.0
0.0 0.0 0.0 0.0 0.0 0.0 0.0 0.0 0.0 0.0 0.0 0.0 0.0 0.0 0.0 284.0 23.0 1.0 1.0 0.0 0.0 0.08 0.05 0.0 255.0 23.0 0.09 0.05 0.0 0.0 1.0 1.0 0.0 0.0
0.0 0.0 0.0 0.0 0.0 0.0 0.0 0.0 0.0 0.0 0.0 0.0 0.0 0.0 0.0 294.0 23.0 1.0 1.0 0.0 0.0 0.08 0.05 0.0 255.0 23.0 0.09 0.05 0.0 0.0 1.0 1.0 0.0 0.0
0.0 0.0 0.0 0.0 0.0 0.0 0.0 0.0 0.0 0.0 0.0 0.0 0.0 0.0 0.0 206.0 15.0 1.0 1.0 0.0 0.0 0.07 0.05 0.0 255.0 15.0 0.06 0.05 0.0 0.0 1.0 1.0 0.0 0.0
0.0 0.0 0.0 0.0 0.0 0.0 0.0 0.0 0.0 0.0 0.0 0.0 0.0 0.0 0.0 216.0 11.0 1.0 1.0 0.0 0.0 0.05 0.05 0.0 255.0 11.0 0.04 0.05 0.0 0.0 1.0 1.0 0.0 0.0
0.0 0.0 0.0 0.0 0.0 0.0 0.0 0.0 0.0 0.0 0.0 0.0 0.0 0.0 0.0 226.0 17.0 1.0 1.0 0.0 0.0 0.08 0.05 0.0 255.0 17.0 0.07 0.05 0.0 0.0 1.0 1.0 0.0 0.0
0.0 0.0 0.0 0.0 0.0 0.0 0.0 0.0 0.0 0.0 0.0 0.0 0.0 0.0 0.0 236.0 12.0 1.0 1.0 0.0 0.0 0.05 0.05 0.0 255.0 12.0 0.05 0.05 0.0 0.0 1.0 1.0 0.0 0.0
0.0 0.0 0.0 0.0 0.0 0.0 0.0 0.0 0.0 0.0 0.0 0.0 0.0 0.0 0.0 246.0 24.0 1.0 1.0 0.0 0.0 0.1 0.05 0.0 255.0 24.0 0.09 0.05 0.0 0.0 1.0 1.0 0.0 0.0
0.0 0.0 0.0 0.0 0.0 0.0 0.0 0.0 0.0 0.0 0.0 0.0 0.0 0.0 0.0 256.0 2.0 1.0 1.0 0.0 0.0 0.01 0.05 0.0 255.0 2.0 0.01 0.05 0.0 0.0 1.0 1.0 0.0 0.0
0.0 0.0 0.0 0.0 0.0 0.0 0.0 0.0 0.0 0.0 0.0 0.0 0.0 0.0 0.0 266.0 8.0 1.0 1.0 0.0 0.0 0.03 0.05 0.0 255.0 8.0 0.03 0.05 0.0 0.0 1.0 1.0 0.0 0.0
0.0 0.0 0.0 0.0 0.0 0.0 0.0 0.0 0.0 0.0 0.0 0.0 0.0 0.0 0.0 276.0 12.0 1.0 1.0 0.0 0.0 0.04 0.05 0.0 255.0 12.0 0.05 0.05 0.0 0.0 1.0 1.0 0.0 0.0
0.0 0.0 0.0 0.0 0.0 0.0 0.0 0.0 0.0 0.0 0.0 0.0 0.0 0.0 0.0 286.0 18.0 1.0 1.0 0.0 0.0 0.06 0.05 0.0 255.0 18.0 0.07 0.05 0.0 0.0 1.0 1.0 0.0 0.0
0.0 0.0 0.0 0.0 0.0 0.0 0.0 0.0 0.0 0.0 0.0 0.0 0.0 0.0 0.0 296.0 23.0 1.0 1.0 0.0 0.0 0.08 0.05 0.0 255.0 23.0 0.09 0.05 0.0 0.0 1.0 1.0 0.0 0.0
0.0 0.0 0.0 0.0 0.0 0.0 0.0 0.0 0.0 0.0 0.0 0.0 0.0 0.0 0.0 206.0 3.0 1.0 1.0 0.0 0.0 0.01 0.05 0.0 255.0 3.0 0.01 0.05 0.0 0.0 1.0 1.0 0.0 0.0
0.0 0.0 0.0 0.0 0.0 0.0 0.0 0.0 0.0 0.0 0.0 0.0 0.0 0.0 0.0 216.0 12.0 1.0 1.0 0.0 0.0 0.06 0.05 0.0 255.0 12.0 0.05 0.05 0.0 0.0 1.0 1.0 0.0 0.0
0.0 0.0 0.0 0.0 0.0 0.0 0.0 0.0 0.0 0.0 0.0 0.0 0.0 0.0 0.0 226.0 20.0 1.0 1.0 0.0 0.0 0.09 0.05 0.0 255.0 20.0 0.08 0.05 0.0 0.0 1.0 1.0 0.0 0.0
0.0 0.0 0.0 0.0 0.0 0.0 0.0 0.0 0.0 0.0 0.0 0.0 0.0 0.0 0.0 236.0 2.0 1.0 1.0 0.0 0.0 0.01 0.05 0.0 255.0 2.0 0.01 0.06 0.0 0.0 1.0 1.0 0.0 0.0
0.0 0.0 0.0 0.0 0.0 0.0 0.0 0.0 0.0 0.0 0.0 0.0 0.0 0.0 0.0 246.0 3.0 1.0 1.0 0.0 0.0 0.01 0.06 0.0 255.0 3.0 0.01 0.06 0.0 0.0 1.0 1.0 0.0 0.0
0.0 0.0 0.0 0.0 0.0 0.0 0.0 0.0 0.0 0.0 0.0 0.0 0.0 0.0 0.0 256.0 7.0 1.0 1.0 0.0 0.0 0.03 0.05 0.0 255.0 7.0 0.03 0.05 0.0 0.0 1.0 1.0 0.0 0.0
0.0 0.0 0.0 0.0 0.0 0.0 0.0 0.0 0.0 0.0 0.0 0.0 0.0 0.0 0.0 266.0 8.0 1.0 1.0 0.0 0.0 0.03 0.05 0.0 255.0 8.0 0.03 0.05 0.0 0.0 1.0 1.0 0.0 0.0
0.0 0.0 0.0 0.0 0.0 0.0 0.0 0.0 0.0 0.0 0.0 0.0 0.0 0.0 0.0 276.0 16.0 1.0 1.0 0.0 0.0 0.06 0.05 0.0 255.0 16.0 0.06 0.05 0.0 0.0 1.0 1.0 0.0 0.0
0.0 0.0 0.0 0.0 0.0 0.0 0.0 0.0 0.0 0.0 0.0 0.0 0.0 0.0 0.0 286.0 18.0 1.0 1.0 0.0 0.0 0.06 0.05 0.0 255.0 18.0 0.07 0.05 0.0 0.0 1.0 1.0 0.0 0.0
0.0 0.0 0.0 0.0 0.0 0.0 0.0 0.0 0.0 0.0 0.0 0.0 0.0 0.0 0.0 296.0 23.0 1.0 1.0 0.0 0.0 0.08 0.05 0.0 255.0 23.0 0.09 0.05 0.0 0.0 1.0 1.0 0.0 0.0
0.0 0.0 0.0 0.0 0.0 0.0 0.0 0.0 0.0 0.0 0.0 0.0 0.0 0.0 0.0 206.0 4.0 1.0 1.0 0.0 0.0 0.02 0.06 0.0 255.0 4.0 0.02 0.06 0.0 0.0 1.0 1.0 0.0 0.0
0.0 0.0 0.0 0.0 0.0 0.0 0.0 0.0 0.0 0.0 0.0 0.0 0.0 0.0 0.0 216.0 8.0 1.0 1.0 0.0 0.0 0.04 0.06 0.0 255.0 8.0 0.03 0.06 0.0 0.0 1.0 1.0 0.0 0.0
0.0 0.0 0.0 0.0 0.0 0.0 0.0 0.0 0.0 0.0 0.0 0.0 0.0 0.0 0.0 226.0 1.0 1.0 1.0 0.0 0.0 0.0 0.06 0.0 255.0 1.0 0.0 0.06 0.0 0.0 1.0 1.0 0.0 0.0
0.0 0.0 0.0 0.0 0.0 0.0 0.0 0.0 0.0 0.0 0.0 0.0 0.0 0.0 0.0 236.0 13.0 1.0 1.0 0.0 0.0 0.06 0.06 0.0 255.0 13.0 0.05 0.06 0.0 0.0 1.0 1.0 0.0 0.0
0.0 0.0 0.0 0.0 0.0 0.0 0.0 0.0 0.0 0.0 0.0 0.0 0.0 0.0 0.0 246.0 18.0 1.0 1.0 0.0 0.0 0.07 0.05 0.0 255.0 18.0 0.07 0.05 0.0 0.0 1.0 1.0 0.0 0.0
0.0 0.0 0.0 0.0 0.0 0.0 0.0 0.0 0.0 0.0 0.0 0.0 0.0 0.0 0.0 256.0 23.0 1.0 1.0 0.0 0.0 0.09 0.05 0.0 255.0 23.0 0.09 0.05 0.0 0.0 1.0 1.0 0.0 0.0
0.0 0.0 0.0 0.0 0.0 0.0 0.0 0.0 0.0 0.0 0.0 0.0 0.0 0.0 0.0 266.0 16.0 1.0 1.0 0.0 0.0 0.06 0.05 0.0 255.0 16.0 0.06 0.05 0.0 0.0 1.0 1.0 0.0 0.0
0.0 0.0 0.0 0.0 0.0 0.0 0.0 0.0 0.0 0.0 0.0 0.0 0.0 0.0 0.0 276.0 23.0 1.0 1.0 0.0 0.0 0.08 0.05 0.0 255.0 23.0 0.09 0.05 0.0 0.0 1.0 1.0 0.0 0.0
0.0 0.0 0.0 0.0 0.0 0.0 0.0 0.0 0.0 0.0 0.0 0.0 0.0 0.0 0.0 286.0 6.0 1.0 1.0 0.0 0.0 0.02 0.05 0.0 255.0 6.0 0.02 0.05 0.0 0.0 1.0 1.0 0.0 0.0
0.0 0.0 0.0 0.0 0.0 0.0 0.0 0.0 0.0 0.0 0.0 0.0 0.0 0.0 0.0 296.0 11.0 1.0 1.0 0.0 0.0 0.04 0.05 0.0 255.0 11.0 0.04 0.05 0.0 0.0 1.0 1.0 0.0 0.0
0.0 0.0 0.0 0.0 0.0 0.0 0.0 0.0 0.0 0.0 0.0 0.0 0.0 0.0 0.0 206.0 3.0 1.0 1.0 0.0 0.0 0.01 0.06 0.0 255.0 3.0 0.01 0.06 0.0 0.0 1.0 1.0 0.0 0.0
0.0 0.0 0.0 0.0 0.0 0.0 0.0 0.0 0.0 0.0 0.0 0.0 0.0 0.0 0.0 216.0 9.0 1.0 1.0 0.0 0.0 0.04 0.06 0.0 255.0 9.0 0.04 0.06 0.0 0.0 1.0 1.0 0.0 0.0
0.0 0.0 0.0 0.0 0.0 0.0 0.0 0.0 0.0 0.0 0.0 0.0 0.0 0.0 0.0 226.0 14.0 1.0 1.0 0.0 0.0 0.06 0.06 0.0 255.0 14.0 0.05 0.06 0.0 0.0 1.0 1.0 0.0 0.0
0.0 0.0 0.0 0.0 0.0 0.0 0.0 0.0 0.0 0.0 0.0 0.0 0.0 0.0 0.0 236.0 7.0 1.0 1.0 0.0 0.0 0.03 0.06 0.0 255.0 7.0 0.03 0.06 0.0 0.0 1.0 1.0 0.0 0.0
0.0 0.0 0.0 0.0 0.0 0.0 0.0 0.0 0.0 0.0 0.0 0.0 0.0 0.0 0.0 246.0 12.0 1.0 1.0 0.0 0.0 0.05 0.06 0.0 255.0 12.0 0.05 0.06 0.0 0.0 1.0 1.0 0.0 0.0
0.0 0.0 0.0 0.0 0.0 0.0 0.0 0.0 0.0 0.0 0.0 0.0 0.0 0.0 0.0 256.0 5.0 1.0 1.0 0.0 0.0 0.02 0.05 0.0 255.0 5.0 0.02 0.05 0.0 0.0 1.0 1.0 0.0 0.0
0.0 0.0 0.0 0.0 0.0 0.0 0.0 0.0 0.0 0.0 0.0 0.0 0.0 0.0 0.0 266.0 11.0 1.0 1.0 0.0 0.0 0.04 0.05 0.0 255.0 11.0 0.04 0.05 0.0 0.0 1.0 1.0 0.0 0.0
0.0 0.0 0.0 0.0 0.0 0.0 0.0 0.0 0.0 0.0 0.0 0.0 0.0 0.0 0.0 276.0 16.0 1.0 1.0 0.0 0.0 0.06 0.05 0.0 255.0 16.0 0.06 0.05 0.0 0.0 1.0 1.0 0.0 0.0
0.0 0.0 0.0 0.0 0.0 0.0 0.0 0.0 0.0 0.0 0.0 0.0 0.0 0.0 0.0 286.0 21.0 1.0 1.0 0.0 0.0 0.07 0.05 0.0 255.0 21.0 0.08 0.05 0.0 0.0 1.0 1.0 0.0 0.0
0.0 0.0 0.0 0.0 0.0 0.0 0.0 0.0 0.0 0.0 0.0 0.0 0.0 0.0 0.0 296.0 24.0 1.0 1.0 0.0 0.0 0.08 0.05 0.0 255.0 24.0 0.09 0.05 0.0 0.0 1.0 1.0 0.0 0.0
0.0 0.0 0.0 0.0 0.0 0.0 0.0 0.0 0.0 0.0 0.0 0.0 0.0 0.0 0.0 206.0 15.0 1.0 1.0 0.0 0.0 0.07 0.05 0.0 255.0 15.0 0.06 0.05 0.0 0.0 1.0 1.0 0.0 0.0
0.0 0.0 0.0 0.0 0.0 0.0 0.0 0.0 0.0 0.0 0.0 0.0 0.0 0.0 0.0 216.0 11.0 1.0 1.0 0.0 0.0 0.05 0.05 0.0 255.0 11.0 0.04 0.05 0.0 0.0 1.0 1.0 0.0 0.0
0.0 0.0 0.0 0.0 0.0 0.0 0.0 0.0 0.0 0.0 0.0 0.0 0.0 0.0 0.0 226.0 25.0 1.0 1.0 0.0 0.0 0.11 0.05 0.0 255.0 25.0 0.1 0.05 0.0 0.0 1.0 1.0 0.0 0.0
0.0 0.0 0.0 0.0 0.0 0.0 0.0 0.0 0.0 0.0 0.0 0.0 0.0 0.0 0.0 236.0 21.0 1.0 1.0 0.0 0.0 0.09 0.05 0.0 255.0 21.0 0.08 0.06 0.0 0.0 1.0 1.0 0.0 0.0
0.0 0.0 0.0 0.0 0.0 0.0 0.0 0.0 0.0 0.0 0.0 0.0 0.0 0.0 0.0 246.0 10.0 1.0 1.0 0.0 0.0 0.04 0.05 0.0 255.0 10.0 0.04 0.06 0.0 0.0 1.0 1.0 0.0 0.0
0.0 0.0 0.0 0.0 0.0 0.0 0.0 0.0 0.0 0.0 0.0 0.0 0.0 0.0 0.0 256.0 5.0 1.0 1.0 0.0 0.0 0.02 0.05 0.0 255.0 5.0 0.02 0.05 0.0 0.0 1.0 1.0 0.0 0.0
0.0 0.0 0.0 0.0 0.0 0.0 0.0 0.0 0.0 0.0 0.0 0.0 0.0 0.0 0.0 266.0 11.0 1.0 1.0 0.0 0.0 0.04 0.05 0.0 255.0 11.0 0.04 0.05 0.0 0.0 1.0 1.0 0.0 0.0
0.0 0.0 0.0 0.0 0.0 0.0 0.0 0.0 0.0 0.0 0.0 0.0 0.0 0.0 0.0 276.0 24.0 1.0 1.0 0.0 0.0 0.09 0.05 0.0 255.0 24.0 0.09 0.05 0.0 0.0 1.0 1.0 0.0 0.0
0.0 0.0 0.0 0.0 0.0 0.0 0.0 0.0 0.0 0.0 0.0 0.0 0.0 0.0 0.0 286.0 21.0 1.0 1.0 0.0 0.0 0.07 0.05 0.0 255.0 21.0 0.08 0.05 0.0 0.0 1.0 1.0 0.0 0.0
0.0 0.0 0.0 0.0 0.0 0.0 0.0 0.0 0.0 0.0 0.0 0.0 0.0 0.0 0.0 296.0 10.0 1.0 1.0 0.0 0.0 0.03 0.05 0.0 255.0 10.0 0.04 0.05 0.0 0.0 1.0 1.0 0.0 0.0
0.0 0.0 0.0 0.0 0.0 0.0 0.0 0.0 0.0 0.0 0.0 0.0 0.0 0.0 0.0 208.0 3.0 1.0 1.0 0.0 0.0 0.01 0.06 0.0 255.0 3.0 0.01 0.07 0.0 0.0 1.0 1.0 0.0 0.0
0.0 0.0 0.0 0.0 0.0 0.0 0.0 0.0 0.0 0.0 0.0 0.0 0.0 0.0 0.0 218.0 7.0 1.0 1.0 0.0 0.0 0.03 0.06 0.0 255.0 7.0 0.03 0.06 0.0 0.0 1.0 1.0 0.0 0.0
0.0 0.0 0.0 0.0 0.0 0.0 0.0 0.0 0.0 0.0 0.0 0.0 0.0 0.0 0.0 228.0 2.0 1.0 1.0 0.0 0.0 0.01 0.06 0.0 255.0 2.0 0.01 0.07 0.0 0.0 1.0 1.0 0.0 0.0
0.0 0.0 0.0 0.0 0.0 0.0 0.0 0.0 0.0 0.0 0.0 0.0 0.0 0.0 0.0 238.0 17.0 1.0 1.0 0.0 0.0 0.07 0.06 0.0 255.0 17.0 0.07 0.06 0.0 0.0 1.0 1.0 0.0 0.0
0.0 0.0 0.0 0.0 0.0 0.0 0.0 0.0 0.0 0.0 0.0 0.0 0.0 0.0 0.0 248.0 22.0 1.0 1.0 0.0 0.0 0.09 0.06 0.0 255.0 22.0 0.09 0.06 0.0 0.0 1.0 1.0 0.0 0.0
0.0 0.0 0.0 0.0 0.0 0.0 0.0 0.0 0.0 0.0 0.0 0.0 0.0 0.0 0.0 258.0 17.0 1.0 1.0 0.0 0.0 0.07 0.05 0.0 255.0 17.0 0.07 0.05 0.0 0.0 1.0 1.0 0.0 0.0
0.0 0.0 0.0 0.0 0.0 0.0 0.0 0.0 0.0 0.0 0.0 0.0 0.0 0.0 0.0 268.0 10.0 1.0 1.0 0.0 0.0 0.04 0.05 0.0 255.0 10.0 0.04 0.05 0.0 0.0 1.0 1.0 0.0 0.0
0.0 0.0 0.0 0.0 0.0 0.0 0.0 0.0 0.0 0.0 0.0 0.0 0.0 0.0 0.0 278.0 14.0 1.0 1.0 0.0 0.0 0.05 0.05 0.0 255.0 14.0 0.05 0.05 0.0 0.0 1.0 1.0 0.0 0.0
0.0 0.0 0.0 0.0 0.0 0.0 0.0 0.0 0.0 0.0 0.0 0.0 0.0 0.0 0.0 288.0 20.0 1.0 1.0 0.0 0.0 0.07 0.05 0.0 255.0 20.0 0.08 0.05 0.0 0.0 1.0 1.0 0.0 0.0
0.0 0.0 0.0 0.0 0.0 0.0 0.0 0.0 0.0 0.0 0.0 0.0 0.0 0.0 0.0 298.0 25.0 1.0 1.0 0.0 0.0 0.08 0.05 0.0 255.0 25.0 0.1 0.05 0.0 0.0 1.0 1.0 0.0 0.0
0.0 0.0 0.0 0.0 0.0 0.0 0.0 0.0 0.0 0.0 0.0 0.0 0.0 0.0 0.0 208.0 2.0 1.0 1.0 0.0 0.0 0.01 0.07 0.0 255.0 2.0 0.01 0.07 0.0 0.0 1.0 1.0 0.0 0.0
0.0 0.0 0.0 0.0 0.0 0.0 0.0 0.0 0.0 0.0 0.0 0.0 0.0 0.0 0.0 218.0 7.0 1.0 1.0 0.0 0.0 0.03 0.06 0.0 255.0 7.0 0.03 0.07 0.0 0.0 1.0 1.0 0.0 0.0
0.0 0.0 0.0 0.0 0.0 0.0 0.0 0.0 0.0 0.0 0.0 0.0 0.0 0.0 0.0 228.0 12.0 1.0 1.0 0.0 0.0 0.05 0.06 0.0 255.0 12.0 0.05 0.07 0.0 0.0 1.0 1.0 0.0 0.0
0.0 0.0 0.0 0.0 0.0 0.0 0.0 0.0 0.0 0.0 0.0 0.0 0.0 0.0 0.0 238.0 11.0 1.0 1.0 0.0 0.0 0.05 0.06 0.0 255.0 11.0 0.04 0.07 0.0 0.0 1.0 1.0 0.0 0.0
0.0 0.0 0.0 0.0 0.0 0.0 0.0 0.0 0.0 0.0 0.0 0.0 0.0 0.0 0.0 248.0 21.0 1.0 1.0 0.0 0.0 0.08 0.06 0.0 255.0 21.0 0.08 0.07 0.0 0.0 1.0 1.0 0.0 0.0
0.0 0.0 0.0 0.0 0.0 0.0 0.0 0.0 0.0 0.0 0.0 0.0 0.0 0.0 0.0 258.0 4.0 1.0 1.0 0.0 0.0 0.02 0.05 0.0 255.0 4.0 0.02 0.05 0.0 0.0 1.0 1.0 0.0 0.0
0.0 0.0 0.0 0.0 0.0 0.0 0.0 0.0 0.0 0.0 0.0 0.0 0.0 0.0 0.0 268.0 10.0 1.0 1.0 0.0 0.0 0.04 0.05 0.0 255.0 10.0 0.04 0.05 0.0 0.0 1.0 1.0 0.0 0.0
0.0 0.0 0.0 0.0 0.0 0.0 0.0 0.0 0.0 0.0 0.0 0.0 0.0 0.0 0.0 278.0 16.0 1.0 1.0 0.0 0.0 0.06 0.05 0.0 255.0 16.0 0.06 0.05 0.0 0.0 1.0 1.0 0.0 0.0
0.0 0.0 0.0 0.0 0.0 0.0 0.0 0.0 0.0 0.0 0.0 0.0 0.0 0.0 0.0 288.0 21.0 1.0 1.0 0.0 0.0 0.07 0.05 0.0 255.0 21.0 0.08 0.05 0.0 0.0 1.0 1.0 0.0 0.0
0.0 0.0 0.0 0.0 0.0 0.0 0.0 0.0 0.0 0.0 0.0 0.0 0.0 0.0 0.0 198.0 1.0 1.0 1.0 0.0 0.0 0.01 0.06 0.0 255.0 1.0 0.0 0.05 0.0 0.0 1.0 1.0 0.0 0.0
0.0 0.0 0.0 0.0 0.0 0.0 0.0 0.0 0.0 0.0 0.0 0.0 0.0 0.0 0.0 208.0 8.0 1.0 1.0 0.0 0.0 0.04 0.06 0.0 255.0 8.0 0.03 0.05 0.0 0.0 1.0 1.0 0.0 0.0
0.0 0.0 0.0 0.0 0.0 0.0 0.0 0.0 0.0 0.0 0.0 0.0 0.0 0.0 0.0 218.0 16.0 1.0 1.0 0.0 0.0 0.07 0.06 0.0 255.0 16.0 0.06 0.05 0.0 0.0 1.0 1.0 0.0 0.0
0.0 0.0 0.0 0.0 0.0 0.0 0.0 0.0 0.0 0.0 0.0 0.0 0.0 0.0 0.0 228.0 21.0 1.0 1.0 0.0 0.0 0.09 0.05 0.0 255.0 21.0 0.08 0.05 0.0 0.0 1.0 1.0 0.0 0.0
0.0 0.0 0.0 0.0 0.0 0.0 0.0 0.0 0.0 0.0 0.0 0.0 0.0 0.0 0.0 238.0 5.0 1.0 1.0 0.0 0.0 0.02 0.05 0.0 255.0 5.0 0.02 0.05 0.0 0.0 1.0 1.0 0.0 0.0
0.0 0.0 0.0 0.0 0.0 0.0 0.0 0.0 0.0 0.0 0.0 0.0 0.0 0.0 0.0 248.0 5.0 1.0 1.0 0.0 0.0 0.02 0.05 0.0 255.0 5.0 0.02 0.05 0.0 0.0 1.0 1.0 0.0 0.0
0.0 0.0 0.0 0.0 0.0 0.0 0.0 0.0 0.0 0.0 0.0 0.0 0.0 0.0 0.0 258.0 10.0 1.0 1.0 0.0 0.0 0.04 0.05 0.0 255.0 10.0 0.04 0.05 0.0 0.0 1.0 1.0 0.0 0.0
0.0 0.0 0.0 0.0 0.0 0.0 0.0 0.0 0.0 0.0 0.0 0.0 0.0 0.0 0.0 268.0 20.0 1.0 1.0 0.0 0.0 0.07 0.04 0.0 255.0 20.0 0.08 0.05 0.0 0.0 1.0 1.0 0.0 0.0
0.0 0.0 0.0 0.0 0.0 0.0 0.0 0.0 0.0 0.0 0.0 0.0 0.0 0.0 0.0 278.0 25.0 1.0 1.0 0.0 0.0 0.09 0.04 0.0 255.0 25.0 0.1 0.05 0.0 0.0 1.0 1.0 0.0 0.0
0.0 0.0 0.0 0.0 0.0 0.0 0.0 0.0 0.0 0.0 0.0 0.0 0.0 0.0 0.0 288.0 2.0 1.0 1.0 0.0 0.0 0.01 0.05 0.0 255.0 2.0 0.01 0.05 0.0 0.0 1.0 1.0 0.0 0.0
0.0 0.0 0.0 0.0 0.0 0.0 0.0 0.0 0.0 0.0 0.0 0.0 0.0 0.0 0.0 198.0 9.0 1.0 1.0 0.0 0.0 0.05 0.05 0.0 255.0 9.0 0.04 0.05 0.0 0.0 1.0 1.0 0.0 0.0
0.0 0.0 0.0 0.0 0.0 0.0 0.0 0.0 0.0 0.0 0.0 0.0 0.0 0.0 0.0 208.0 7.0 1.0 1.0 0.0 0.0 0.03 0.05 0.0 255.0 7.0 0.03 0.05 0.0 0.0 1.0 1.0 0.0 0.0
0.0 0.0 0.0 0.0 0.0 0.0 0.0 0.0 0.0 0.0 0.0 0.0 0.0 0.0 0.0 218.0 1.0 1.0 1.0 0.0 0.0 0.0 0.06 0.0 255.0 1.0 0.0 0.06 0.0 0.0 1.0 1.0 0.0 0.0
0.0 0.0 0.0 0.0 0.0 0.0 0.0 0.0 0.0 0.0 0.0 0.0 0.0 0.0 0.0 228.0 1.0 1.0 1.0 0.0 0.0 0.0 0.06 0.0 255.0 1.0 0.0 0.07 0.0 0.0 1.0 1.0 0.0 0.0
0.0 0.0 0.0 0.0 0.0 0.0 0.0 0.0 0.0 0.0 0.0 0.0 0.0 0.0 0.0 238.0 11.0 1.0 1.0 0.0 0.0 0.05 0.06 0.0 255.0 11.0 0.04 0.07 0.0 0.0 1.0 1.0 0.0 0.0
0.0 0.0 0.0 0.0 0.0 0.0 0.0 0.0 0.0 0.0 0.0 0.0 0.0 0.0 0.0 248.0 11.0 1.0 1.0 0.0 0.0 0.04 0.06 0.0 255.0 11.0 0.04 0.07 0.0 0.0 1.0 1.0 0.0 0.0
0.0 0.0 0.0 0.0 0.0 0.0 0.0 0.0 0.0 0.0 0.0 0.0 0.0 0.0 0.0 258.0 20.0 1.0 1.0 0.0 0.0 0.08 0.05 0.0 255.0 20.0 0.08 0.05 0.0 0.0 1.0 1.0 0.0 0.0
0.0 0.0 0.0 0.0 0.0 0.0 0.0 0.0 0.0 0.0 0.0 0.0 0.0 0.0 0.0 268.0 20.0 1.0 1.0 0.0 0.0 0.07 0.05 0.0 255.0 20.0 0.08 0.05 0.0 0.0 1.0 1.0 0.0 0.0
0.0 0.0 0.0 0.0 0.0 0.0 0.0 0.0 0.0 0.0 0.0 0.0 0.0 0.0 0.0 278.0 24.0 1.0 1.0 0.0 0.0 0.09 0.05 0.0 255.0 24.0 0.09 0.05 0.0 0.0 1.0 1.0 0.0 0.0
0.0 0.0 0.0 0.0 0.0 0.0 0.0 0.0 0.0 0.0 0.0 0.0 0.0 0.0 0.0 288.0 22.0 1.0 1.0 0.0 0.0 0.08 0.05 0.0 255.0 22.0 0.09 0.05 0.0 0.0 1.0 1.0 0.0 0.0
0.0 0.0 0.0 0.0 0.0 0.0 0.0 0.0 0.0 0.0 0.0 0.0 0.0 0.0 0.0 201.0 8.0 1.0 1.0 0.0 0.0 0.04 0.06 0.0 255.0 8.0 0.03 0.06 0.0 0.0 1.0 1.0 0.0 0.0
0.0 0.0 0.0 0.0 0.0 0.0 0.0 0.0 0.0 0.0 0.0 0.0 0.0 0.0 0.0 211.0 7.0 1.0 1.0 0.0 0.0 0.03 0.06 0.0 255.0 7.0 0.03 0.06 0.0 0.0 1.0 1.0 0.0 0.0
0.0 0.0 0.0 0.0 0.0 0.0 0.0 0.0 0.0 0.0 0.0 0.0 0.0 0.0 0.0 221.0 2.0 1.0 1.0 0.0 0.0 0.01 0.06 0.0 255.0 2.0 0.01 0.07 0.0 0.0 1.0 1.0 0.0 0.0
0.0 0.0 0.0 0.0 0.0 0.0 0.0 0.0 0.0 0.0 0.0 0.0 0.0 0.0 0.0 231.0 2.0 1.0 1.0 0.0 0.0 0.01 0.06 0.0 255.0 2.0 0.01 0.06 0.0 0.0 1.0 1.0 0.0 0.0
0.0 0.0 0.0 0.0 0.0 0.0 0.0 0.0 0.0 0.0 0.0 0.0 0.0 0.0 0.0 241.0 12.0 1.0 1.0 0.0 0.0 0.05 0.05 0.0 255.0 12.0 0.05 0.06 0.0 0.0 1.0 1.0 0.0 0.0
0.0 0.0 0.0 0.0 0.0 0.0 0.0 0.0 0.0 0.0 0.0 0.0 0.0 0.0 0.0 251.0 11.0 1.0 1.0 0.0 0.0 0.04 0.05 0.0 255.0 11.0 0.04 0.06 0.0 0.0 1.0 1.0 0.0 0.0
0.0 0.0 0.0 0.0 0.0 0.0 0.0 0.0 0.0 0.0 0.0 0.0 0.0 0.0 0.0 261.0 21.0 1.0 1.0 0.0 0.0 0.08 0.05 0.0 255.0 21.0 0.08 0.05 0.0 0.0 1.0 1.0 0.0 0.0
0.0 0.0 0.0 0.0 0.0 0.0 0.0 0.0 0.0 0.0 0.0 0.0 0.0 0.0 0.0 271.0 21.0 1.0 1.0 0.0 0.0 0.08 0.05 0.0 255.0 21.0 0.08 0.05 0.0 0.0 1.0 1.0 0.0 0.0
0.0 0.0 0.0 0.0 0.0 0.0 0.0 0.0 0.0 0.0 0.0 0.0 0.0 0.0 0.0 281.0 17.0 1.0 1.0 0.0 0.0 0.06 0.05 0.0 255.0 17.0 0.07 0.05 0.0 0.0 1.0 1.0 0.0 0.0
0.0 0.0 0.0 0.0 0.0 0.0 0.0 0.0 0.0 0.0 0.0 0.0 0.0 0.0 0.0 291.0 21.0 1.0 1.0 0.0 0.0 0.07 0.05 0.0 255.0 21.0 0.08 0.05 0.0 0.0 1.0 1.0 0.0 0.0
0.0 0.0 0.0 0.0 0.0 0.0 0.0 0.0 0.0 0.0 0.0 0.0 0.0 0.0 0.0 201.0 3.0 1.0 1.0 0.0 0.0 0.01 0.05 0.0 255.0 3.0 0.01 0.05 0.0 0.0 1.0 1.0 0.0 0.0
0.0 0.0 0.0 0.0 0.0 0.0 0.0 0.0 0.0 0.0 0.0 0.0 0.0 0.0 0.0 211.0 14.0 1.0 1.0 0.0 0.0 0.07 0.05 0.0 255.0 14.0 0.05 0.05 0.0 0.0 1.0 1.0 0.0 0.0
0.0 0.0 0.0 0.0 0.0 0.0 0.0 0.0 0.0 0.0 0.0 0.0 0.0 0.0 0.0 221.0 12.0 1.0 1.0 0.0 0.0 0.05 0.05 0.0 255.0 12.0 0.05 0.05 0.0 0.0 1.0 1.0 0.0 0.0
0.0 0.0 0.0 0.0 0.0 0.0 0.0 0.0 0.0 0.0 0.0 0.0 0.0 0.0 0.0 231.0 16.0 1.0 1.0 0.0 0.0 0.07 0.05 0.0 255.0 16.0 0.06 0.06 0.0 0.0 1.0 1.0 0.0 0.0
0.0 0.0 0.0 0.0 0.0 0.0 0.0 0.0 0.0 0.0 0.0 0.0 0.0 0.0 0.0 241.0 11.0 1.0 1.0 0.0 0.0 0.05 0.05 0.0 255.0 11.0 0.04 0.05 0.0 0.0 1.0 1.0 0.0 0.0
0.0 0.0 0.0 0.0 0.0 0.0 0.0 0.0 0.0 0.0 0.0 0.0 0.0 0.0 0.0 251.0 9.0 1.0 1.0 0.0 0.0 0.04 0.05 0.0 255.0 9.0 0.04 0.05 0.0 0.0 1.0 1.0 0.0 0.0
0.0 0.0 0.0 0.0 0.0 0.0 0.0 0.0 0.0 0.0 0.0 0.0 0.0 0.0 0.0 261.0 21.0 1.0 1.0 0.0 0.0 0.08 0.05 0.0 255.0 21.0 0.08 0.05 0.0 0.0 1.0 1.0 0.0 0.0
0.0 0.0 0.0 0.0 0.0 0.0 0.0 0.0 0.0 0.0 0.0 0.0 0.0 0.0 0.0 271.0 19.0 1.0 1.0 0.0 0.0 0.07 0.05 0.0 255.0 19.0 0.07 0.05 0.0 0.0 1.0 1.0 0.0 0.0
0.0 0.0 0.0 0.0 0.0 0.0 0.0 0.0 0.0 0.0 0.0 0.0 0.0 0.0 0.0 281.0 6.0 1.0 1.0 0.0 0.0 0.02 0.05 0.0 255.0 6.0 0.02 0.05 0.0 0.0 1.0 1.0 0.0 0.0
0.0 0.0 0.0 0.0 0.0 0.0 0.0 0.0 0.0 0.0 0.0 0.0 0.0 0.0 0.0 291.0 24.0 1.0 1.0 0.0 0.0 0.08 0.04 0.0 255.0 24.0 0.09 0.05 0.0 0.0 1.0 1.0 0.0 0.0
0.0 0.0 0.0 0.0 0.0 0.0 0.0 0.0 0.0 0.0 0.0 0.0 0.0 0.0 0.0 203.0 2.0 1.0 1.0 0.0 0.0 0.01 0.06 0.0 255.0 2.0 0.01 0.06 0.0 0.0 1.0 1.0 0.0 0.0
0.0 0.0 0.0 0.0 0.0 0.0 0.0 0.0 0.0 0.0 0.0 0.0 0.0 0.0 0.0 213.0 7.0 1.0 1.0 0.0 0.0 0.03 0.06 0.0 255.0 7.0 0.03 0.07 0.0 0.0 1.0 1.0 0.0 0.0
0.0 0.0 0.0 0.0 0.0 0.0 0.0 0.0 0.0 0.0 0.0 0.0 0.0 0.0 0.0 223.0 6.0 1.0 1.0 0.0 0.0 0.03 0.06 0.0 255.0 6.0 0.02 0.07 0.0 0.0 1.0 1.0 0.0 0.0
0.0 0.0 0.0 0.0 0.0 0.0 0.0 0.0 0.0 0.0 0.0 0.0 0.0 0.0 0.0 233.0 11.0 1.0 1.0 0.0 0.0 0.05 0.06 0.0 255.0 11.0 0.04 0.06 0.0 0.0 1.0 1.0 0.0 0.0
0.0 0.0 0.0 0.0 0.0 0.0 0.0 0.0 0.0 0.0 0.0 0.0 0.0 0.0 0.0 243.0 21.0 1.0 1.0 0.0 0.0 0.09 0.05 0.0 255.0 21.0 0.08 0.06 0.0 0.0 1.0 1.0 0.0 0.0
0.0 0.0 0.0 0.0 0.0 0.0 0.0 0.0 0.0 0.0 0.0 0.0 0.0 0.0 0.0 253.0 21.0 1.0 1.0 0.0 0.0 0.08 0.05 0.0 255.0 21.0 0.08 0.06 0.0 0.0 1.0 1.0 0.0 0.0
0.0 0.0 0.0 0.0 0.0 0.0 0.0 0.0 0.0 0.0 0.0 0.0 0.0 0.0 0.0 263.0 9.0 1.0 1.0 0.0 0.0 0.03 0.05 0.0 255.0 9.0 0.04 0.05 0.0 0.0 1.0 1.0 0.0 0.0
0.0 0.0 0.0 0.0 0.0 0.0 0.0 0.0 0.0 0.0 0.0 0.0 0.0 0.0 0.0 273.0 14.0 1.0 1.0 0.0 0.0 0.05 0.05 0.0 255.0 14.0 0.05 0.05 0.0 0.0 1.0 1.0 0.0 0.0
0.0 0.0 0.0 0.0 0.0 0.0 0.0 0.0 0.0 0.0 0.0 0.0 0.0 0.0 0.0 283.0 19.0 1.0 1.0 0.0 0.0 0.07 0.05 0.0 255.0 19.0 0.07 0.05 0.0 0.0 1.0 1.0 0.0 0.0
0.0 0.0 0.0 0.0 0.0 0.0 0.0 0.0 0.0 0.0 0.0 0.0 0.0 0.0 0.0 293.0 24.0 1.0 1.0 0.0 0.0 0.08 0.04 0.0 255.0 24.0 0.09 0.05 0.0 0.0 1.0 1.0 0.0 0.0
0.0 0.0 0.0 0.0 0.0 0.0 0.0 0.0 0.0 0.0 0.0 0.0 0.0 0.0 0.0 203.0 2.0 1.0 1.0 0.0 0.0 0.01 0.06 0.0 255.0 2.0 0.01 0.06 0.0 0.0 1.0 1.0 0.0 0.0
0.0 0.0 0.0 0.0 0.0 0.0 0.0 0.0 0.0 0.0 0.0 0.0 0.0 0.0 0.0 213.0 8.0 1.0 1.0 0.0 0.0 0.04 0.06 0.0 255.0 8.0 0.03 0.07 0.0 0.0 1.0 1.0 0.0 0.0
