0.0 0.0 0.0 0.0 0.0 0.0 0.0 0.0 0.0 0.0 0.0 0.0 0.0 0.0 0.0 242.0 17.0 1.0 1.0 0.0 0.0 0.07 0.06 0.0 255.0 17.0 0.07 0.06 0.0 0.0 1.0 1.0 0.0 0.0
0.0 0.0 0.0 0.0 0.0 0.0 0.0 0.0 0.0 0.0 0.0 0.0 0.0 0.0 0.0 252.0 6.0 1.0 1.0 0.0 0.0 0.02 0.06 0.0 255.0 6.0 0.02 0.06 0.0 0.0 1.0 1.0 0.0 0.0
0.0 0.0 0.0 0.0 0.0 0.0 0.0 0.0 0.0 0.0 0.0 0.0 0.0 0.0 0.0 262.0 3.0 1.0 1.0 0.0 0.0 0.01 0.05 0.0 255.0 3.0 0.01 0.05 0.0 0.0 1.0 1.0 0.0 0.0
0.0 0.0 0.0 0.0 0.0 0.0 0.0 0.0 0.0 0.0 0.0 0.0 0.0 0.0 0.0 272.0 16.0 1.0 1.0 0.0 0.0 0.06 0.05 0.0 255.0 16.0 0.06 0.05 0.0 0.0 1.0 1.0 0.0 0.0
0.0 0.0 0.0 0.0 0.0 0.0 0.0 0.0 0.0 0.0 0.0 0.0 0.0 0.0 0.0 282.0 14.0 1.0 1.0 0.0 0.0 0.05 0.05 0.0 255.0 14.0 0.05 0.05 0.0 0.0 1.0 1.0 0.0 0.0
0.0 0.0 0.0 0.0 0.0 0.0 0.0 0.0 0.0 0.0 0.0 0.0 0.0 0.0 0.0 292.0 21.0 1.0 1.0 0.0 0.0 0.07 0.05 0.0 255.0 21.0 0.08 0.05 0.0 0.0 1.0 1.0 0.0 0.0
0.0 0.0 0.0 0.0 0.0 0.0 0.0 0.0 0.0 0.0 0.0 0.0 0.0 0.0 0.0 202.0 1.0 1.0 1.0 0.0 0.0 0.0 0.06 0.0 255.0 1.0 0.0 0.06 0.0 0.0 1.0 1.0 0.0 0.0
0.0 0.0 0.0 0.0 0.0 0.0 0.0 0.0 0.0 0.0 0.0 0.0 0.0 0.0 0.0 212.0 6.0 1.0 1.0 0.0 0.0 0.03 0.06 0.0 255.0 6.0 0.02 0.06 0.0 0.0 1.0 1.0 0.0 0.0
0.0 0.0 0.0 0.0 0.0 0.0 0.0 0.0 0.0 0.0 0.0 0.0 0.0 0.0 0.0 222.0 10.0 1.0 1.0 0.0 0.0 0.05 0.06 0.0 255.0 10.0 0.04 0.06 0.0 0.0 1.0 1.0 0.0 0.0
0.0 0.0 0.0 0.0 0.0 0.0 0.0 0.0 0.0 0.0 0.0 0.0 0.0 0.0 0.0 232.0 15.0 1.0 1.0 0.0 0.0 0.06 0.06 0.0 255.0 15.0 0.06 0.06 0.0 0.0 1.0 1.0 0.0 0.0
0.0 0.0 0.0 0.0 0.0 0.0 0.0 0.0 0.0 0.0 0.0 0.0 0.0 0.0 0.0 242.0 9.0 1.0 1.0 0.0 0.0 0.04 0.06 0.0 255.0 9.0 0.04 0.06 0.0 0.0 1.0 1.0 0.0 0.0
0.0 0.0 0.0 0.0 0.0 0.0 0.0 0.0 0.0 0.0 0.0 0.0 0.0 0.0 0.0 252.0 12.0 1.0 1.0 0.0 0.0 0.05 0.06 0.0 255.0 12.0 0.05 0.06 0.0 0.0 1.0 1.0 0.0 0.0
0.0 0.0 0.0 0.0 0.0 0.0 0.0 0.0 0.0 0.0 0.0 0.0 0.0 0.0 0.0 262.0 19.0 1.0 1.0 0.0 0.0 0.07 0.05 0.0 255.0 19.0 0.07 0.05 0.0 0.0 1.0 1.0 0.0 0.0
0.0 0.0 0.0 0.0 0.0 0.0 0.0 0.0 0.0 0.0 0.0 0.0 0.0 0.0 0.0 272.0 22.0 1.0 1.0 0.0 0.0 0.08 0.05 0.0 255.0 22.0 0.09 0.05 0.0 0.0 1.0 1.0 0.0 0.0
0.0 0.0 0.0 0.0 0.0 0.0 0.0 0.0 0.0 0.0 0.0 0.0 0.0 0.0 0.0 282.0 20.0 1.0 1.0 0.0 0.0 0.07 0.05 0.0 255.0 20.0 0.08 0.05 0.0 0.0 1.0 1.0 0.0 0.0
0.0 0.0 0.0 0.0 0.0 0.0 0.0 0.0 0.0 0.0 0.0 0.0 0.0 0.0 0.0 292.0 19.0 1.0 1.0 0.0 0.0 0.07 0.05 0.0 255.0 19.0 0.07 0.05 0.0 0.0 1.0 1.0 0.0 0.0
0.0 0.0 0.0 0.0 0.0 0.0 0.0 0.0 0.0 0.0 0.0 0.0 0.0 0.0 0.0 202.0 1.0 1.0 1.0 0.0 0.0 0.0 0.05 0.0 255.0 1.0 0.0 0.05 0.0 0.0 1.0 1.0 0.0 0.0
0.0 0.0 0.0 0.0 0.0 0.0 0.0 0.0 0.0 0.0 0.0 0.0 0.0 0.0 0.0 212.0 1.0 1.0 1.0 0.0 0.0 0.0 0.06 0.0 255.0 1.0 0.0 0.06 0.0 0.0 1.0 1.0 0.0 0.0
0.0 0.0 0.0 0.0 0.0 0.0 0.0 0.0 0.0 0.0 0.0 0.0 0.0 0.0 0.0 222.0 6.0 1.0 1.0 0.0 0.0 0.03 0.06 0.0 255.0 6.0 0.02 0.06 0.0 0.0 1.0 1.0 0.0 0.0
0.0 0.0 0.0 0.0 0.0 0.0 0.0 0.0 0.0 0.0 0.0 0.0 0.0 0.0 0.0 232.0 5.0 1.0 1.0 0.0 0.0 0.02 0.06 0.0 255.0 5.0 0.02 0.06 0.0 0.0 1.0 1.0 0.0 0.0
0.0 0.0 0.0 0.0 0.0 0.0 0.0 0.0 0.0 0.0 0.0 0.0 0.0 0.0 0.0 242.0 16.0 1.0 1.0 0.0 0.0 0.07 0.06 0.0 255.0 16.0 0.06 0.06 0.0 0.0 1.0 1.0 0.0 0.0
0.0 0.0 0.0 0.0 0.0 0.0 0.0 0.0 0.0 0.0 0.0 0.0 0.0 0.0 0.0 252.0 14.0 1.0 1.0 0.0 0.0 0.06 0.06 0.0 255.0 14.0 0.05 0.06 0.0 0.0 1.0 1.0 0.0 0.0
0.0 0.0 0.0 0.0 0.0 0.0 0.0 0.0 0.0 0.0 0.0 0.0 0.0 0.0 0.0 262.0 8.0 1.0 1.0 0.0 0.0 0.03 0.05 0.0 255.0 8.0 0.03 0.05 0.0 0.0 1.0 1.0 0.0 0.0
0.0 0.0 0.0 0.0 0.0 0.0 0.0 0.0 0.0 0.0 0.0 0.0 0.0 0.0 0.0 272.0 24.0 1.0 1.0 0.0 0.0 0.09 0.05 0.0 255.0 24.0 0.09 0.05 0.0 0.0 1.0 1.0 0.0 0.0
0.0 0.0 0.0 0.0 0.0 0.0 0.0 0.0 0.0 0.0 0.0 0.0 0.0 0.0 0.0 282.0 19.0 1.0 1.0 0.0 0.0 0.07 0.05 0.0 255.0 19.0 0.07 0.05 0.0 0.0 1.0 1.0 0.0 0.0
0.0 0.0 0.0 0.0 0.0 0.0 0.0 0.0 0.0 0.0 0.0 0.0 0.0 0.0 0.0 292.0 23.0 1.0 1.0 0.0 0.0 0.08 0.05 0.0 255.0 23.0 0.09 0.05 0.0 0.0 1.0 1.0 0.0 0.0
0.0 0.0 0.0 0.0 0.0 0.0 0.0 0.0 0.0 0.0 0.0 0.0 0.0 0.0 0.0 202.0 2.0 1.0 1.0 0.0 0.0 0.01 0.05 0.0 255.0 2.0 0.01 0.05 0.0 0.0 1.0 1.0 0.0 0.0
0.0 0.0 0.0 0.0 0.0 0.0 0.0 0.0 0.0 0.0 0.0 0.0 0.0 0.0 0.0 212.0 12.0 1.0 1.0 0.0 0.0 0.06 0.05 0.0 255.0 12.0 0.05 0.05 0.0 0.0 1.0 1.0 0.0 0.0
0.0 0.0 0.0 0.0 0.0 0.0 0.0 0.0 0.0 0.0 0.0 0.0 0.0 0.0 0.0 222.0 24.0 1.0 1.0 0.0 0.0 0.11 0.05 0.0 255.0 24.0 0.09 0.05 0.0 0.0 1.0 1.0 0.0 0.0
0.0 0.0 0.0 0.0 0.0 0.0 0.0 0.0 0.0 0.0 0.0 0.0 0.0 0.0 0.0 232.0 16.0 1.0 1.0 0.0 0.0 0.07 0.05 0.0 255.0 16.0 0.06 0.05 0.0 0.0 1.0 1.0 0.0 0.0
0.0 0.0 0.0 0.0 0.0 0.0 0.0 0.0 0.0 0.0 0.0 0.0 0.0 0.0 0.0 242.0 9.0 1.0 1.0 0.0 0.0 0.04 0.05 0.0 255.0 9.0 0.04 0.05 0.0 0.0 1.0 1.0 0.0 0.0
0.0 0.0 0.0 0.0 0.0 0.0 0.0 0.0 0.0 0.0 0.0 0.0 0.0 0.0 0.0 252.0 6.0 1.0 1.0 0.0 0.0 0.02 0.05 0.0 255.0 6.0 0.02 0.05 0.0 0.0 1.0 1.0 0.0 0.0
0.0 0.0 0.0 0.0 0.0 0.0 0.0 0.0 0.0 0.0 0.0 0.0 0.0 0.0 0.0 262.0 19.0 1.0 1.0 0.0 0.0 0.07 0.05 0.0 255.0 19.0 0.07 0.05 0.0 0.0 1.0 1.0 0.0 0.0
0.0 0.0 0.0 0.0 0.0 0.0 0.0 0.0 0.0 0.0 0.0 0.0 0.0 0.0 0.0 272.0 16.0 1.0 1.0 0.0 0.0 0.06 0.05 0.0 255.0 16.0 0.06 0.05 0.0 0.0 1.0 1.0 0.0 0.0
0.0 0.0 0.0 0.0 0.0 0.0 0.0 0.0 0.0 0.0 0.0 0.0 0.0 0.0 0.0 282.0 20.0 1.0 1.0 0.0 0.0 0.07 0.05 0.0 255.0 20.0 0.08 0.05 0.0 0.0 1.0 1.0 0.0 0.0
0.0 0.0 0.0 0.0 0.0 0.0 0.0 0.0 0.0 0.0 0.0 0.0 0.0 0.0 0.0 292.0 24.0 1.0 1.0 0.0 0.0 0.08 0.05 0.0 255.0 24.0 0.09 0.05 0.0 0.0 1.0 1.0 0.0 0.0
0.0 0.0 0.0 0.0 0.0 0.0 0.0 0.0 0.0 0.0 0.0 0.0 0.0 0.0 0.0 202.0 23.0 1.0 1.0 0.0 0.0 0.11 0.06 0.0 255.0 23.0 0.09 0.06 0.0 0.0 1.0 1.0 0.0 0.0
0.0 0.0 0.0 0.0 0.0 0.0 0.0 0.0 0.0 0.0 0.0 0.0 0.0 0.0 0.0 212.0 10.0 1.0 1.0 0.0 0.0 0.05 0.06 0.0 255.0 10.0 0.04 0.07 0.0 0.0 1.0 1.0 0.0 0.0
0.0 0.0 0.0 0.0 0.0 0.0 0.0 0.0 0.0 0.0 0.0 0.0 0.0 0.0 0.0 222.0 1.0 1.0 1.0 0.0 0.0 0.0 0.06 0.0 255.0 1.0 0.0 0.07 0.0 0.0 1.0 1.0 0.0 0.0
0.0 0.0 0.0 0.0 0.0 0.0 0.0 0.0 0.0 0.0 0.0 0.0 0.0 0.0 0.0 232.0 6.0 1.0 1.0 0.0 0.0 0.03 0.06 0.0 255.0 6.0 0.02 0.07 0.0 0.0 1.0 1.0 0.0 0.0
0.0 0.0 0.0 0.0 0.0 0.0 0.0 0.0 0.0 0.0 0.0 0.0 0.0 0.0 0.0 242.0 16.0 1.0 1.0 0.0 0.0 0.07 0.06 0.0 255.0 16.0 0.06 0.06 0.0 0.0 1.0 1.0 0.0 0.0
0.0 0.0 0.0 0.0 0.0 0.0 0.0 0.0 0.0 0.0 0.0 0.0 0.0 0.0 0.0 252.0 17.0 1.0 1.0 0.0 0.0 0.07 0.06 0.0 255.0 17.0 0.07 0.06 0.0 0.0 1.0 1.0 0.0 0.0
0.0 0.0 0.0 0.0 0.0 0.0 0.0 0.0 0.0 0.0 0.0 0.0 0.0 0.0 0.0 262.0 8.0 1.0 1.0 0.0 0.0 0.03 0.05 0.0 255.0 8.0 0.03 0.05 0.0 0.0 1.0 1.0 0.0 0.0
0.0 0.0 0.0 0.0 0.0 0.0 0.0 0.0 0.0 0.0 0.0 0.0 0.0 0.0 0.0 272.0 12.0 1.0 1.0 0.0 0.0 0.04 0.05 0.0 255.0 12.0 0.05 0.05 0.0 0.0 1.0 1.0 0.0 0.0
0.0 0.0 0.0 0.0 0.0 0.0 0.0 0.0 0.0 0.0 0.0 0.0 0.0 0.0 0.0 282.0 19.0 1.0 1.0 0.0 0.0 0.07 0.05 0.0 255.0 19.0 0.07 0.05 0.0 0.0 1.0 1.0 0.0 0.0
0.0 0.0 0.0 0.0 0.0 0.0 0.0 0.0 0.0 0.0 0.0 0.0 0.0 0.0 0.0 292.0 23.0 1.0 1.0 0.0 0.0 0.08 0.05 0.0 255.0 23.0 0.09 0.05 0.0 0.0 1.0 1.0 0.0 0.0
0.0 0.0 0.0 0.0 0.0 0.0 0.0 0.0 0.0 0.0 0.0 0.0 0.0 0.0 0.0 202.0 8.0 1.0 1.0 0.0 0.0 0.04 0.05 0.0 255.0 8.0 0.03 0.05 0.0 0.0 1.0 1.0 0.0 0.0
0.0 0.0 0.0 0.0 0.0 0.0 0.0 0.0 0.0 0.0 0.0 0.0 0.0 0.0 0.0 212.0 3.0 1.0 1.0 0.0 0.0 0.01 0.05 0.0 255.0 3.0 0.01 0.06 0.0 0.0 1.0 1.0 0.0 0.0
0.0 0.0 0.0 0.0 0.0 0.0 0.0 0.0 0.0 0.0 0.0 0.0 0.0 0.0 0.0 222.0 8.0 1.0 1.0 0.0 0.0 0.04 0.05 0.0 255.0 8.0 0.03 0.06 0.0 0.0 1.0 1.0 0.0 0.0
0.0 0.0 0.0 0.0 0.0 0.0 0.0 0.0 0.0 0.0 0.0 0.0 0.0 0.0 0.0 232.0 23.0 1.0 1.0 0.0 0.0 0.1 0.05 0.0 255.0 23.0 0.09 0.06 0.0 0.0 1.0 1.0 0.0 0.0
0.0 0.0 0.0 0.0 0.0 0.0 0.0 0.0 0.0 0.0 0.0 0.0 0.0 0.0 0.0 242.0 19.0 1.0 1.0 0.0 0.0 0.08 0.05 0.0 255.0 19.0 0.07 0.06 0.0 0.0 1.0 1.0 0.0 0.0
0.0 0.0 0.0 0.0 0.0 0.0 0.0 0.0 0.0 0.0 0.0 0.0 0.0 0.0 0.0 252.0 9.0 1.0 1.0 0.0 0.0 0.04 0.05 0.0 255.0 9.0 0.04 0.06 0.0 0.0 1.0 1.0 0.0 0.0
0.0 0.0 0.0 0.0 0.0 0.0 0.0 0.0 0.0 0.0 0.0 0.0 0.0 0.0 0.0 262.0 7.0 1.0 1.0 0.0 0.0 0.03 0.05 0.0 255.0 7.0 0.03 0.05 0.0 0.0 1.0 1.0 0.0 0.0
0.0 0.0 0.0 0.0 0.0 0.0 0.0 0.0 0.0 0.0 0.0 0.0 0.0 0.0 0.0 272.0 19.0 1.0 1.0 0.0 0.0 0.07 0.05 0.0 255.0 19.0 0.07 0.05 0.0 0.0 1.0 1.0 0.0 0.0
0.0 0.0 0.0 0.0 0.0 0.0 0.0 0.0 0.0 0.0 0.0 0.0 0.0 0.0 0.0 282.0 17.0 1.0 1.0 0.0 0.0 0.06 0.05 0.0 255.0 17.0 0.07 0.05 0.0 0.0 1.0 1.0 0.0 0.0
0.0 0.0 0.0 0.0 0.0 0.0 0.0 0.0 0.0 0.0 0.0 0.0 0.0 0.0 0.0 292.0 5.0 1.0 1.0 0.0 0.0 0.02 0.05 0.0 255.0 5.0 0.02 0.05 0.0 0.0 1.0 1.0 0.0 0.0
0.0 0.0 0.0 0.0 0.0 0.0 0.0 0.0 0.0 0.0 0.0 0.0 0.0 0.0 0.0 204.0 1.0 1.0 1.0 0.0 0.0 0.0 0.06 0.0 255.0 1.0 0.0 0.06 0.0 0.0 1.0 1.0 0.0 0.0
0.0 0.0 0.0 0.0 0.0 0.0 0.0 0.0 0.0 0.0 0.0 0.0 0.0 0.0 0.0 214.0 11.0 1.0 1.0 0.0 0.0 0.05 0.06 0.0 255.0 11.0 0.04 0.06 0.0 0.0 1.0 1.0 0.0 0.0
0.0 0.0 0.0 0.0 0.0 0.0 0.0 0.0 0.0 0.0 0.0 0.0 0.0 0.0 0.0 224.0 10.0 1.0 1.0 0.0 0.0 0.04 0.05 0.0 255.0 10.0 0.04 0.06 0.0 0.0 1.0 1.0 0.0 0.0
0.0 0.0 0.0 0.0 0.0 0.0 0.0 0.0 0.0 0.0 0.0 0.0 0.0 0.0 0.0 234.0 21.0 1.0 1.0 0.0 0.0 0.09 0.05 0.0 255.0 21.0 0.08 0.06 0.0 0.0 1.0 1.0 0.0 0.0
0.0 0.0 0.0 0.0 0.0 0.0 0.0 0.0 0.0 0.0 0.0 0.0 0.0 0.0 0.0 244.0 2.0 1.0 1.0 0.0 0.0 0.01 0.05 0.0 255.0 2.0 0.01 0.07 0.0 0.0 1.0 1.0 0.0 0.0
0.0 0.0 0.0 0.0 0.0 0.0 0.0 0.0 0.0 0.0 0.0 0.0 0.0 0.0 0.0 254.0 24.0 1.0 1.0 0.0 0.0 0.09 0.05 0.0 255.0 24.0 0.09 0.05 0.0 0.0 1.0 1.0 0.0 0.0
0.0 0.0 0.0 0.0 0.0 0.0 0.0 0.0 0.0 0.0 0.0 0.0 0.0 0.0 0.0 264.0 12.0 1.0 1.0 0.0 0.0 0.05 0.05 0.0 255.0 12.0 0.05 0.05 0.0 0.0 1.0 1.0 0.0 0.0
0.0 0.0 0.0 0.0 0.0 0.0 0.0 0.0 0.0 0.0 0.0 0.0 0.0 0.0 0.0 274.0 10.0 1.0 1.0 0.0 0.0 0.04 0.05 0.0 255.0 10.0 0.04 0.05 0.0 0.0 1.0 1.0 0.0 0.0
0.0 0.0 0.0 0.0 0.0 0.0 0.0 0.0 0.0 0.0 0.0 0.0 0.0 0.0 0.0 284.0 1.0 1.0 1.0 0.0 0.0 0.0 0.05 0.0 255.0 1.0 0.0 0.05 0.0 0.0 1.0 1.0 0.0 0.0
0.0 0.0 0.0 0.0 0.0 0.0 0.0 0.0 0.0 0.0 0.0 0.0 0.0 0.0 0.0 294.0 19.0 1.0 1.0 0.0 0.0 0.06 0.05 0.0 255.0 19.0 0.07 0.05 0.0 0.0 1.0 1.0 0.0 0.0
0.0 0.0 0.0 0.0 0.0 0.0 0.0 0.0 0.0 0.0 0.0 0.0 0.0 0.0 0.0 204.0 3.0 1.0 1.0 0.0 0.0 0.01 0.05 0.0 255.0 3.0 0.01 0.05 0.0 0.0 1.0 1.0 0.0 0.0
0.0 0.0 0.0 0.0 0.0 0.0 0.0 0.0 0.0 0.0 0.0 0.0 0.0 0.0 0.0 214.0 10.0 1.0 1.0 0.0 0.0 0.05 0.06 0.0 255.0 10.0 0.04 0.06 0.0 0.0 1.0 1.0 0.0 0.0
0.0 0.0 0.0 0.0 0.0 0.0 0.0 0.0 0.0 0.0 0.0 0.0 0.0 0.0 0.0 224.0 7.0 1.0 1.0 0.0 0.0 0.03 0.06 0.0 255.0 7.0 0.03 0.06 0.0 0.0 1.0 1.0 0.0 0.0
0.0 0.0 0.0 0.0 0.0 0.0 0.0 0.0 0.0 0.0 0.0 0.0 0.0 0.0 0.0 234.0 20.0 1.0 1.0 0.0 0.0 0.09 0.06 0.0 255.0 20.0 0.08 0.06 0.0 0.0 1.0 1.0 0.0 0.0
0.0 0.0 0.0 0.0 0.0 0.0 0.0 0.0 0.0 0.0 0.0 0.0 0.0 0.0 0.0 244.0 17.0 1.0 1.0 0.0 0.0 0.07 0.05 0.0 255.0 17.0 0.07 0.06 0.0 0.0 1.0 1.0 0.0 0.0
0.0 0.0 0.0 0.0 0.0 0.0 0.0 0.0 0.0 0.0 0.0 0.0 0.0 0.0 0.0 254.0 5.0 1.0 1.0 0.0 0.0 0.02 0.06 0.0 255.0 5.0 0.02 0.06 0.0 0.0 1.0 1.0 0.0 0.0
0.0 0.0 0.0 0.0 0.0 0.0 0.0 0.0 0.0 0.0 0.0 0.0 0.0 0.0 0.0 264.0 5.0 1.0 1.0 0.0 0.0 0.02 0.05 0.0 255.0 5.0 0.02 0.05 0.0 0.0 1.0 1.0 0.0 0.0
0.0 0.0 0.0 0.0 0.0 0.0 0.0 0.0 0.0 0.0 0.0 0.0 0.0 0.0 0.0 274.0 16.0 1.0 1.0 0.0 0.0 0.06 0.05 0.0 255.0 16.0 0.06 0.05 0.0 0.0 1.0 1.0 0.0 0.0
0.0 0.0 0.0 0.0 0.0 0.0 0.0 0.0 0.0 0.0 0.0 0.0 0.0 0.0 0.0 284.0 15.0 1.0 1.0 0.0 0.0 0.05 0.05 0.0 255.0 15.0 0.06 0.05 0.0 0.0 1.0 1.0 0.0 0.0
0.0 0.0 0.0 0.0 0.0 0.0 0.0 0.0 0.0 0.0 0.0 0.0 0.0 0.0 0.0 294.0 18.0 1.0 1.0 0.0 0.0 0.06 0.05 0.0 255.0 18.0 0.07 0.05 0.0 0.0 1.0 1.0 0.0 0.0
0.0 0.0 0.0 0.0 0.0 0.0 0.0 0.0 0.0 0.0 0.0 0.0 0.0 0.0 0.0 204.0 6.0 1.0 1.0 0.0 0.0 0.03 0.06 0.0 255.0 6.0 0.02 0.06 0.0 0.0 1.0 1.0 0.0 0.0
0.0 0.0 0.0 0.0 0.0 0.0 0.0 0.0 0.0 0.0 0.0 0.0 0.0 0.0 0.0 214.0 5.0 1.0 1.0 0.0 0.0 0.02 0.06 0.0 255.0 5.0 0.02 0.06 0.0 0.0 1.0 1.0 0.0 0.0
0.0 0.0 0.0 0.0 0.0 0.0 0.0 0.0 0.0 0.0 0.0 0.0 0.0 0.0 0.0 224.0 9.0 1.0 1.0 0.0 0.0 0.04 0.06 0.0 255.0 9.0 0.04 0.06 0.0 0.0 1.0 1.0 0.0 0.0
0.0 0.0 0.0 0.0 0.0 0.0 0.0 0.0 0.0 0.0 0.0 0.0 0.0 0.0 0.0 234.0 4.0 1.0 1.0 0.0 0.0 0.02 0.06 0.0 255.0 4.0 0.02 0.06 0.0 0.0 1.0 1.0 0.0 0.0
0.0 0.0 0.0 0.0 0.0 0.0 0.0 0.0 0.0 0.0 0.0 0.0 0.0 0.0 0.0 244.0 19.0 1.0 1.0 0.0 0.0 0.08 0.05 0.0 255.0 19.0 0.07 0.06 0.0 0.0 1.0 1.0 0.0 0.0
0.0 0.0 0.0 0.0 0.0 0.0 0.0 0.0 0.0 0.0 0.0 0.0 0.0 0.0 0.0 254.0 14.0 1.0 1.0 0.0 0.0 0.06 0.05 0.0 255.0 14.0 0.05 0.05 0.0 0.0 1.0 1.0 0.0 0.0
0.0 0.0 0.0 0.0 0.0 0.0 0.0 0.0 0.0 0.0 0.0 0.0 0.0 0.0 0.0 264.0 16.0 1.0 1.0 0.0 0.0 0.06 0.05 0.0 255.0 16.0 0.06 0.05 0.0 0.0 1.0 1.0 0.0 0.0
0.0 0.0 0.0 0.0 0.0 0.0 0.0 0.0 0.0 0.0 0.0 0.0 0.0 0.0 0.0 274.0 20.0 1.0 1.0 0.0 0.0 0.07 0.05 0.0 255.0 20.0 0.08 0.05 0.0 0.0 1.0 1.0 0.0 0.0
0.0 0.0 0.0 0.0 0.0 0.0 0.0 0.0 0.0 0.0 0.0 0.0 0.0 0.0 0.0 284.0 16.0 1.0 1.0 0.0 0.0 0.06 0.05 0.0 255.0 16.0 0.06 0.05 0.0 0.0 1.0 1.0 0.0 0.0
0.0 0.0 0.0 0.0 0.0 0.0 0.0 0.0 0.0 0.0 0.0 0.0 0.0 0.0 0.0 294.0 20.0 1.0 1.0 0.0 0.0 0.07 0.05 0.0 255.0 20.0 0.08 0.05 0.0 0.0 1.0 1.0 0.0 0.0
0.0 0.0 0.0 0.0 0.0 0.0 0.0 0.0 0.0 0.0 0.0 0.0 0.0 0.0 0.0 204.0 8.0 1.0 1.0 0.0 0.0 0.04 0.05 0.0 255.0 8.0 0.03 0.05 0.0 0.0 1.0 1.0 0.0 0.0
0.0 0.0 0.0 0.0 0.0 0.0 0.0 0.0 0.0 0.0 0.0 0.0 0.0 0.0 0.0 214.0 5.0 1.0 1.0 0.0 0.0 0.02 0.06 0.0 255.0 5.0 0.02 0.05 0.0 0.0 1.0 1.0 0.0 0.0
0.0 0.0 0.0 0.0 0.0 0.0 0.0 0.0 0.0 0.0 0.0 0.0 0.0 0.0 0.0 224.0 2.0 1.0 1.0 0.0 0.0 0.01 0.06 0.0 255.0 2.0 0.01 0.06 0.0 0.0 1.0 1.0 0.0 0.0
0.0 0.0 0.0 0.0 0.0 0.0 0.0 0.0 0.0 0.0 0.0 0.0 0.0 0.0 0.0 234.0 4.0 1.0 1.0 0.0 0.0 0.02 0.06 0.0 255.0 4.0 0.02 0.06 0.0 0.0 1.0 1.0 0.0 0.0
0.0 0.0 0.0 0.0 0.0 0.0 0.0 0.0 0.0 0.0 0.0 0.0 0.0 0.0 0.0 244.0 11.0 1.0 1.0 0.0 0.0 0.05 0.06 0.0 255.0 11.0 0.04 0.06 0.0 0.0 1.0 1.0 0.0 0.0
0.0 0.0 0.0 0.0 0.0 0.0 0.0 0.0 0.0 0.0 0.0 0.0 0.0 0.0 0.0 254.0 14.0 1.0 1.0 0.0 0.0 0.06 0.06 0.0 255.0 14.0 0.05 0.06 0.0 0.0 1.0 1.0 0.0 0.0
0.0 0.0 0.0 0.0 0.0 0.0 0.0 0.0 0.0 0.0 0.0 0.0 0.0 0.0 0.0 264.0 10.0 1.0 1.0 0.0 0.0 0.04 0.05 0.0 255.0 10.0 0.04 0.05 0.0 0.0 1.0 1.0 0.0 0.0
0.0 0.0 0.0 0.0 0.0 0.0 0.0 0.0 0.0 0.0 0.0 0.0 0.0 0.0 0.0 274.0 24.0 1.0 1.0 0.0 0.0 0.09 0.05 0.0 255.0 24.0 0.09 0.05 0.0 0.0 1.0 1.0 0.0 0.0
0.0 0.0 0.0 0.0 0.0 0.0 0.0 0.0 0.0 0.0 0.0 0.0 0.0 0.0 0.0 284.0 19.0 1.0 1.0 0.0 0.0 0.07 0.05 0.0 255.0 19.0 0.07 0.05 0.0 0.0 1.0 1.0 0.0 0.0
0.0 0.0 0.0 0.0 0.0 0.0 0.0 0.0 0.0 0.0 0.0 0.0 0.0 0.0 0.0 294.0 23.0 1.0 1.0 0.0 0.0 0.08 0.05 0.0 255.0 23.0 0.09 0.05 0.0 0.0 1.0 1.0 0.0 0.0
0.0 0.0 0.0 0.0 0.0 0.0 0.0 0.0 0.0 0.0 0.0 0.0 0.0 0.0 0.0 204.0 3.0 1.0 1.0 0.0 0.0 0.01 0.06 0.0 255.0 3.0 0.01 0.05 0.0 0.0 1.0 1.0 0.0 0.0
0.0 0.0 0.0 0.0 0.0 0.0 0.0 0.0 0.0 0.0 0.0 0.0 0.0 0.0 0.0 214.0 10.0 1.0 1.0 0.0 0.0 0.05 0.06 0.0 255.0 10.0 0.04 0.05 0.0 0.0 1.0 1.0 0.0 0.0
0.0 0.0 0.0 0.0 0.0 0.0 0.0 0.0 0.0 0.0 0.0 0.0 0.0 0.0 0.0 224.0 6.0 1.0 1.0 0.0 0.0 0.03 0.06 0.0 255.0 6.0 0.02 0.05 0.0 0.0 1.0 1.0 0.0 0.0
0.0 0.0 0.0 0.0 0.0 0.0 0.0 0.0 0.0 0.0 0.0 0.0 0.0 0.0 0.0 234.0 8.0 1.0 1.0 0.0 0.0 0.03 0.06 0.0 255.0 8.0 0.03 0.05 0.0 0.0 1.0 1.0 0.0 0.0
0.0 0.0 0.0 0.0 0.0 0.0 0.0 0.0 0.0 0.0 0.0 0.0 0.0 0.0 0.0 244.0 14.0 1.0 1.0 0.0 0.0 0.06 0.05 0.0 255.0 14.0 0.05 0.05 0.0 0.0 1.0 1.0 0.0 0.0
0.0 0.0 0.0 0.0 0.0 0.0 0.0 0.0 0.0 0.0 0.0 0.0 0.0 0.0 0.0 254.0 12.0 1.0 1.0 0.0 0.0 0.05 0.05 0.0 255.0 12.0 0.05 0.05 0.0 0.0 1.0 1.0 0.0 0.0
0.0 0.0 0.0 0.0 0.0 0.0 0.0 0.0 0.0 0.0 0.0 0.0 0.0 0.0 0.0 264.0 17.0 1.0 1.0 0.0 0.0 0.06 0.05 0.0 255.0 17.0 0.07 0.05 0.0 0.0 1.0 1.0 0.0 0.0
0.0 0.0 0.0 0.0 0.0 0.0 0.0 0.0 0.0 0.0 0.0 0.0 0.0 0.0 0.0 274.0 22.0 1.0 1.0 0.0 0.0 0.08 0.05 0.0 255.0 22.0 0.09 0.05 0.0 0.0 1.0 1.0 0.0 0.0
0.0 0.0 0.0 0.0 0.0 0.0 0.0 0.0 0.0 0.0 0.0 0.0 0.0 0.0 0.0 186.0 23.0 1.0 1.0 0.0 0.0 0.12 0.05 0.0 255.0 23.0 0.09 0.05 0.0 0.0 1.0 1.0 0.0 0.0
0.0 0.0 0.0 0.0 0.0 0.0 0.0 0.0 0.0 0.0 0.0 0.0 0.0 0.0 0.0 196.0 3.0 1.0 1.0 0.0 0.0 0.02 0.05 0.0 255.0 3.0 0.01 0.05 0.0 0.0 1.0 1.0 0.0 0.0
0.0 0.0 0.0 0.0 0.0 0.0 0.0 0.0 0.0 0.0 0.0 0.0 0.0 0.0 0.0 206.0 7.0 1.0 1.0 0.0 0.0 0.03 0.05 0.0 255.0 7.0 0.03 0.06 0.0 0.0 1.0 1.0 0.0 0.0
0.0 0.0 0.0 0.0 0.0 0.0 0.0 0.0 0.0 0.0 0.0 0.0 0.0 0.0 0.0 216.0 13.0 1.0 1.0 0.0 0.0 0.06 0.05 0.0 255.0 13.0 0.05 0.06 0.0 0.0 1.0 1.0 0.0 0.0
0.0 0.0 0.0 0.0 0.0 0.0 0.0 0.0 0.0 0.0 0.0 0.0 0.0 0.0 0.0 226.0 23.0 1.0 1.0 0.0 0.0 0.1 0.05 0.0 255.0 23.0 0.09 0.05 0.0 0.0 1.0 1.0 0.0 0.0
0.0 0.0 0.0 0.0 0.0 0.0 0.0 0.0 0.0 0.0 0.0 0.0 0.0 0.0 0.0 136.0 2.0 1.0 1.0 0.0 0.0 0.01 0.07 0.0 255.0 2.0 0.01 0.06 0.0 0.0 1.0 1.0 0.0 0.0
0.0 0.0 0.0 0.0 0.0 0.0 0.0 0.0 0.0 0.0 0.0 0.0 0.0 0.0 0.0 146.0 6.0 1.0 1.0 0.0 0.0 0.04 0.06 0.0 255.0 6.0 0.02 0.05 0.0 0.0 1.0 1.0 0.0 0.0
0.0 0.0 0.0 0.0 0.0 0.0 0.0 0.0 0.0 0.0 0.0 0.0 0.0 0.0 0.0 156.0 14.0 1.0 1.0 0.0 0.0 0.09 0.06 0.0 255.0 14.0 0.05 0.05 0.0 0.0 1.0 1.0 0.0 0.0
0.0 0.0 0.0 0.0 0.0 0.0 0.0 0.0 0.0 0.0 0.0 0.0 0.0 0.0 0.0 166.0 15.0 1.0 1.0 0.0 0.0 0.09 0.05 0.0 255.0 15.0 0.06 0.05 0.0 0.0 1.0 1.0 0.0 0.0
0.0 0.0 0.0 0.0 0.0 0.0 0.0 0.0 0.0 0.0 0.0 0.0 0.0 0.0 0.0 176.0 22.0 1.0 1.0 0.0 0.0 0.12 0.05 0.0 255.0 22.0 0.09 0.05 0.0 0.0 1.0 1.0 0.0 0.0
0.0 0.0 0.0 0.0 0.0 0.0 0.0 0.0 0.0 0.0 0.0 0.0 0.0 0.0 0.0 186.0 22.0 1.0 1.0 0.0 0.0 0.12 0.05 0.0 255.0 22.0 0.09 0.05 0.0 0.0 1.0 1.0 0.0 0.0
0.0 0.0 0.0 0.0 0.0 0.0 0.0 0.0 0.0 0.0 0.0 0.0 0.0 0.0 0.0 114.0 3.0 1.0 1.0 0.0 0.0 0.03 0.09 0.0 255.0 3.0 0.01 0.06 0.0 0.0 1.0 1.0 0.0 0.0
0.0 0.0 0.0 0.0 0.0 0.0 0.0 0.0 0.0 0.0 0.0 0.0 0.0 0.0 0.0 124.0 7.0 1.0 1.0 0.0 0.0 0.06 0.08 0.0 255.0 7.0 0.03 0.06 0.0 0.0 1.0 1.0 0.0 0.0
0.0 0.0 0.0 0.0 0.0 0.0 0.0 0.0 0.0 0.0 0.0 0.0 0.0 0.0 0.0 134.0 13.0 1.0 1.0 0.0 0.0 0.1 0.07 0.0 255.0 13.0 0.05 0.06 0.0 0.0 1.0 1.0 0.0 0.0
0.0 0.0 0.0 0.0 0.0 0.0 0.0 0.0 0.0 0.0 0.0 0.0 0.0 0.0 0.0 144.0 18.0 1.0 1.0 0.0 0.0 0.12 0.07 0.0 255.0 18.0 0.07 0.06 0.0 0.0 1.0 1.0 0.0 0.0
0.0 0.0 0.0 0.0 0.0 0.0 0.0 0.0 0.0 0.0 0.0 0.0 0.0 0.0 0.0 154.0 11.0 1.0 1.0 0.0 0.0 0.07 0.06 0.0 255.0 11.0 0.04 0.06 0.0 0.0 1.0 1.0 0.0 0.0
0.0 0.0 0.0 0.0 0.0 0.0 0.0 0.0 0.0 0.0 0.0 0.0 0.0 0.0 0.0 164.0 15.0 1.0 1.0 0.0 0.0 0.09 0.06 0.0 255.0 15.0 0.06 0.06 0.0 0.0 1.0 1.0 0.0 0.0
0.0 0.0 0.0 0.0 0.0 0.0 0.0 0.0 0.0 0.0 0.0 0.0 0.0 0.0 0.0 174.0 14.0 1.0 1.0 0.0 0.0 0.08 0.06 0.0 255.0 14.0 0.05 0.05 0.0 0.0 1.0 1.0 0.0 0.0
0.0 0.0 0.0 0.0 0.0 0.0 0.0 0.0 0.0 0.0 0.0 0.0 0.0 0.0 0.0 184.0 19.0 1.0 1.0 0.0 0.0 0.1 0.05 0.0 255.0 19.0 0.07 0.05 0.0 0.0 1.0 1.0 0.0 0.0
0.0 0.0 0.0 0.0 0.0 0.0 0.0 0.0 0.0 0.0 0.0 0.0 0.0 0.0 0.0 194.0 23.0 1.0 1.0 0.0 0.0 0.12 0.05 0.0 255.0 23.0 0.09 0.05 0.0 0.0 1.0 1.0 0.0 0.0
0.0 0.0 0.0 0.0 0.0 0.0 0.0 0.0 0.0 0.0 0.0 0.0 0.0 0.0 0.0 154.0 1.0 1.0 1.0 0.0 0.0 0.01 0.07 0.0 255.0 1.0 0.0 0.06 0.0 0.0 1.0 1.0 0.0 0.0
0.0 0.0 0.0 0.0 0.0 0.0 0.0 0.0 0.0 0.0 0.0 0.0 0.0 0.0 0.0 164.0 17.0 1.0 1.0 0.0 0.0 0.1 0.07 0.0 255.0 17.0 0.07 0.06 0.0 0.0 1.0 1.0 0.0 0.0
0.0 0.0 0.0 0.0 0.0 0.0 0.0 0.0 0.0 0.0 0.0 0.0 0.0 0.0 0.0 174.0 23.0 1.0 1.0 0.0 0.0 0.13 0.06 0.0 255.0 23.0 0.09 0.06 0.0 0.0 1.0 1.0 0.0 0.0
0.0 0.0 0.0 0.0 0.0 0.0 0.0 0.0 0.0 0.0 0.0 0.0 0.0 0.0 0.0 184.0 11.0 1.0 1.0 0.0 0.0 0.06 0.07 0.0 255.0 11.0 0.04 0.06 0.0 0.0 1.0 1.0 0.0 0.0
0.0 0.0 0.0 0.0 0.0 0.0 0.0 0.0 0.0 0.0 0.0 0.0 0.0 0.0 0.0 194.0 8.0 1.0 1.0 0.0 0.0 0.04 0.06 0.0 255.0 8.0 0.03 0.06 0.0 0.0 1.0 1.0 0.0 0.0
0.0 0.0 0.0 0.0 0.0 0.0 0.0 0.0 0.0 0.0 0.0 0.0 0.0 0.0 0.0 204.0 21.0 1.0 1.0 0.0 0.0 0.1 0.06 0.0 255.0 21.0 0.08 0.06 0.0 0.0 1.0 1.0 0.0 0.0
0.0 0.0 0.0 0.0 0.0 0.0 0.0 0.0 0.0 0.0 0.0 0.0 0.0 0.0 0.0 214.0 4.0 1.0 1.0 0.0 0.0 0.02 0.06 0.0 255.0 4.0 0.02 0.05 0.0 0.0 1.0 1.0 0.0 0.0
0.0 0.0 0.0 0.0 0.0 0.0 0.0 0.0 0.0 0.0 0.0 0.0 0.0 0.0 0.0 224.0 24.0 1.0 1.0 0.0 0.0 0.11 0.05 0.0 255.0 24.0 0.09 0.05 0.0 0.0 1.0 1.0 0.0 0.0
0.0 0.0 0.0 0.0 0.0 0.0 0.0 0.0 0.0 0.0 0.0 0.0 0.0 0.0 0.0 234.0 3.0 1.0 1.0 0.0 0.0 0.01 0.05 0.0 255.0 3.0 0.01 0.05 0.0 0.0 1.0 1.0 0.0 0.0
0.0 0.0 0.0 0.0 0.0 0.0 0.0 0.0 0.0 0.0 0.0 0.0 0.0 0.0 0.0 244.0 17.0 1.0 1.0 0.0 0.0 0.07 0.05 0.0 255.0 17.0 0.07 0.05 0.0 0.0 1.0 1.0 0.0 0.0
0.0 0.0 0.0 0.0 0.0 0.0 0.0 0.0 0.0 0.0 0.0 0.0 0.0 0.0 0.0 196.0 2.0 1.0 1.0 0.0 0.0 0.01 0.06 0.0 255.0 2.0 0.01 0.05 0.0 0.0 1.0 1.0 0.0 0.0
0.0 0.0 0.0 0.0 0.0 0.0 0.0 0.0 0.0 0.0 0.0 0.0 0.0 0.0 0.0 206.0 5.0 1.0 1.0 0.0 0.0 0.02 0.07 0.0 255.0 5.0 0.02 0.06 0.0 0.0 1.0 1.0 0.0 0.0
0.0 0.0 0.0 0.0 0.0 0.0 0.0 0.0 0.0 0.0 0.0 0.0 0.0 0.0 0.0 216.0 3.0 1.0 1.0 0.0 0.0 0.01 0.06 0.0 255.0 3.0 0.01 0.06 0.0 0.0 1.0 1.0 0.0 0.0
0.0 0.0 0.0 0.0 0.0 0.0 0.0 0.0 0.0 0.0 0.0 0.0 0.0 0.0 0.0 226.0 15.0 1.0 1.0 0.0 0.0 0.07 0.06 0.0 255.0 15.0 0.06 0.06 0.0 0.0 1.0 1.0 0.0 0.0
0.0 0.0 0.0 0.0 0.0 0.0 0.0 0.0 0.0 0.0 0.0 0.0 0.0 0.0 0.0 236.0 13.0 1.0 1.0 0.0 0.0 0.06 0.06 0.0 255.0 13.0 0.05 0.06 0.0 0.0 1.0 1.0 0.0 0.0
0.0 0.0 0.0 0.0 0.0 0.0 0.0 0.0 0.0 0.0 0.0 0.0 0.0 0.0 0.0 246.0 25.0 1.0 1.0 0.0 0.0 0.1 0.06 0.0 255.0 25.0 0.1 0.06 0.0 0.0 1.0 1.0 0.0 0.0
0.0 0.0 0.0 0.0 0.0 0.0 0.0 0.0 0.0 0.0 0.0 0.0 0.0 0.0 0.0 256.0 21.0 1.0 1.0 0.0 0.0 0.08 0.05 0.0 255.0 21.0 0.08 0.05 0.0 0.0 1.0 1.0 0.0 0.0
0.0 0.0 0.0 0.0 0.0 0.0 0.0 0.0 0.0 0.0 0.0 0.0 0.0 0.0 0.0 266.0 21.0 1.0 1.0 0.0 0.0 0.08 0.05 0.0 255.0 21.0 0.08 0.05 0.0 0.0 1.0 1.0 0.0 0.0
0.0 0.0 0.0 0.0 0.0 0.0 0.0 0.0 0.0 0.0 0.0 0.0 0.0 0.0 0.0 276.0 12.0 1.0 1.0 0.0 0.0 0.04 0.05 0.0 255.0 12.0 0.05 0.05 0.0 0.0 1.0 1.0 0.0 0.0
0.0 0.0 0.0 0.0 0.0 0.0 0.0 0.0 0.0 0.0 0.0 0.0 0.0 0.0 0.0 286.0 17.0 1.0 1.0 0.0 0.0 0.06 0.05 0.0 255.0 17.0 0.07 0.05 0.0 0.0 1.0 1.0 0.0 0.0
0.0 0.0 0.0 0.0 0.0 0.0 0.0 0.0 0.0 0.0 0.0 0.0 0.0 0.0 0.0 204.0 1.0 1.0 1.0 0.0 0.0 0.0 0.06 0.0 255.0 1.0 0.0 0.06 0.0 0.0 1.0 1.0 0.0 0.0
0.0 0.0 0.0 0.0 0.0 0.0 0.0 0.0 0.0 0.0 0.0 0.0 0.0 0.0 0.0 214.0 24.0 1.0 1.0 0.0 0.0 0.11 0.06 0.0 255.0 24.0 0.09 0.07 0.0 0.0 1.0 1.0 0.0 0.0
0.0 0.0 0.0 0.0 0.0 0.0 0.0 0.0 0.0 0.0 0.0 0.0 0.0 0.0 0.0 224.0 5.0 1.0 1.0 0.0 0.0 0.02 0.06 0.0 255.0 5.0 0.02 0.07 0.0 0.0 1.0 1.0 0.0 0.0
0.0 0.0 0.0 0.0 0.0 0.0 0.0 0.0 0.0 0.0 0.0 0.0 0.0 0.0 0.0 234.0 7.0 1.0 1.0 0.0 0.0 0.03 0.06 0.0 255.0 7.0 0.03 0.07 0.0 0.0 1.0 1.0 0.0 0.0
0.0 0.0 0.0 0.0 0.0 0.0 0.0 0.0 0.0 0.0 0.0 0.0 0.0 0.0 0.0 244.0 14.0 1.0 1.0 0.0 0.0 0.06 0.05 0.0 255.0 14.0 0.05 0.06 0.0 0.0 1.0 1.0 0.0 0.0
0.0 0.0 0.0 0.0 0.0 0.0 0.0 0.0 0.0 0.0 0.0 0.0 0.0 0.0 0.0 254.0 5.0 1.0 1.0 0.0 0.0 0.02 0.06 0.0 255.0 5.0 0.02 0.06 0.0 0.0 1.0 1.0 0.0 0.0
0.0 0.0 0.0 0.0 0.0 0.0 0.0 0.0 0.0 0.0 0.0 0.0 0.0 0.0 0.0 264.0 7.0 1.0 1.0 0.0 0.0 0.03 0.05 0.0 255.0 7.0 0.03 0.05 0.0 0.0 1.0 1.0 0.0 0.0
0.0 0.0 0.0 0.0 0.0 0.0 0.0 0.0 0.0 0.0 0.0 0.0 0.0 0.0 0.0 274.0 15.0 1.0 1.0 0.0 0.0 0.05 0.05 0.0 255.0 15.0 0.06 0.05 0.0 0.0 1.0 1.0 0.0 0.0
0.0 0.0 0.0 0.0 0.0 0.0 0.0 0.0 0.0 0.0 0.0 0.0 0.0 0.0 0.0 284.0 17.0 1.0 1.0 0.0 0.0 0.06 0.05 0.0 255.0 17.0 0.07 0.05 0.0 0.0 1.0 1.0 0.0 0.0
0.0 0.0 0.0 0.0 0.0 0.0 0.0 0.0 0.0 0.0 0.0 0.0 0.0 0.0 0.0 294.0 24.0 1.0 1.0 0.0 0.0 0.08 0.05 0.0 255.0 24.0 0.09 0.05 0.0 0.0 1.0 1.0 0.0 0.0
0.0 0.0 0.0 0.0 0.0 0.0 0.0 0.0 0.0 0.0 0.0 0.0 0.0 0.0 0.0 204.0 15.0 1.0 1.0 0.0 0.0 0.07 0.05 0.0 255.0 15.0 0.06 0.05 0.0 0.0 1.0 1.0 0.0 0.0
0.0 0.0 0.0 0.0 0.0 0.0 0.0 0.0 0.0 0.0 0.0 0.0 0.0 0.0 0.0 214.0 19.0 1.0 1.0 0.0 0.0 0.09 0.06 0.0 255.0 19.0 0.07 0.05 0.0 0.0 1.0 1.0 0.0 0.0
0.0 0.0 0.0 0.0 0.0 0.0 0.0 0.0 0.0 0.0 0.0 0.0 0.0 0.0 0.0 224.0 23.0 1.0 1.0 0.0 0.0 0.1 0.05 0.0 255.0 23.0 0.09 0.05 0.0 0.0 1.0 1.0 0.0 0.0
0.0 0.0 0.0 0.0 0.0 0.0 0.0 0.0 0.0 0.0 0.0 0.0 0.0 0.0 0.0 234.0 13.0 1.0 1.0 0.0 0.0 0.06 0.06 0.0 255.0 13.0 0.05 0.05 0.0 0.0 1.0 1.0 0.0 0.0
0.0 0.0 0.0 0.0 0.0 0.0 0.0 0.0 0.0 0.0 0.0 0.0 0.0 0.0 0.0 244.0 10.0 1.0 1.0 0.0 0.0 0.04 0.05 0.0 255.0 10.0 0.04 0.05 0.0 0.0 1.0 1.0 0.0 0.0
0.0 0.0 0.0 0.0 0.0 0.0 0.0 0.0 0.0 0.0 0.0 0.0 0.0 0.0 0.0 254.0 23.0 1.0 1.0 0.0 0.0 0.09 0.05 0.0 255.0 23.0 0.09 0.05 0.0 0.0 1.0 1.0 0.0 0.0
0.0 0.0 0.0 0.0 0.0 0.0 0.0 0.0 0.0 0.0 0.0 0.0 0.0 0.0 0.0 264.0 3.0 1.0 1.0 0.0 0.0 0.01 0.05 0.0 255.0 3.0 0.01 0.05 0.0 0.0 1.0 1.0 0.0 0.0
0.0 0.0 0.0 0.0 0.0 0.0 0.0 0.0 0.0 0.0 0.0 0.0 0.0 0.0 0.0 274.0 2.0 1.0 1.0 0.0 0.0 0.01 0.05 0.0 255.0 2.0 0.01 0.05 0.0 0.0 1.0 1.0 0.0 0.0
0.0 0.0 0.0 0.0 0.0 0.0 0.0 0.0 0.0 0.0 0.0 0.0 0.0 0.0 0.0 284.0 24.0 1.0 1.0 0.0 0.0 0.08 0.05 0.0 255.0 24.0 0.09 0.05 0.0 0.0 1.0 1.0 0.0 0.0
0.0 0.0 0.0 0.0 0.0 0.0 0.0 0.0 0.0 0.0 0.0 0.0 0.0 0.0 0.0 294.0 18.0 1.0 1.0 0.0 0.0 0.06 0.05 0.0 255.0 18.0 0.07 0.05 0.0 0.0 1.0 1.0 0.0 0.0
0.0 0.0 0.0 0.0 0.0 0.0 0.0 0.0 0.0 0.0 0.0 0.0 0.0 0.0 0.0 204.0 2.0 1.0 1.0 0.0 0.0 0.01 0.05 0.0 255.0 2.0 0.01 0.06 0.0 0.0 1.0 1.0 0.0 0.0
0.0 0.0 0.0 0.0 0.0 0.0 0.0 0.0 0.0 0.0 0.0 0.0 0.0 0.0 0.0 214.0 4.0 1.0 1.0 0.0 0.0 0.02 0.06 0.0 255.0 4.0 0.02 0.06 0.0 0.0 1.0 1.0 0.0 0.0
0.0 0.0 0.0 0.0 0.0 0.0 0.0 0.0 0.0 0.0 0.0 0.0 0.0 0.0 0.0 224.0 9.0 1.0 1.0 0.0 0.0 0.04 0.05 0.0 255.0 9.0 0.04 0.06 0.0 0.0 1.0 1.0 0.0 0.0
0.0 0.0 0.0 0.0 0.0 0.0 0.0 0.0 0.0 0.0 0.0 0.0 0.0 0.0 0.0 234.0 12.0 1.0 1.0 0.0 0.0 0.05 0.06 0.0 255.0 12.0 0.05 0.06 0.0 0.0 1.0 1.0 0.0 0.0
0.0 0.0 0.0 0.0 0.0 0.0 0.0 0.0 0.0 0.0 0.0 0.0 0.0 0.0 0.0 244.0 2.0 1.0 1.0 0.0 0.0 0.01 0.05 0.0 255.0 2.0 0.01 0.05 0.0 0.0 1.0 1.0 0.0 0.0
0.0 0.0 0.0 0.0 0.0 0.0 0.0 0.0 0.0 0.0 0.0 0.0 0.0 0.0 0.0 254.0 23.0 1.0 1.0 0.0 0.0 0.09 0.05 0.0 255.0 23.0 0.09 0.05 0.0 0.0 1.0 1.0 0.0 0.0
0.0 0.0 0.0 0.0 0.0 0.0 0.0 0.0 0.0 0.0 0.0 0.0 0.0 0.0 0.0 264.0 20.0 1.0 1.0 0.0 0.0 0.08 0.05 0.0 255.0 20.0 0.08 0.05 0.0 0.0 1.0 1.0 0.0 0.0
0.0 0.0 0.0 0.0 0.0 0.0 0.0 0.0 0.0 0.0 0.0 0.0 0.0 0.0 0.0 274.0 24.0 1.0 1.0 0.0 0.0 0.09 0.05 0.0 255.0 24.0 0.09 0.05 0.0 0.0 1.0 1.0 0.0 0.0
0.0 0.0 0.0 0.0 0.0 0.0 0.0 0.0 0.0 0.0 0.0 0.0 0.0 0.0 0.0 284.0 12.0 1.0 1.0 0.0 0.0 0.04 0.05 0.0 255.0 12.0 0.05 0.05 0.0 0.0 1.0 1.0 0.0 0.0
0.0 0.0 0.0 0.0 0.0 0.0 0.0 0.0 0.0 0.0 0.0 0.0 0.0 0.0 0.0 294.0 9.0 1.0 1.0 0.0 0.0 0.03 0.05 0.0 255.0 9.0 0.04 0.05 0.0 0.0 1.0 1.0 0.0 0.0
0.0 0.0 0.0 0.0 0.0 0.0 0.0 0.0 0.0 0.0 0.0 0.0 0.0 0.0 0.0 204.0 4.0 1.0 1.0 0.0 0.0 0.02 0.06 0.0 255.0 4.0 0.02 0.06 0.0 0.0 1.0 1.0 0.0 0.0
0.0 0.0 0.0 0.0 0.0 0.0 0.0 0.0 0.0 0.0 0.0 0.0 0.0 0.0 0.0 214.0 8.0 1.0 1.0 0.0 0.0 0.04 0.06 0.0 255.0 8.0 0.03 0.06 0.0 0.0 1.0 1.0 0.0 0.0
0.0 0.0 0.0 0.0 0.0 0.0 0.0 0.0 0.0 0.0 0.0 0.0 0.0 0.0 0.0 224.0 13.0 1.0 1.0 0.0 0.0 0.06 0.06 0.0 255.0 13.0 0.05 0.06 0.0 0.0 1.0 1.0 0.0 0.0
0.0 0.0 0.0 0.0 0.0 0.0 0.0 0.0 0.0 0.0 0.0 0.0 0.0 0.0 0.0 234.0 2.0 1.0 1.0 0.0 0.0 0.01 0.06 0.0 255.0 2.0 0.01 0.07 0.0 0.0 1.0 1.0 0.0 0.0
0.0 0.0 0.0 0.0 0.0 0.0 0.0 0.0 0.0 0.0 0.0 0.0 0.0 0.0 0.0 244.0 6.0 1.0 1.0 0.0 0.0 0.02 0.06 0.0 255.0 6.0 0.02 0.07 0.0 0.0 1.0 1.0 0.0 0.0
0.0 0.0 0.0 0.0 0.0 0.0 0.0 0.0 0.0 0.0 0.0 0.0 0.0 0.0 0.0 254.0 13.0 1.0 1.0 0.0 0.0 0.05 0.06 0.0 255.0 13.0 0.05 0.06 0.0 0.0 1.0 1.0 0.0 0.0
0.0 0.0 0.0 0.0 0.0 0.0 0.0 0.0 0.0 0.0 0.0 0.0 0.0 0.0 0.0 264.0 22.0 1.0 1.0 0.0 0.0 0.08 0.05 0.0 255.0 22.0 0.09 0.05 0.0 0.0 1.0 1.0 0.0 0.0
0.0 0.0 0.0 0.0 0.0 0.0 0.0 0.0 0.0 0.0 0.0 0.0 0.0 0.0 0.0 274.0 13.0 1.0 1.0 0.0 0.0 0.05 0.05 0.0 255.0 13.0 0.05 0.05 0.0 0.0 1.0 1.0 0.0 0.0
0.0 0.0 0.0 0.0 0.0 0.0 0.0 0.0 0.0 0.0 0.0 0.0 0.0 0.0 0.0 284.0 23.0 1.0 1.0 0.0 0.0 0.08 0.05 0.0 255.0 23.0 0.09 0.05 0.0 0.0 1.0 1.0 0.0 0.0
0.0 0.0 0.0 0.0 0.0 0.0 0.0 0.0 0.0 0.0 0.0 0.0 0.0 0.0 0.0 294.0 23.0 1.0 1.0 0.0 0.0 0.08 0.05 0.0 255.0 23.0 0.09 0.05 0.0 0.0 1.0 1.0 0.0 0.0
0.0 0.0 0.0 0.0 0.0 0.0 0.0 0.0 0.0 0.0 0.0 0.0 0.0 0.0 0.0 204.0 13.0 1.0 1.0 0.0 0.0 0.06 0.06 0.0 255.0 13.0 0.05 0.06 0.0 0.0 1.0 1.0 0.0 0.0
0.0 0.0 0.0 0.0 0.0 0.0 0.0 0.0 0.0 0.0 0.0 0.0 0.0 0.0 0.0 214.0 2.0 1.0 1.0 0.0 0.0 0.01 0.07 0.0 255.0 2.0 0.01 0.07 0.0 0.0 1.0 1.0 0.0 0.0
0.0 0.0 0.0 0.0 0.0 0.0 0.0 0.0 0.0 0.0 0.0 0.0 0.0 0.0 0.0 224.0 7.0 1.0 1.0 0.0 0.0 0.03 0.06 0.0 255.0 7.0 0.03 0.07 0.0 0.0 1.0 1.0 0.0 0.0
0.0 0.0 0.0 0.0 0.0 0.0 0.0 0.0 0.0 0.0 0.0 0.0 0.0 0.0 0.0 234.0 5.0 1.0 1.0 0.0 0.0 0.02 0.06 0.0 255.0 5.0 0.02 0.06 0.0 0.0 1.0 1.0 0.0 0.0
0.0 0.0 0.0 0.0 0.0 0.0 0.0 0.0 0.0 0.0 0.0 0.0 0.0 0.0 0.0 244.0 17.0 1.0 1.0 0.0 0.0 0.07 0.06 0.0 255.0 17.0 0.07 0.06 0.0 0.0 1.0 1.0 0.0 0.0
0.0 0.0 0.0 0.0 0.0 0.0 0.0 0.0 0.0 0.0 0.0 0.0 0.0 0.0 0.0 254.0 9.0 1.0 1.0 0.0 0.0 0.04 0.06 0.0 255.0 9.0 0.04 0.05 0.0 0.0 1.0 1.0 0.0 0.0
0.0 0.0 0.0 0.0 0.0 0.0 0.0 0.0 0.0 0.0 0.0 0.0 0.0 0.0 0.0 264.0 19.0 1.0 1.0 0.0 0.0 0.07 0.05 0.0 255.0 19.0 0.07 0.05 0.0 0.0 1.0 1.0 0.0 0.0
0.0 0.0 0.0 0.0 0.0 0.0 0.0 0.0 0.0 0.0 0.0 0.0 0.0 0.0 0.0 274.0 19.0 1.0 1.0 0.0 0.0 0.07 0.05 0.0 255.0 19.0 0.07 0.05 0.0 0.0 1.0 1.0 0.0 0.0
0.0 0.0 0.0 0.0 0.0 0.0 0.0 0.0 0.0 0.0 0.0 0.0 0.0 0.0 0.0 284.0 25.0 1.0 1.0 0.0 0.0 0.09 0.05 0.0 255.0 25.0 0.1 0.05 0.0 0.0 1.0 1.0 0.0 0.0
0.0 0.0 0.0 0.0 0.0 0.0 0.0 0.0 0.0 0.0 0.0 0.0 0.0 0.0 0.0 294.0 24.0 1.0 1.0 0.0 0.0 0.08 0.05 0.0 255.0 24.0 0.09 0.05 0.0 0.0 1.0 1.0 0.0 0.0
0.0 0.0 0.0 0.0 0.0 0.0 0.0 0.0 0.0 0.0 0.0 0.0 0.0 0.0 0.0 206.0 3.0 1.0 1.0 0.0 0.0 0.01 0.06 0.0 255.0 3.0 0.01 0.06 0.0 0.0 1.0 1.0 0.0 0.0
0.0 0.0 0.0 0.0 0.0 0.0 0.0 0.0 0.0 0.0 0.0 0.0 0.0 0.0 0.0 216.0 8.0 1.0 1.0 0.0 0.0 0.04 0.06 0.0 255.0 8.0 0.03 0.06 0.0 0.0 1.0 1.0 0.0 0.0
0.0 0.0 0.0 0.0 0.0 0.0 0.0 0.0 0.0 0.0 0.0 0.0 0.0 0.0 0.0 226.0 13.0 1.0 1.0 0.0 0.0 0.06 0.05 0.0 255.0 13.0 0.05 0.06 0.0 0.0 1.0 1.0 0.0 0.0
0.0 0.0 0.0 0.0 0.0 0.0 0.0 0.0 0.0 0.0 0.0 0.0 0.0 0.0 0.0 236.0 4.0 1.0 1.0 0.0 0.0 0.02 0.06 0.0 255.0 4.0 0.02 0.05 0.0 0.0 1.0 1.0 0.0 0.0
0.0 0.0 0.0 0.0 0.0 0.0 0.0 0.0 0.0 0.0 0.0 0.0 0.0 0.0 0.0 246.0 2.0 1.0 1.0 0.0 0.0 0.01 0.06 0.0 255.0 2.0 0.01 0.05 0.0 0.0 1.0 1.0 0.0 0.0
0.0 0.0 0.0 0.0 0.0 0.0 0.0 0.0 0.0 0.0 0.0 0.0 0.0 0.0 0.0 256.0 14.0 1.0 1.0 0.0 0.0 0.05 0.05 0.0 255.0 14.0 0.05 0.05 0.0 0.0 1.0 1.0 0.0 0.0
