2.0 1230.0 330.0 0.0 0.0 0.0 0.0 0.0 0.0 0.0 0.0 0.0 0.0 0.0 0.0 1.0 1.0 0.0 0.0 0.0 0.0 1.0 0.0 0.0 218.0 124.0 0.48 0.01 0.0 0.02 0.0 0.0 0.0 0.0
0.0 1690.0 411.0 0.0 0.0 0.0 0.0 0.0 0.0 0.0 0.0 0.0 0.0 0.0 0.0 1.0 1.0 0.0 0.0 0.0 0.0 1.0 0.0 0.0 8.0 126.0 1.0 0.0 0.12 0.02 0.0 0.0 0.0 0.0
0.0 12286.0 0.0 0.0 0.0 0.0 0.0 0.0 0.0 0.0 0.0 0.0 0.0 0.0 0.0 4.0 4.0 0.0 0.0 0.0 0.0 1.0 0.0 0.0 18.0 131.0 0.56 0.11 0.56 0.02 0.0 0.0 0.0 0.0
0.0 663.0 335.0 0.0 0.0 0.0 0.0 0.0 0.0 0.0 1.0 0.0 0.0 0.0 0.0 2.0 1.0 0.0 0.0 0.0 0.0 0.5 1.0 0.0 28.0 117.0 0.32 0.11 0.04 0.03 0.0 0.0 0.0 0.0
0.0 938.0 333.0 0.0 0.0 0.0 0.0 0.0 0.0 0.0 0.0 0.0 0.0 0.0 0.0 1.0 1.0 0.0 0.0 0.0 0.0 1.0 0.0 0.0 38.0 120.0 0.45 0.08 0.03 0.02 0.0 0.0 0.0 0.0
5.0 2256.0 331.0 0.0 0.0 0.0 0.0 0.0 0.0 0.0 0.0 0.0 0.0 0.0 0.0 1.0 1.0 0.0 0.0 0.0 0.0 1.0 0.0 0.0 48.0 122.0 0.54 0.06 0.02 0.02 0.0 0.0 0.0 0.0
2.0 1605.0 409.0 0.0 0.0 0.0 0.0 0.0 0.0 0.0 0.0 0.0 0.0 0.0 0.0 1.0 2.0 0.0 0.0 0.0 0.0 1.0 0.0 1.0 58.0 131.0 0.62 0.05 0.02 0.02 0.0 0.0 0.0 0.0
2.0 1201.0 338.0 0.0 0.0 0.0 0.0 0.0 0.0 0.0 0.0 0.0 0.0 0.0 0.0 1.0 1.0 0.0 0.0 0.0 0.0 1.0 0.0 0.0 68.0 140.0 0.66 0.04 0.01 0.01 0.0 0.0 0.0 0.0
2.0 1201.0 372.0 0.0 0.0 0.0 0.0 0.0 0.0 0.0 0.0 0.0 0.0 0.0 0.0 1.0 2.0 0.0 0.0 0.0 0.0 1.0 0.0 1.0 78.0 150.0 0.71 0.04 0.01 0.01 0.0 0.0 0.0 0.0
2.0 2640.0 372.0 0.0 0.0 0.0 0.0 0.0 0.0 0.0 0.0 0.0 0.0 0.0 0.0 1.0 2.0 0.0 0.0 0.0 0.0 1.0 0.0 1.0 88.0 151.0 0.74 0.03 0.01 0.01 0.0 0.0 0.0 0.0
0.0 1217.0 338.0 0.0 0.0 0.0 0.0 0.0 0.0 0.0 0.0 0.0 0.0 0.0 0.0 1.0 1.0 0.0 0.0 0.0 0.0 1.0 0.0 0.0 98.0 158.0 0.77 0.03 0.01 0.01 0.0 0.0 0.0 0.0
0.0 2597.0 334.0 0.0 0.0 0.0 0.0 0.0 0.0 0.0 0.0 0.0 0.0 0.0 0.0 1.0 1.0 0.0 0.0 0.0 0.0 1.0 0.0 0.0 108.0 168.0 0.79 0.03 0.01 0.01 0.0 0.0 0.0 0.0
0.0 802.0 341.0 0.0 0.0 0.0 0.0 0.0 0.0 0.0 0.0 0.0 0.0 0.0 0.0 1.0 1.0 0.0 0.0 0.0 0.0 1.0 0.0 0.0 118.0 177.0 0.81 0.03 0.01 0.01 0.0 0.0 0.0 0.0
0.0 671.0 333.0 0.0 0.0 0.0 0.0 0.0 0.0 0.0 0.0 0.0 0.0 0.0 0.0 1.0 1.0 0.0 0.0 0.0 0.0 1.0 0.0 0.0 128.0 181.0 0.81 0.02 0.01 0.01 0.0 0.0 0.0 0.0
8.0 13514.0 1399.0 0.0 0.0 0.0 0.0 0.0 0.0 0.0 0.0 0.0 0.0 0.0 0.0 1.0 2.0 0.0 0.0 0.0 0.0 1.0 0.0 1.0 138.0 190.0 0.83 0.02 0.01 0.01 0.0 0.0 0.0 0.0
21.0 1320.0 335.0 0.0 0.0 0.0 0.0 0.0 0.0 0.0 0.0 0.0 0.0 0.0 0.0 1.0 1.0 0.0 0.0 0.0 0.0 1.0 0.0 0.0 148.0 195.0 0.82 0.02 0.01 0.01 0.0 0.0 0.0 0.0
0.0 748.0 0.0 0.0 0.0 0.0 0.0 0.0 0.0 0.0 9.0 0.0 0.0 0.0 0.0 1.0 1.0 0.0 0.0 0.0 0.0 1.0 0.0 0.0 158.0 44.0 0.12 0.02 0.12 0.05 0.0 0.0 0.0 0.0
20.0 915.0 338.0 0.0 0.0 0.0 0.0 0.0 0.0 0.0 0.0 0.0 0.0 0.0 0.0 1.0 2.0 0.0 0.0 0.0 0.0 1.0 0.0 1.0 168.0 203.0 0.8 0.02 0.01 0.01 0.0 0.0 0.0 0.0
1.0 1163.0 395.0 0.0 0.0 0.0 0.0 0.0 0.0 0.0 0.0 0.0 0.0 0.0 0.0 1.0 1.0 0.0 0.0 0.0 0.0 1.0 0.0 0.0 10.0 211.0 0.8 0.2 0.1 0.01 0.0 0.0 0.0 0.0
1.0 16661.0 390.0 0.0 0.0 0.0 0.0 0.0 0.0 0.0 0.0 0.0 0.0 0.0 0.0 1.0 3.0 0.0 0.0 0.0 0.0 1.0 0.0 1.0 20.0 210.0 0.85 0.15 0.1 0.01 0.0 0.0 0.0 0.0
1.0 1262.0 390.0 0.0 0.0 0.0 0.0 0.0 0.0 0.0 0.0 0.0 0.0 0.0 0.0 1.0 1.0 0.0 0.0 0.0 0.0 1.0 0.0 0.0 30.0 211.0 0.9 0.1 0.03 0.01 0.0 0.0 0.0 0.0
1.0 1164.0 394.0 0.0 0.0 0.0 0.0 0.0 0.0 0.0 0.0 0.0 0.0 0.0 0.0 1.0 1.0 0.0 0.0 0.0 0.0 1.0 0.0 0.0 40.0 212.0 0.93 0.08 0.03 0.01 0.0 0.0 0.0 0.0
0.0 886.0 392.0 0.0 0.0 0.0 0.0 0.0 0.0 0.0 0.0 0.0 0.0 0.0 0.0 1.0 3.0 0.0 0.0 0.0 0.0 1.0 0.0 1.0 50.0 214.0 0.92 0.08 0.02 0.01 0.0 0.0 0.0 0.0
0.0 12.0 0.0 0.0 0.0 0.0 0.0 0.0 0.0 0.0 0.0 0.0 0.0 0.0 0.0 2.0 2.0 0.0 0.0 0.0 0.0 1.0 0.0 0.0 60.0 28.0 0.07 0.07 0.07 0.07 0.0 0.0 0.0 0.0
1.0 2792.0 441.0 0.0 0.0 0.0 0.0 0.0 0.0 0.0 0.0 0.0 0.0 0.0 0.0 1.0 3.0 0.0 0.0 0.0 0.0 1.0 0.0 1.0 70.0 212.0 0.87 0.06 0.01 0.01 0.0 0.0 0.0 0.0
0.0 754.0 390.0 0.0 0.0 0.0 0.0 0.0 0.0 0.0 0.0 0.0 0.0 0.0 0.0 1.0 1.0 0.0 0.0 0.0 0.0 1.0 0.0 0.0 80.0 213.0 0.89 0.05 0.01 0.01 0.0 0.0 0.0 0.0
0.0 1886.0 395.0 0.0 0.0 0.0 0.0 0.0 0.0 0.0 0.0 0.0 0.0 0.0 0.0 1.0 1.0 0.0 0.0 0.0 0.0 1.0 0.0 0.0 90.0 213.0 0.9 0.04 0.01 0.01 0.0 0.0 0.0 0.0
3.0 12661.0 1815.0 0.0 0.0 0.0 0.0 0.0 0.0 0.0 0.0 0.0 0.0 0.0 0.0 1.0 1.0 0.0 0.0 0.0 0.0 1.0 0.0 0.0 100.0 212.0 0.85 0.04 0.01 0.01 0.0 0.0 0.0 0.0
1.0 1549.0 328.0 0.0 0.0 0.0 0.0 0.0 0.0 0.0 0.0 0.0 0.0 0.0 0.0 1.0 1.0 0.0 0.0 0.0 0.0 1.0 0.0 0.0 5.0 222.0 1.0 0.0 0.2 0.01 0.0 0.0 0.0 0.0
2.0 12583.0 1360.0 0.0 0.0 0.0 0.0 0.0 0.0 0.0 0.0 0.0 0.0 0.0 0.0 1.0 2.0 0.0 0.0 0.0 0.0 1.0 0.0 1.0 15.0 225.0 0.93 0.13 0.07 0.01 0.0 0.0 0.0 0.0
0.0 95.0 0.0 0.0 0.0 0.0 0.0 0.0 0.0 0.0 0.0 0.0 0.0 0.0 0.0 1.0 1.0 0.0 0.0 0.0 0.0 1.0 0.0 0.0 25.0 25.0 0.28 0.12 0.28 0.12 0.0 0.0 0.0 0.0
0.0 966.0 325.0 0.0 0.0 0.0 0.0 0.0 0.0 0.0 0.0 0.0 0.0 0.0 0.0 1.0 1.0 0.0 0.0 0.0 0.0 1.0 0.0 0.0 35.0 214.0 0.57 0.09 0.03 0.01 0.03 0.0 0.0 0.0
5.0 2367.0 328.0 0.0 0.0 0.0 0.0 0.0 0.0 0.0 0.0 0.0 0.0 0.0 0.0 1.0 1.0 0.0 0.0 0.0 0.0 1.0 0.0 0.0 45.0 209.0 0.53 0.07 0.02 0.01 0.02 0.0 0.0 0.0
0.0 1342.0 0.0 0.0 0.0 0.0 0.0 0.0 0.0 0.0 0.0 0.0 0.0 0.0 0.0 5.0 5.0 0.0 0.0 0.0 0.0 1.0 0.0 0.0 55.0 48.0 0.55 0.05 0.55 0.06 0.02 0.02 0.0 0.0
0.0 5929.0 0.0 0.0 0.0 0.0 0.0 0.0 0.0 0.0 0.0 0.0 0.0 0.0 0.0 14.0 14.0 0.0 0.0 0.0 0.0 1.0 0.0 0.0 65.0 58.0 0.62 0.05 0.62 0.05 0.02 0.02 0.0 0.0
0.0 12.0 0.0 0.0 0.0 0.0 0.0 0.0 0.0 0.0 0.0 0.0 0.0 0.0 0.0 1.0 2.0 0.0 0.0 0.0 0.0 1.0 0.0 1.0 75.0 65.0 0.63 0.04 0.63 0.05 0.01 0.02 0.0 0.0
2.0 2592.0 334.0 0.0 0.0 0.0 0.0 0.0 0.0 0.0 0.0 0.0 0.0 0.0 0.0 1.0 3.0 0.0 0.0 0.0 0.0 1.0 0.0 1.0 85.0 181.0 0.42 0.04 0.01 0.02 0.01 0.0 0.0 0.0
0.0 1188.0 327.0 0.0 0.0 0.0 0.0 0.0 0.0 0.0 0.0 0.0 0.0 0.0 0.0 1.0 1.0 0.0 0.0 0.0 0.0 1.0 0.0 0.0 95.0 180.0 0.47 0.03 0.01 0.02 0.01 0.0 0.0 0.0
0.0 6932.0 0.0 0.0 0.0 0.0 0.0 0.0 0.0 0.0 0.0 0.0 0.0 0.0 0.0 2.0 2.0 0.0 0.0 0.0 0.0 1.0 0.0 0.0 105.0 74.0 0.53 0.03 0.53 0.04 0.01 0.01 0.0 0.0
0.0 748.0 0.0 0.0 0.0 0.0 0.0 0.0 0.0 0.0 9.0 0.0 0.0 0.0 0.0 1.0 1.0 0.0 0.0 0.0 0.0 1.0 0.0 0.0 115.0 82.0 0.56 0.03 0.56 0.04 0.01 0.01 0.0 0.0
0.0 1622.0 330.0 0.0 0.0 0.0 0.0 0.0 0.0 0.0 0.0 0.0 0.0 0.0 0.0 1.0 2.0 0.0 0.0 0.0 0.0 1.0 0.0 1.0 125.0 162.0 0.44 0.02 0.01 0.02 0.01 0.0 0.0 0.0
2.0 3717.0 364.0 0.0 0.0 0.0 0.0 0.0 0.0 0.0 0.0 0.0 0.0 0.0 0.0 1.0 2.0 0.0 0.0 0.0 0.0 1.0 0.0 1.0 135.0 162.0 0.47 0.02 0.01 0.02 0.01 0.0 0.0 0.0
0.0 1376.0 0.0 0.0 0.0 0.0 0.0 0.0 0.0 0.0 0.0 0.0 0.0 0.0 0.0 2.0 2.0 0.0 0.0 0.0 0.0 1.0 0.0 0.0 145.0 88.0 0.52 0.02 0.52 0.02 0.01 0.01 0.0 0.0
0.0 5336.0 0.0 0.0 0.0 0.0 0.0 0.0 0.0 0.0 0.0 0.0 0.0 0.0 0.0 12.0 12.0 0.0 0.0 0.0 0.0 1.0 0.0 0.0 155.0 98.0 0.55 0.02 0.55 0.02 0.01 0.01 0.0 0.0
0.0 2647.0 327.0 0.0 0.0 0.0 0.0 0.0 0.0 0.0 0.0 0.0 0.0 0.0 0.0 1.0 2.0 0.0 0.0 0.0 0.0 1.0 0.0 1.0 165.0 148.0 0.42 0.02 0.01 0.01 0.01 0.0 0.0 0.0
0.0 2032.0 369.0 0.0 0.0 0.0 0.0 0.0 0.0 0.0 0.0 0.0 0.0 0.0 0.0 1.0 4.0 0.0 0.0 0.0 0.0 1.0 0.0 1.0 175.0 147.0 0.45 0.02 0.01 0.01 0.01 0.0 0.0 0.0
11.0 13354.0 1360.0 0.0 0.0 0.0 0.0 0.0 0.0 0.0 0.0 0.0 0.0 0.0 0.0 1.0 2.0 0.0 0.0 0.0 0.0 1.0 0.0 1.0 185.0 146.0 0.48 0.02 0.01 0.01 0.01 0.0 0.0 0.0
12.0 1590.0 396.0 0.0 0.0 0.0 0.0 0.0 0.0 0.0 0.0 0.0 0.0 0.0 0.0 1.0 1.0 0.0 0.0 0.0 0.0 1.0 0.0 0.0 1.0 144.0 1.0 0.0 1.0 0.02 0.0 0.0 0.0 0.0
23.0 284.0 904.0 0.0 0.0 5.0 0.0 0.0 0.0 0.0 0.0 0.0 0.0 0.0 0.0 1.0 1.0 0.0 0.0 0.0 0.0 1.0 0.0 0.0 11.0 5.0 0.45 0.27 0.09 0.0 0.0 0.0 0.0 0.0
5.0 16662.0 324.0 0.0 0.0 0.0 0.0 0.0 0.0 0.0 0.0 0.0 0.0 0.0 0.0 1.0 3.0 0.0 0.0 0.0 0.0 1.0 0.0 1.0 21.0 143.0 0.67 0.14 0.05 0.02 0.0 0.0 0.0 0.0
26.0 295.0 903.0 0.0 0.0 5.0 0.0 0.0 0.0 0.0 0.0 0.0 0.0 0.0 0.0 1.0 1.0 0.0 0.0 0.0 0.0 1.0 0.0 0.0 31.0 11.0 0.35 0.1 0.03 0.0 0.0 0.0 0.0 0.0
0.0 203.0 0.0 0.0 0.0 0.0 0.0 0.0 0.0 0.0 0.0 0.0 0.0 0.0 0.0 1.0 1.0 0.0 0.0 0.0 0.0 1.0 0.0 0.0 41.0 102.0 0.1 0.1 0.1 0.03 0.0 0.01 0.0 0.0
1.0 6093.0 330.0 0.0 0.0 0.0 0.0 0.0 0.0 0.0 0.0 0.0 0.0 0.0 0.0 1.0 3.0 0.0 0.0 0.0 0.0 1.0 0.0 1.0 51.0 129.0 0.53 0.08 0.02 0.02 0.0 0.0 0.0 0.0
0.0 383.0 0.0 0.0 0.0 0.0 0.0 0.0 0.0 0.0 0.0 0.0 0.0 0.0 0.0 2.0 2.0 0.0 0.0 0.0 0.0 1.0 0.0 0.0 61.0 101.0 0.15 0.07 0.15 0.02 0.0 0.01 0.0 0.0
0.0 879.0 0.0 0.0 0.0 0.0 0.0 0.0 0.0 0.0 0.0 0.0 0.0 0.0 0.0 7.0 7.0 0.0 0.0 0.0 0.0 1.0 0.0 0.0 71.0 111.0 0.27 0.06 0.27 0.02 0.0 0.01 0.0 0.0
0.0 10073.0 0.0 0.0 0.0 0.0 0.0 0.0 0.0 0.0 0.0 0.0 0.0 0.0 0.0 17.0 17.0 0.0 0.0 0.0 0.0 1.0 0.0 0.0 81.0 119.0 0.36 0.05 0.36 0.02 0.0 0.01 0.0 0.0
24.0 238.0 777.0 0.0 0.0 4.0 0.0 0.0 0.0 0.0 0.0 0.0 0.0 0.0 0.0 1.0 1.0 0.0 0.0 0.0 0.0 1.0 0.0 0.0 91.0 21.0 0.23 0.04 0.01 0.0 0.0 0.0 0.0 0.0
36.0 1064.0 3081.0 0.0 0.0 22.0 0.0 0.0 0.0 0.0 0.0 0.0 0.0 0.0 0.0 1.0 1.0 0.0 0.0 0.0 0.0 1.0 0.0 0.0 101.0 28.0 0.28 0.04 0.01 0.0 0.0 0.0 0.0 0.0
0.0 39698.0 0.0 0.0 0.0 0.0 0.0 0.0 0.0 0.0 0.0 0.0 0.0 0.0 0.0 1.0 1.0 0.0 0.0 0.0 0.0 1.0 0.0 0.0 111.0 109.0 0.38 0.04 0.38 0.02 0.0 0.0 0.0 0.0
1.0 1622.0 328.0 0.0 0.0 0.0 0.0 0.0 0.0 0.0 0.0 0.0 0.0 0.0 0.0 1.0 2.0 0.0 0.0 0.0 0.0 1.0 0.0 1.0 121.0 115.0 0.36 0.03 0.01 0.02 0.0 0.0 0.0 0.0
26.0 284.0 903.0 0.0 0.0 5.0 0.0 0.0 0.0 0.0 0.0 0.0 0.0 0.0 0.0 1.0 1.0 0.0 0.0 0.0 0.0 1.0 0.0 0.0 131.0 37.0 0.28 0.03 0.01 0.0 0.0 0.0 0.0 0.0
0.0 12286.0 0.0 0.0 0.0 0.0 0.0 0.0 0.0 0.0 0.0 0.0 0.0 0.0 0.0 3.0 3.0 0.0 0.0 0.0 0.0 1.0 0.0 0.0 141.0 99.0 0.39 0.03 0.39 0.02 0.0 0.0 0.0 0.0
0.0 59.0 0.0 0.0 0.0 0.0 0.0 0.0 0.0 0.0 0.0 0.0 0.0 0.0 0.0 12.0 12.0 0.0 0.0 0.0 0.0 1.0 0.0 0.0 151.0 109.0 0.43 0.03 0.43 0.02 0.0 0.0 0.0 0.0
1.0 2913.0 334.0 0.0 0.0 0.0 0.0 0.0 0.0 0.0 0.0 0.0 0.0 0.0 0.0 1.0 3.0 0.0 0.0 0.0 0.0 1.0 0.0 1.0 161.0 99.0 0.31 0.02 0.01 0.02 0.0 0.0 0.0 0.0
3.0 1122.0 324.0 0.0 0.0 0.0 0.0 0.0 0.0 0.0 0.0 0.0 0.0 0.0 0.0 1.0 3.0 0.0 0.0 0.0 0.0 1.0 0.0 1.0 171.0 100.0 0.31 0.02 0.01 0.02 0.0 0.0 0.0 0.0
30.0 883.0 2586.0 0.0 0.0 17.0 0.0 0.0 0.0 0.0 0.0 0.0 0.0 0.0 0.0 1.0 1.0 0.0 0.0 0.0 0.0 1.0 0.0 0.0 181.0 46.0 0.25 0.02 0.01 0.0 0.0 0.0 0.0 0.0
2.0 1960.0 400.0 0.0 0.0 0.0 0.0 0.0 0.0 0.0 0.0 0.0 0.0 0.0 0.0 1.0 2.0 0.0 0.0 0.0 0.0 1.0 0.0 1.0 191.0 94.0 0.31 0.02 0.01 0.02 0.0 0.0 0.0 0.0
10.0 763.0 327.0 0.0 0.0 0.0 0.0 0.0 0.0 0.0 0.0 0.0 0.0 0.0 0.0 1.0 1.0 0.0 0.0 0.0 0.0 1.0 0.0 0.0 201.0 97.0 0.34 0.02 0.0 0.02 0.0 0.0 0.0 0.0
0.0 6.0 137.0 0.0 0.0 0.0 0.0 0.0 0.0 0.0 0.0 0.0 0.0 0.0 0.0 1.0 1.0 0.0 0.0 0.0 0.0 1.0 0.0 0.0 8.0 7.0 0.25 0.25 0.12 0.43 0.0 0.0 0.0 0.0
0.0 572.0 332.0 0.0 0.0 0.0 0.0 0.0 0.0 0.0 0.0 0.0 0.0 0.0 0.0 1.0 1.0 0.0 0.0 0.0 0.0 1.0 0.0 0.0 18.0 115.0 0.89 0.11 0.06 0.03 0.0 0.0 0.0 0.0
0.0 1340.0 328.0 0.0 0.0 0.0 0.0 0.0 0.0 0.0 0.0 0.0 0.0 0.0 0.0 1.0 2.0 0.0 0.0 0.0 0.0 1.0 0.0 1.0 28.0 117.0 0.93 0.07 0.04 0.03 0.0 0.0 0.0 0.0
0.0 734.0 332.0 0.0 0.0 0.0 0.0 0.0 0.0 0.0 0.0 0.0 0.0 0.0 0.0 1.0 1.0 0.0 0.0 0.0 0.0 1.0 0.0 0.0 38.0 117.0 0.95 0.05 0.03 0.03 0.0 0.0 0.0 0.0
5.0 6531.0 326.0 0.0 0.0 0.0 0.0 0.0 0.0 0.0 0.0 0.0 0.0 0.0 0.0 1.0 1.0 0.0 0.0 0.0 0.0 1.0 0.0 0.0 48.0 119.0 0.96 0.04 0.02 0.03 0.0 0.0 0.0 0.0
0.0 383.0 0.0 0.0 0.0 0.0 0.0 0.0 0.0 0.0 0.0 0.0 0.0 0.0 0.0 2.0 2.0 0.0 0.0 0.0 0.0 1.0 0.0 0.0 58.0 83.0 0.05 0.05 0.05 0.02 0.0 0.0 0.0 0.0
0.0 12165.0 0.0 0.0 0.0 0.0 0.0 0.0 0.0 0.0 0.0 0.0 0.0 0.0 0.0 4.0 4.0 0.0 0.0 0.0 0.0 1.0 0.0 0.0 68.0 90.0 0.15 0.04 0.15 0.02 0.0 0.0 0.0 0.0
0.0 641.0 0.0 0.0 0.0 0.0 0.0 0.0 0.0 0.0 0.0 0.0 0.0 0.0 0.0 2.0 2.0 0.0 0.0 0.0 0.0 1.0 0.0 0.0 78.0 99.0 0.24 0.04 0.24 0.02 0.0 0.0 0.0 0.0
0.0 8737.0 0.0 0.0 0.0 0.0 0.0 0.0 0.0 0.0 0.0 0.0 0.0 0.0 0.0 9.0 11.0 0.0 0.0 0.0 0.0 1.0 0.0 0.18 88.0 109.0 0.33 0.03 0.33 0.02 0.0 0.0 0.0 0.0
0.0 1982.0 331.0 0.0 0.0 0.0 0.0 0.0 0.0 0.0 0.0 0.0 0.0 0.0 0.0 1.0 1.0 0.0 0.0 0.0 0.0 1.0 0.0 0.0 98.0 107.0 0.61 0.03 0.01 0.02 0.0 0.0 0.0 0.0
0.0 748.0 0.0 0.0 0.0 0.0 0.0 0.0 0.0 0.0 9.0 0.0 0.0 0.0 0.0 1.0 1.0 0.0 0.0 0.0 0.0 1.0 0.0 0.0 108.0 115.0 0.38 0.03 0.38 0.02 0.0 0.0 0.0 0.0
0.0 1281.0 329.0 0.0 0.0 0.0 0.0 0.0 0.0 0.0 0.0 0.0 0.0 0.0 0.0 1.0 1.0 0.0 0.0 0.0 0.0 1.0 0.0 0.0 118.0 108.0 0.59 0.03 0.01 0.02 0.0 0.0 0.0 0.0
0.0 11.0 141.0 0.0 0.0 0.0 0.0 0.0 0.0 0.0 0.0 0.0 0.0 0.0 0.0 1.0 1.0 0.0 0.0 0.0 0.0 1.0 0.0 0.0 128.0 3.0 0.02 0.02 0.01 0.0 0.0 0.0 0.0 0.0
1.0 1175.0 329.0 0.0 0.0 0.0 0.0 0.0 0.0 0.0 0.0 0.0 0.0 0.0 0.0 1.0 2.0 0.0 0.0 0.0 0.0 1.0 0.0 1.0 138.0 121.0 0.6 0.02 0.01 0.02 0.0 0.0 0.0 0.0
2.0 1043.0 366.0 0.0 0.0 0.0 0.0 0.0 0.0 0.0 0.0 0.0 0.0 0.0 0.0 1.0 3.0 0.0 0.0 0.0 0.0 1.0 0.0 1.0 148.0 127.0 0.63 0.02 0.01 0.02 0.0 0.0 0.0 0.0
1.0 3019.0 367.0 0.0 0.0 0.0 0.0 0.0 0.0 0.0 0.0 0.0 0.0 0.0 0.0 1.0 2.0 0.0 0.0 0.0 0.0 1.0 0.0 1.0 158.0 133.0 0.64 0.02 0.01 0.02 0.0 0.0 0.0 0.0
0.0 748.0 0.0 0.0 0.0 0.0 0.0 0.0 0.0 0.0 9.0 0.0 0.0 0.0 0.0 1.0 1.0 0.0 0.0 0.0 0.0 1.0 0.0 0.0 168.0 89.0 0.32 0.02 0.32 0.02 0.0 0.0 0.0 0.0
0.0 967.0 330.0 0.0 0.0 0.0 0.0 0.0 0.0 0.0 0.0 0.0 0.0 0.0 0.0 1.0 1.0 0.0 0.0 0.0 0.0 1.0 0.0 0.0 178.0 140.0 0.65 0.02 0.01 0.01 0.0 0.0 0.0 0.0
2.0 1121.0 331.0 0.0 0.0 0.0 0.0 0.0 0.0 0.0 0.0 0.0 0.0 0.0 0.0 1.0 1.0 0.0 0.0 0.0 0.0 1.0 0.0 0.0 188.0 148.0 0.66 0.02 0.01 0.01 0.0 0.0 0.0 0.0
0.0 606.0 328.0 0.0 0.0 0.0 0.0 0.0 0.0 0.0 0.0 0.0 0.0 0.0 0.0 1.0 1.0 0.0 0.0 0.0 0.0 1.0 0.0 0.0 198.0 158.0 0.68 0.02 0.01 0.01 0.0 0.0 0.0 0.0
0.0 13239.0 0.0 0.0 0.0 0.0 0.0 0.0 0.0 0.0 0.0 0.0 0.0 0.0 0.0 4.0 4.0 0.0 0.0 0.0 0.0 1.0 0.0 0.0 208.0 81.0 0.32 0.02 0.32 0.02 0.0 0.0 0.0 0.0
0.0 10.0 139.0 0.0 0.0 0.0 0.0 0.0 0.0 0.0 0.0 0.0 0.0 0.0 0.0 1.0 1.0 0.0 0.0 0.0 0.0 1.0 0.0 0.0 218.0 6.0 0.03 0.02 0.0 0.0 0.0 0.0 0.0 0.0
2.0 1423.0 332.0 0.0 0.0 0.0 0.0 0.0 0.0 0.0 0.0 0.0 0.0 0.0 0.0 1.0 1.0 0.0 0.0 0.0 0.0 1.0 0.0 0.0 8.0 158.0 0.88 0.25 0.12 0.02 0.0 0.0 0.0 0.0
2.0 7771.0 333.0 0.0 0.0 0.0 0.0 0.0 0.0 0.0 0.0 0.0 0.0 0.0 0.0 1.0 2.0 0.0 0.0 0.0 0.0 1.0 0.0 1.0 18.0 167.0 0.94 0.11 0.06 0.02 0.0 0.0 0.0 0.0
0.0 1698.0 333.0 0.0 0.0 0.0 0.0 0.0 0.0 0.0 0.0 0.0 0.0 0.0 0.0 1.0 1.0 0.0 0.0 0.0 0.0 1.0 0.0 0.0 28.0 169.0 0.89 0.07 0.04 0.02 0.0 0.0 0.0 0.0
2.0 738.0 335.0 0.0 0.0 0.0 0.0 0.0 0.0 0.0 0.0 0.0 0.0 0.0 0.0 1.0 3.0 0.0 0.0 0.0 0.0 1.0 0.0 1.0 38.0 169.0 0.92 0.05 0.03 0.01 0.0 0.0 0.0 0.0
1.0 1208.0 365.0 0.0 0.0 0.0 0.0 0.0 0.0 0.0 0.0 0.0 0.0 0.0 0.0 1.0 1.0 0.0 0.0 0.0 0.0 1.0 0.0 0.0 48.0 171.0 0.94 0.04 0.02 0.01 0.0 0.0 0.0 0.0
0.0 1600.0 332.0 0.0 0.0 0.0 0.0 0.0 0.0 0.0 0.0 0.0 0.0 0.0 0.0 1.0 1.0 0.0 0.0 0.0 0.0 1.0 0.0 0.0 58.0 171.0 0.95 0.03 0.02 0.01 0.0 0.0 0.0 0.0
0.0 20.0 0.0 0.0 0.0 0.0 0.0 0.0 0.0 0.0 0.0 0.0 0.0 0.0 0.0 1.0 1.0 0.0 0.0 0.0 0.0 1.0 0.0 0.0 68.0 80.0 0.06 0.04 0.06 0.03 0.0 0.0 0.0 0.0
1.0 1124.0 333.0 0.0 0.0 0.0 0.0 0.0 0.0 0.0 0.0 0.0 0.0 0.0 0.0 1.0 2.0 0.0 0.0 0.0 0.0 1.0 0.0 1.0 78.0 166.0 0.9 0.04 0.01 0.01 0.0 0.0 0.0 0.0
0.0 983.0 328.0 0.0 0.0 0.0 0.0 0.0 0.0 0.0 0.0 0.0 0.0 0.0 0.0 1.0 1.0 0.0 0.0 0.0 0.0 1.0 0.0 0.0 88.0 162.0 0.86 0.03 0.01 0.01 0.0 0.0 0.0 0.0
21.0 12655.0 1372.0 0.0 0.0 0.0 0.0 0.0 0.0 0.0 0.0 0.0 0.0 0.0 0.0 1.0 1.0 0.0 0.0 0.0 0.0 1.0 0.0 0.0 98.0 169.0 0.88 0.03 0.01 0.01 0.0 0.0 0.0 0.0
0.0 383.0 0.0 0.0 0.0 0.0 0.0 0.0 0.0 0.0 0.0 0.0 0.0 0.0 0.0 2.0 3.0 0.0 0.0 0.0 0.0 1.0 0.0 0.67 6.0 73.0 0.5 0.33 0.5 0.04 0.0 0.0 0.0 0.0
0.0 61298.0 0.0 0.0 0.0 0.0 0.0 0.0 0.0 0.0 0.0 0.0 0.0 0.0 0.0 7.0 7.0 0.0 0.0 0.0 0.0 1.0 0.0 0.0 16.0 73.0 0.81 0.12 0.81 0.04 0.0 0.0 0.0 0.0
1.0 1326.0 331.0 0.0 0.0 0.0 0.0 0.0 0.0 0.0 0.0 0.0 0.0 1.0 0.0 1.0 2.0 0.0 0.0 0.0 0.0 1.0 0.0 1.0 26.0 178.0 0.31 0.08 0.04 0.02 0.0 0.0 0.0 0.0
0.0 3690.0 0.0 0.0 0.0 0.0 0.0 0.0 0.0 0.0 0.0 0.0 0.0 0.0 0.0 3.0 3.0 0.0 0.0 0.0 0.0 1.0 0.0 0.0 36.0 75.0 0.75 0.06 0.75 0.04 0.0 0.0 0.0 0.0
0.0 88382.0 0.0 0.0 0.0 0.0 0.0 0.0 0.0 0.0 1.0 0.0 0.0 0.0 0.0 13.0 13.0 0.0 0.0 0.0 0.0 1.0 0.0 0.0 46.0 75.0 0.8 0.04 0.8 0.04 0.0 0.0 0.0 0.0
0.0 59.0 0.0 0.0 0.0 0.0 0.0 0.0 0.0 0.0 0.0 0.0 0.0 0.0 0.0 23.0 23.0 0.0 0.0 0.0 0.0 1.0 0.0 0.0 56.0 85.0 0.84 0.04 0.84 0.04 0.0 0.0 0.0 0.0
2.0 16665.0 329.0 0.0 0.0 0.0 0.0 0.0 0.0 0.0 0.0 0.0 0.0 0.0 0.0 1.0 1.0 0.0 0.0 0.0 0.0 1.0 0.0 0.0 66.0 165.0 0.27 0.03 0.02 0.02 0.0 0.0 0.0 0.0
1.0 1688.0 366.0 0.0 0.0 0.0 0.0 0.0 0.0 0.0 0.0 0.0 0.0 0.0 0.0 1.0 3.0 0.0 0.0 0.0 0.0 1.0 0.0 1.0 76.0 166.0 0.36 0.04 0.01 0.02 0.0 0.0 0.0 0.0
0.0 1328.0 330.0 0.0 0.0 0.0 0.0 0.0 0.0 0.0 0.0 0.0 0.0 0.0 0.0 1.0 1.0 0.0 0.0 0.0 0.0 1.0 0.0 0.0 86.0 163.0 0.38 0.03 0.01 0.02 0.0 0.0 0.0 0.0
0.0 383.0 0.0 0.0 0.0 0.0 0.0 0.0 0.0 0.0 0.0 0.0 0.0 0.0 0.0 2.0 2.0 0.0 0.0 0.0 0.0 1.0 0.0 0.0 96.0 87.0 0.57 0.03 0.57 0.03 0.0 0.0 0.0 0.0
2.0 2142.0 331.0 0.0 0.0 0.0 0.0 0.0 0.0 0.0 0.0 0.0 0.0 0.0 0.0 1.0 1.0 0.0 0.0 0.0 0.0 1.0 0.0 0.0 106.0 164.0 0.44 0.03 0.01 0.02 0.0 0.0 0.0 0.0
0.0 190.0 0.0 0.0 0.0 0.0 0.0 0.0 0.0 0.0 1.0 0.0 0.0 0.0 0.0 2.0 2.0 0.0 0.0 0.0 0.0 1.0 0.0 0.0 116.0 87.0 0.52 0.03 0.52 0.03 0.0 0.0 0.0 0.0
0.0 1766.0 0.0 0.0 0.0 0.0 0.0 0.0 0.0 0.0 0.0 0.0 0.0 0.0 0.0 2.0 2.0 0.0 0.0 0.0 0.0 1.0 0.0 0.0 126.0 96.0 0.55 0.02 0.55 0.03 0.0 0.0 0.0 0.0
0.0 3888.0 0.0 0.0 0.0 0.0 0.0 0.0 0.0 0.0 0.0 0.0 0.0 0.0 0.0 10.0 10.0 0.0 0.0 0.0 0.0 1.0 0.0 0.0 136.0 101.0 0.58 0.02 0.58 0.03 0.0 0.0 0.0 0.0
0.0 4539.0 0.0 0.0 0.0 0.0 0.0 0.0 0.0 0.0 0.0 0.0 0.0 0.0 0.0 20.0 20.0 0.0 0.0 0.0 0.0 1.0 0.0 0.0 146.0 101.0 0.61 0.02 0.61 0.03 0.0 0.0 0.0 0.0
0.0 192.0 0.0 0.0 0.0 0.0 0.0 0.0 0.0 0.0 0.0 0.0 0.0 0.0 0.0 2.0 2.0 0.0 0.0 0.0 0.0 1.0 0.0 0.0 156.0 105.0 0.62 0.02 0.62 0.02 0.0 0.0 0.0 0.0
0.0 7940.0 0.0 0.0 0.0 0.0 0.0 0.0 0.0 0.0 0.0 2.0 0.0 0.0 0.0 8.0 8.0 0.0 0.0 0.0 0.0 1.0 0.0 0.0 166.0 115.0 0.64 0.02 0.64 0.02 0.0 0.0 0.0 0.0
0.0 2603.0 330.0 0.0 0.0 0.0 0.0 0.0 0.0 0.0 0.0 0.0 0.0 0.0 0.0 1.0 1.0 0.0 0.0 0.0 0.0 1.0 0.0 0.0 176.0 131.0 0.36 0.02 0.01 0.02 0.0 0.0 0.0 0.0
0.0 1437.0 337.0 0.0 0.0 0.0 0.0 0.0 0.0 0.0 0.0 0.0 0.0 0.0 0.0 1.0 1.0 0.0 0.0 0.0 0.0 1.0 0.0 0.0 186.0 133.0 0.39 0.02 0.01 0.02 0.0 0.0 0.0 0.0
0.0 1052.0 329.0 0.0 0.0 0.0 0.0 0.0 0.0 0.0 0.0 0.0 0.0 0.0 0.0 1.0 1.0 0.0 0.0 0.0 0.0 1.0 0.0 0.0 196.0 133.0 0.42 0.02 0.01 0.02 0.0 0.0 0.0 0.0
1.0 716.0 329.0 0.0 0.0 0.0 0.0 0.0 0.0 0.0 0.0 0.0 0.0 0.0 0.0 1.0 1.0 0.0 0.0 0.0 0.0 1.0 0.0 0.0 206.0 132.0 0.45 0.01 0.0 0.02 0.0 0.0 0.0 0.0
0.0 1997.0 335.0 0.0 0.0 0.0 0.0 0.0 0.0 0.0 0.0 0.0 0.0 0.0 0.0 1.0 1.0 0.0 0.0 0.0 0.0 1.0 0.0 0.0 216.0 133.0 0.47 0.01 0.0 0.02 0.0 0.0 0.0 0.0
1.0 2305.0 331.0 0.0 0.0 0.0 0.0 0.0 0.0 0.0 0.0 0.0 0.0 0.0 0.0 1.0 3.0 0.0 0.0 0.0 0.0 1.0 0.0 1.0 226.0 137.0 0.5 0.01 0.0 0.01 0.0 0.0 0.0 0.0
0.0 54540.0 8314.0 0.0 0.0 2.0 0.0 1.0 0.0 0.0 0.0 0.0 0.0 0.0 0.0 1.0 2.0 0.0 0.0 0.0 0.5 1.0 0.0 1.0 1.0 1.0 1.0 0.0 1.0 0.0 0.0 0.0 0.0 0.0
0.0 54540.0 8314.0 0.0 0.0 2.0 0.0 1.0 0.0 0.0 0.0 0.0 0.0 0.0 0.0 2.0 3.0 0.0 0.0 0.0 0.33 1.0 0.0 0.67 2.0 2.0 1.0 0.0 0.5 0.0 0.0 0.0 0.0 0.0
0.0 54540.0 8314.0 0.0 0.0 2.0 0.0 1.0 0.0 0.0 0.0 0.0 0.0 0.0 0.0 3.0 4.0 0.0 0.0 0.0 0.25 1.0 0.0 0.5 3.0 3.0 1.0 0.0 0.33 0.0 0.0 0.0 0.0 0.0
0.0 54540.0 8314.0 0.0 0.0 2.0 0.0 1.0 0.0 0.0 0.0 0.0 0.0 0.0 0.0 4.0 4.0 0.0 0.0 0.0 0.0 1.0 0.0 0.0 4.0 4.0 1.0 0.0 0.25 0.0 0.0 0.0 0.0 0.0
0.0 54540.0 8314.0 0.0 0.0 2.0 0.0 1.0 0.0 0.0 0.0 0.0 0.0 0.0 0.0 4.0 4.0 0.0 0.0 0.0 0.0 1.0 0.0 0.0 5.0 5.0 1.0 0.0 0.2 0.0 0.0 0.0 0.0 0.0
0.0 54540.0 8314.0 0.0 0.0 2.0 0.0 1.0 0.0 0.0 0.0 0.0 0.0 0.0 0.0 5.0 5.0 0.0 0.0 0.0 0.0 1.0 0.0 0.0 6.0 6.0 1.0 0.0 0.17 0.0 0.0 0.0 0.0 0.0
0.0 54540.0 8314.0 0.0 0.0 2.0 0.0 1.0 0.0 0.0 0.0 0.0 0.0 0.0 0.0 4.0 4.0 0.0 0.0 0.25 0.25 1.0 0.0 0.0 7.0 7.0 1.0 0.0 0.14 0.0 0.0 0.0 0.14 0.14
0.0 54540.0 8314.0 0.0 0.0 2.0 0.0 1.0 0.0 0.0 0.0 0.0 0.0 0.0 0.0 5.0 5.0 0.0 0.0 0.2 0.2 1.0 0.0 0.0 8.0 8.0 1.0 0.0 0.12 0.0 0.0 0.0 0.12 0.12
0.0 54540.0 8314.0 0.0 0.0 2.0 0.0 1.0 0.0 0.0 0.0 0.0 0.0 0.0 0.0 5.0 5.0 0.0 0.0 0.2 0.2 1.0 0.0 0.0 9.0 9.0 1.0 0.0 0.11 0.0 0.0 0.0 0.11 0.11
0.0 54540.0 8314.0 0.0 0.0 2.0 0.0 1.0 0.0 0.0 0.0 0.0 0.0 0.0 0.0 6.0 6.0 0.0 0.0 0.17 0.17 1.0 0.0 0.0 10.0 10.0 1.0 0.0 0.1 0.0 0.0 0.0 0.1 0.1
0.0 54540.0 8314.0 0.0 0.0 2.0 0.0 1.0 0.0 0.0 0.0 0.0 0.0 0.0 0.0 7.0 7.0 0.0 0.0 0.14 0.14 1.0 0.0 0.0 11.0 11.0 1.0 0.0 0.09 0.0 0.0 0.0 0.09 0.09
0.0 54540.0 8314.0 0.0 0.0 2.0 0.0 1.0 0.0 0.0 0.0 0.0 0.0 0.0 0.0 6.0 6.0 0.0 0.0 0.17 0.17 1.0 0.0 0.0 12.0 12.0 1.0 0.0 0.08 0.0 0.0 0.0 0.08 0.08
0.0 54540.0 8314.0 0.0 0.0 2.0 0.0 1.0 0.0 0.0 0.0 0.0 0.0 0.0 0.0 5.0 5.0 0.0 0.0 0.0 0.0 1.0 0.0 0.0 13.0 13.0 1.0 0.0 0.08 0.0 0.0 0.0 0.08 0.08
0.0 54540.0 8314.0 0.0 0.0 2.0 0.0 1.0 0.0 0.0 0.0 0.0 0.0 0.0 0.0 6.0 6.0 0.0 0.0 0.0 0.0 1.0 0.0 0.0 14.0 14.0 1.0 0.0 0.07 0.0 0.0 0.0 0.07 0.07
0.0 54540.0 8314.0 0.0 0.0 2.0 0.0 1.0 0.0 0.0 0.0 0.0 0.0 0.0 0.0 4.0 4.0 0.0 0.0 0.0 0.0 1.0 0.0 0.0 15.0 15.0 1.0 0.0 0.07 0.0 0.0 0.0 0.07 0.07
0.0 54540.0 8314.0 0.0 0.0 2.0 0.0 1.0 0.0 0.0 0.0 0.0 0.0 0.0 0.0 4.0 4.0 0.0 0.0 0.0 0.0 1.0 0.0 0.0 16.0 16.0 1.0 0.0 0.06 0.0 0.0 0.0 0.06 0.06
0.0 54540.0 8314.0 0.0 0.0 2.0 0.0 1.0 0.0 0.0 0.0 0.0 0.0 0.0 0.0 5.0 5.0 0.0 0.0 0.0 0.0 1.0 0.0 0.0 17.0 17.0 1.0 0.0 0.06 0.0 0.0 0.0 0.06 0.06
0.0 54540.0 8314.0 0.0 0.0 2.0 0.0 1.0 0.0 0.0 0.0 0.0 0.0 0.0 0.0 4.0 4.0 0.0 0.0 0.0 0.0 1.0 0.0 0.0 18.0 18.0 1.0 0.0 0.06 0.0 0.0 0.0 0.06 0.06
0.0 54060.0 7300.0 0.0 0.0 1.0 0.0 0.0 0.0 0.0 0.0 0.0 0.0 0.0 0.0 4.0 4.0 0.0 0.0 0.25 0.25 1.0 0.0 0.0 19.0 19.0 1.0 0.0 0.05 0.0 0.0 0.0 0.11 0.11
0.0 54540.0 8314.0 0.0 0.0 2.0 0.0 1.0 0.0 0.0 0.0 0.0 0.0 0.0 0.0 5.0 5.0 0.0 0.0 0.2 0.2 1.0 0.0 0.0 20.0 20.0 1.0 0.0 0.05 0.0 0.0 0.0 0.1 0.1
0.0 54540.0 8314.0 0.0 0.0 2.0 0.0 1.0 0.0 0.0 0.0 0.0 0.0 0.0 0.0 4.0 4.0 0.0 0.0 0.25 0.25 1.0 0.0 0.0 21.0 21.0 1.0 0.0 0.05 0.0 0.0 0.0 0.1 0.1
0.0 54540.0 8314.0 0.0 0.0 2.0 0.0 1.0 0.0 0.0 0.0 0.0 0.0 0.0 0.0 4.0 4.0 0.0 0.0 0.25 0.25 1.0 0.0 0.0 22.0 22.0 1.0 0.0 0.05 0.0 0.0 0.0 0.09 0.09
0.0 54540.0 8314.0 0.0 0.0 2.0 0.0 1.0 0.0 0.0 0.0 0.0 0.0 0.0 0.0 5.0 5.0 0.0 0.0 0.2 0.2 1.0 0.0 0.0 23.0 23.0 1.0 0.0 0.04 0.0 0.0 0.0 0.09 0.09
0.0 54540.0 8314.0 0.0 0.0 2.0 0.0 1.0 0.0 0.0 0.0 0.0 0.0 0.0 0.0 4.0 4.0 0.0 0.0 0.0 0.0 1.0 0.0 0.0 24.0 24.0 1.0 0.0 0.04 0.0 0.0 0.0 0.08 0.08
0.0 54540.0 8314.0 0.0 0.0 2.0 0.0 1.0 0.0 0.0 0.0 0.0 0.0 0.0 0.0 4.0 4.0 0.0 0.0 0.0 0.0 1.0 0.0 0.0 25.0 25.0 1.0 0.0 0.04 0.0 0.0 0.0 0.08 0.08
0.0 54540.0 8314.0 0.0 0.0 2.0 0.0 1.0 0.0 0.0 0.0 0.0 0.0 0.0 0.0 5.0 5.0 0.0 0.0 0.0 0.0 1.0 0.0 0.0 26.0 26.0 1.0 0.0 0.04 0.0 0.0 0.0 0.08 0.08
0.0 54540.0 8314.0 0.0 0.0 2.0 0.0 1.0 0.0 0.0 0.0 0.0 0.0 0.0 0.0 4.0 4.0 0.0 0.0 0.0 0.0 1.0 0.0 0.0 27.0 27.0 1.0 0.0 0.04 0.0 0.0 0.0 0.07 0.07
0.0 54540.0 8314.0 0.0 0.0 2.0 0.0 1.0 0.0 0.0 0.0 0.0 0.0 0.0 0.0 4.0 4.0 0.0 0.0 0.0 0.0 1.0 0.0 0.0 28.0 28.0 1.0 0.0 0.04 0.0 0.0 0.0 0.07 0.07
0.0 54540.0 8314.0 0.0 0.0 2.0 0.0 1.0 0.0 0.0 0.0 0.0 0.0 0.0 0.0 5.0 5.0 0.0 0.0 0.0 0.0 1.0 0.0 0.0 29.0 29.0 1.0 0.0 0.03 0.0 0.0 0.0 0.07 0.07
0.0 54540.0 8314.0 0.0 0.0 2.0 0.0 1.0 0.0 0.0 0.0 0.0 0.0 0.0 0.0 4.0 4.0 0.0 0.0 0.0 0.0 1.0 0.0 0.0 30.0 30.0 1.0 0.0 0.03 0.0 0.0 0.0 0.07 0.07
0.0 54540.0 8314.0 0.0 0.0 2.0 0.0 1.0 0.0 0.0 0.0 0.0 0.0 0.0 0.0 5.0 5.0 0.0 0.0 0.0 0.0 1.0 0.0 0.0 31.0 31.0 1.0 0.0 0.03 0.0 0.0 0.0 0.06 0.06
0.0 54540.0 8314.0 0.0 0.0 2.0 0.0 1.0 0.0 0.0 0.0 0.0 0.0 0.0 0.0 5.0 5.0 0.0 0.0 0.0 0.0 1.0 0.0 0.0 32.0 32.0 1.0 0.0 0.03 0.0 0.0 0.0 0.06 0.06
0.0 54540.0 8314.0 0.0 0.0 2.0 0.0 1.0 0.0 0.0 0.0 0.0 0.0 0.0 0.0 4.0 4.0 0.0 0.0 0.0 0.0 1.0 0.0 0.0 33.0 33.0 1.0 0.0 0.03 0.0 0.0 0.0 0.06 0.06
0.0 54540.0 8314.0 0.0 0.0 2.0 0.0 1.0 0.0 0.0 0.0 0.0 0.0 0.0 0.0 3.0 3.0 0.0 0.0 0.0 0.0 1.0 0.0 0.0 34.0 34.0 1.0 0.0 0.03 0.0 0.0 0.0 0.06 0.06
0.0 54540.0 8314.0 0.0 0.0 2.0 0.0 1.0 0.0 0.0 0.0 0.0 0.0 0.0 0.0 4.0 4.0 0.0 0.0 0.0 0.0 1.0 0.0 0.0 35.0 35.0 1.0 0.0 0.03 0.0 0.0 0.0 0.06 0.06
0.0 54540.0 8314.0 0.0 0.0 2.0 0.0 1.0 0.0 0.0 0.0 0.0 0.0 0.0 0.0 4.0 4.0 0.0 0.0 0.0 0.0 1.0 0.0 0.0 36.0 36.0 1.0 0.0 0.03 0.0 0.0 0.0 0.06 0.06
0.0 54540.0 8314.0 0.0 0.0 2.0 0.0 1.0 0.0 0.0 0.0 0.0 0.0 0.0 0.0 5.0 5.0 0.0 0.0 0.0 0.0 1.0 0.0 0.0 37.0 37.0 1.0 0.0 0.03 0.0 0.0 0.0 0.05 0.05
0.0 54540.0 8314.0 0.0 0.0 2.0 0.0 1.0 0.0 0.0 0.0 0.0 0.0 0.0 0.0 5.0 5.0 0.0 0.0 0.0 0.0 1.0 0.0 0.0 38.0 38.0 1.0 0.0 0.03 0.0 0.0 0.0 0.05 0.05
0.0 54540.0 8314.0 0.0 0.0 2.0 0.0 1.0 0.0 0.0 0.0 0.0 0.0 0.0 0.0 6.0 6.0 0.0 0.0 0.0 0.0 1.0 0.0 0.0 39.0 39.0 1.0 0.0 0.03 0.0 0.0 0.0 0.05 0.05
0.0 54540.0 8314.0 0.0 0.0 2.0 0.0 1.0 0.0 0.0 0.0 0.0 0.0 0.0 0.0 7.0 7.0 0.0 0.0 0.0 0.0 1.0 0.0 0.0 40.0 40.0 1.0 0.0 0.03 0.0 0.0 0.0 0.05 0.05
0.0 54540.0 8314.0 0.0 0.0 2.0 0.0 1.0 0.0 0.0 0.0 0.0 0.0 0.0 0.0 6.0 6.0 0.0 0.0 0.0 0.0 1.0 0.0 0.0 41.0 41.0 1.0 0.0 0.02 0.0 0.0 0.0 0.05 0.05
0.0 54540.0 8314.0 0.0 0.0 2.0 0.0 1.0 0.0 0.0 0.0 0.0 0.0 0.0 0.0 5.0 5.0 0.0 0.0 0.0 0.0 1.0 0.0 0.0 42.0 42.0 1.0 0.0 0.02 0.0 0.0 0.0 0.05 0.05
0.0 54540.0 8314.0 0.0 0.0 2.0 0.0 1.0 0.0 0.0 0.0 0.0 0.0 0.0 0.0 6.0 6.0 0.0 0.0 0.0 0.0 1.0 0.0 0.0 43.0 43.0 1.0 0.0 0.02 0.0 0.0 0.0 0.05 0.05
0.0 54540.0 8314.0 0.0 0.0 2.0 0.0 1.0 0.0 0.0 0.0 0.0 0.0 0.0 0.0 4.0 4.0 0.0 0.0 0.0 0.0 1.0 0.0 0.0 44.0 44.0 1.0 0.0 0.02 0.0 0.0 0.0 0.05 0.05
0.0 54540.0 8314.0 0.0 0.0 2.0 0.0 1.0 0.0 0.0 0.0 0.0 0.0 0.0 0.0 4.0 4.0 0.0 0.0 0.0 0.0 1.0 0.0 0.0 45.0 45.0 1.0 0.0 0.02 0.0 0.0 0.0 0.04 0.04
0.0 54540.0 8314.0 0.0 0.0 2.0 0.0 1.0 0.0 0.0 0.0 0.0 0.0 0.0 0.0 5.0 5.0 0.0 0.0 0.0 0.0 1.0 0.0 0.0 46.0 46.0 1.0 0.0 0.02 0.0 0.0 0.0 0.04 0.04
0.0 54540.0 8314.0 0.0 0.0 2.0 0.0 1.0 0.0 0.0 0.0 0.0 0.0 0.0 0.0 4.0 4.0 0.0 0.0 0.0 0.0 1.0 0.0 0.0 47.0 47.0 1.0 0.0 0.02 0.0 0.0 0.0 0.04 0.04
0.0 54540.0 8314.0 0.0 0.0 2.0 0.0 1.0 0.0 0.0 0.0 0.0 0.0 0.0 0.0 4.0 4.0 0.0 0.0 0.0 0.0 1.0 0.0 0.0 48.0 48.0 1.0 0.0 0.02 0.0 0.0 0.0 0.04 0.04
0.0 54540.0 8314.0 0.0 0.0 2.0 0.0 1.0 0.0 0.0 0.0 0.0 0.0 0.0 0.0 5.0 5.0 0.0 0.0 0.0 0.0 1.0 0.0 0.0 49.0 49.0 1.0 0.0 0.02 0.0 0.0 0.0 0.04 0.04
0.0 54540.0 8314.0 0.0 0.0 2.0 0.0 1.0 0.0 0.0 0.0 0.0 0.0 0.0 0.0 4.0 4.0 0.0 0.0 0.0 0.0 1.0 0.0 0.0 50.0 50.0 1.0 0.0 0.02 0.0 0.0 0.0 0.04 0.04
0.0 54540.0 8314.0 0.0 0.0 2.0 0.0 1.0 0.0 0.0 0.0 0.0 0.0 0.0 0.0 4.0 4.0 0.0 0.0 0.0 0.0 1.0 0.0 0.0 51.0 51.0 1.0 0.0 0.02 0.0 0.0 0.0 0.04 0.04
0.0 54540.0 8314.0 0.0 0.0 2.0 0.0 1.0 0.0 0.0 0.0 0.0 0.0 0.0 0.0 5.0 5.0 0.0 0.0 0.0 0.0 1.0 0.0 0.0 52.0 52.0 1.0 0.0 0.02 0.0 0.0 0.0 0.04 0.04
0.0 54540.0 8314.0 0.0 0.0 2.0 0.0 1.0 0.0 0.0 0.0 0.0 0.0 0.0 0.0 4.0 4.0 0.0 0.0 0.0 0.0 1.0 0.0 0.0 53.0 53.0 1.0 0.0 0.02 0.0 0.0 0.0 0.04 0.04
0.0 54540.0 8314.0 0.0 0.0 2.0 0.0 1.0 0.0 0.0 0.0 0.0 0.0 0.0 0.0 4.0 4.0 0.0 0.0 0.0 0.0 1.0 0.0 0.0 54.0 54.0 1.0 0.0 0.02 0.0 0.0 0.0 0.04 0.04
0.0 54540.0 8314.0 0.0 0.0 2.0 0.0 1.0 0.0 0.0 0.0 0.0 0.0 0.0 0.0 5.0 6.0 0.0 0.0 0.0 0.17 1.0 0.0 0.33 55.0 55.0 1.0 0.0 0.02 0.0 0.0 0.0 0.04 0.04
0.0 54540.0 8314.0 0.0 0.0 2.0 0.0 1.0 0.0 0.0 0.0 0.0 0.0 0.0 0.0 4.0 5.0 0.0 0.0 0.0 0.2 1.0 0.0 0.4 56.0 56.0 1.0 0.0 0.02 0.0 0.0 0.0 0.04 0.04
0.0 54540.0 8314.0 0.0 0.0 2.0 0.0 1.0 0.0 0.0 0.0 0.0 0.0 0.0 0.0 4.0 5.0 0.0 0.0 0.0 0.2 1.0 0.0 0.4 57.0 57.0 1.0 0.0 0.02 0.0 0.0 0.0 0.04 0.04
0.0 54540.0 8314.0 0.0 0.0 2.0 0.0 1.0 0.0 0.0 0.0 0.0 0.0 0.0 0.0 3.0 3.0 0.0 0.0 0.0 0.0 1.0 0.0 0.0 58.0 58.0 1.0 0.0 0.02 0.0 0.0 0.0 0.03 0.03
0.0 54540.0 8314.0 0.0 0.0 2.0 0.0 1.0 0.0 0.0 0.0 0.0 0.0 0.0 0.0 4.0 4.0 0.0 0.0 0.0 0.0 1.0 0.0 0.0 59.0 59.0 1.0 0.0 0.02 0.0 0.0 0.0 0.03 0.03
0.0 54540.0 8314.0 0.0 0.0 2.0 0.0 1.0 0.0 0.0 0.0 0.0 0.0 0.0 0.0 4.0 4.0 0.0 0.0 0.0 0.0 1.0 0.0 0.0 60.0 60.0 1.0 0.0 0.02 0.0 0.0 0.0 0.03 0.03
0.0 54540.0 8314.0 0.0 0.0 2.0 0.0 1.0 0.0 0.0 0.0 0.0 0.0 0.0 0.0 4.0 4.0 0.0 0.0 0.0 0.0 1.0 0.0 0.0 61.0 61.0 1.0 0.0 0.02 0.0 0.0 0.0 0.03 0.03
0.0 54540.0 8314.0 0.0 0.0 2.0 0.0 1.0 0.0 0.0 0.0 0.0 0.0 0.0 0.0 5.0 5.0 0.0 0.0 0.0 0.0 1.0 0.0 0.0 62.0 62.0 1.0 0.0 0.02 0.0 0.0 0.0 0.03 0.03
0.0 54540.0 8314.0 0.0 0.0 2.0 0.0 1.0 0.0 0.0 0.0 0.0 0.0 0.0 0.0 4.0 4.0 0.0 0.0 0.0 0.0 1.0 0.0 0.0 63.0 63.0 1.0 0.0 0.02 0.0 0.0 0.0 0.03 0.03
0.0 54540.0 8314.0 0.0 0.0 2.0 0.0 1.0 0.0 0.0 0.0 0.0 0.0 0.0 0.0 4.0 4.0 0.0 0.0 0.0 0.0 1.0 0.0 0.0 64.0 64.0 1.0 0.0 0.02 0.0 0.0 0.0 0.03 0.03
0.0 54540.0 8314.0 0.0 0.0 2.0 0.0 1.0 0.0 0.0 0.0 0.0 0.0 0.0 0.0 4.0 3.0 0.0 0.0 0.0 0.0 0.75 0.5 0.0 65.0 65.0 1.0 0.0 0.02 0.0 0.0 0.0 0.03 0.03
0.0 54540.0 8314.0 0.0 0.0 2.0 0.0 1.0 0.0 0.0 0.0 0.0 0.0 0.0 0.0 5.0 4.0 0.0 0.0 0.0 0.0 0.8 0.4 0.0 66.0 66.0 1.0 0.0 0.02 0.0 0.0 0.0 0.03 0.03
0.0 54540.0 8314.0 0.0 0.0 2.0 0.0 1.0 0.0 0.0 0.0 0.0 0.0 0.0 0.0 5.0 4.0 0.0 0.0 0.0 0.0 0.8 0.4 0.0 67.0 67.0 1.0 0.0 0.01 0.0 0.0 0.0 0.03 0.03
0.0 54540.0 8314.0 0.0 0.0 2.0 0.0 1.0 0.0 0.0 0.0 0.0 0.0 0.0 0.0 4.0 4.0 0.0 0.0 0.0 0.0 1.0 0.0 0.0 68.0 68.0 1.0 0.0 0.01 0.0 0.0 0.0 0.03 0.03
0.0 54540.0 8314.0 0.0 0.0 2.0 0.0 1.0 0.0 0.0 0.0 0.0 0.0 0.0 0.0 5.0 5.0 0.0 0.0 0.0 0.0 1.0 0.0 0.0 69.0 69.0 1.0 0.0 0.01 0.0 0.0 0.0 0.03 0.03
0.0 54540.0 8314.0 0.0 0.0 2.0 0.0 1.0 0.0 0.0 0.0 0.0 0.0 0.0 0.0 4.0 4.0 0.0 0.0 0.0 0.0 1.0 0.0 0.0 70.0 70.0 1.0 0.0 0.01 0.0 0.0 0.0 0.03 0.03
0.0 54540.0 8314.0 0.0 0.0 2.0 0.0 1.0 0.0 0.0 0.0 0.0 0.0 0.0 0.0 4.0 4.0 0.0 0.0 0.0 0.0 1.0 0.0 0.0 71.0 71.0 1.0 0.0 0.01 0.0 0.0 0.0 0.03 0.03
0.0 53208.0 7300.0 0.0 0.0 1.0 0.0 0.0 0.0 0.0 0.0 0.0 0.0 0.0 0.0 4.0 3.0 0.0 0.0 0.25 0.33 0.75 0.5 0.0 72.0 72.0 1.0 0.0 0.01 0.0 0.0 0.0 0.04 0.04
0.0 54540.0 8314.0 0.0 0.0 2.0 0.0 1.0 0.0 0.0 0.0 0.0 0.0 0.0 0.0 4.0 3.0 0.0 0.0 0.25 0.33 0.75 0.5 0.0 73.0 73.0 1.0 0.0 0.01 0.0 0.0 0.0 0.04 0.04
0.0 54540.0 8314.0 0.0 0.0 2.0 0.0 1.0 0.0 0.0 0.0 0.0 0.0 0.0 0.0 5.0 4.0 0.0 0.0 0.2 0.25 0.8 0.4 0.0 74.0 74.0 1.0 0.0 0.01 0.0 0.0 0.0 0.04 0.04
0.0 54540.0 8314.0 0.0 0.0 2.0 0.0 1.0 0.0 0.0 0.0 0.0 0.0 0.0 0.0 5.0 4.0 0.0 0.0 0.2 0.25 0.8 0.4 0.0 75.0 75.0 1.0 0.0 0.01 0.0 0.0 0.0 0.04 0.04
0.0 54540.0 8314.0 0.0 0.0 2.0 0.0 1.0 0.0 0.0 0.0 0.0 0.0 0.0 0.0 4.0 4.0 0.0 0.0 0.0 0.0 1.0 0.0 0.0 76.0 76.0 1.0 0.0 0.01 0.0 0.0 0.0 0.04 0.04
0.0 54540.0 8314.0 0.0 0.0 2.0 0.0 1.0 0.0 0.0 0.0 0.0 0.0 0.0 0.0 3.0 3.0 0.0 0.0 0.0 0.0 1.0 0.0 0.0 77.0 77.0 1.0 0.0 0.01 0.0 0.0 0.0 0.04 0.04
