0.0 0.0 0.0 0.0 0.0 0.0 0.0 0.0 0.0 0.0 0.0 0.0 0.0 0.0 0.0 1.0 3.0 0.0 0.0 1.0 1.0 1.0 0.0 1.0 4.0 255.0 1.0 0.0 0.25 0.11 0.0 0.0 1.0 1.0
0.0 0.0 0.0 0.0 0.0 0.0 0.0 0.0 0.0 0.0 0.0 0.0 0.0 0.0 0.0 1.0 2.0 0.0 0.0 1.0 1.0 1.0 0.0 1.0 14.0 255.0 1.0 0.0 0.07 0.11 0.0 0.0 1.0 1.0
0.0 0.0 0.0 0.0 0.0 0.0 0.0 0.0 0.0 0.0 0.0 0.0 0.0 0.0 0.0 1.0 1.0 0.0 0.0 1.0 1.0 1.0 0.0 0.0 24.0 255.0 1.0 0.0 0.04 0.11 0.0 0.0 1.0 1.0
0.0 0.0 0.0 0.0 0.0 0.0 0.0 0.0 0.0 0.0 0.0 0.0 0.0 0.0 0.0 1.0 2.0 0.0 0.0 1.0 1.0 1.0 0.0 1.0 6.0 255.0 1.0 0.0 0.17 0.1 0.0 0.0 1.0 1.0
0.0 0.0 0.0 0.0 0.0 0.0 0.0 0.0 0.0 0.0 0.0 0.0 0.0 0.0 0.0 1.0 1.0 0.0 0.0 1.0 1.0 1.0 0.0 0.0 16.0 255.0 1.0 0.0 0.06 0.09 0.0 0.0 1.0 1.0
0.0 0.0 0.0 0.0 0.0 0.0 0.0 0.0 0.0 0.0 0.0 0.0 0.0 0.0 0.0 1.0 2.0 0.0 0.0 1.0 1.0 1.0 0.0 1.0 26.0 255.0 1.0 0.0 0.04 0.09 0.0 0.0 1.0 1.0
0.0 0.0 0.0 0.0 0.0 0.0 0.0 0.0 0.0 0.0 0.0 0.0 0.0 0.0 0.0 1.0 1.0 0.0 0.0 1.0 1.0 1.0 0.0 0.0 2.0 255.0 1.0 0.0 0.5 0.09 0.0 0.0 1.0 1.0
0.0 0.0 0.0 0.0 0.0 0.0 0.0 0.0 0.0 0.0 0.0 0.0 0.0 0.0 0.0 1.0 1.0 0.0 0.0 1.0 1.0 1.0 0.0 0.0 3.0 255.0 1.0 0.0 0.33 0.09 0.0 0.0 1.0 1.0
0.0 0.0 0.0 0.0 0.0 0.0 0.0 0.0 0.0 0.0 0.0 0.0 0.0 0.0 0.0 1.0 1.0 0.0 0.0 1.0 1.0 1.0 0.0 0.0 1.0 255.0 1.0 0.0 1.0 0.09 0.0 0.0 1.0 1.0
0.0 0.0 0.0 0.0 0.0 0.0 0.0 0.0 0.0 0.0 0.0 0.0 0.0 0.0 0.0 1.0 2.0 0.0 0.0 1.0 1.0 1.0 0.0 1.0 4.0 255.0 1.0 0.0 0.25 0.09 0.0 0.0 1.0 1.0
0.0 0.0 0.0 0.0 0.0 0.0 0.0 0.0 0.0 0.0 0.0 0.0 0.0 0.0 0.0 1.0 1.0 0.0 0.0 1.0 1.0 1.0 0.0 0.0 14.0 255.0 1.0 0.0 0.07 0.07 0.0 0.0 1.0 1.0
0.0 0.0 0.0 0.0 0.0 0.0 0.0 0.0 0.0 0.0 0.0 0.0 0.0 0.0 0.0 1.0 1.0 0.0 0.0 1.0 1.0 1.0 0.0 0.0 24.0 255.0 1.0 0.0 0.04 0.06 0.0 0.0 1.0 1.0
0.0 0.0 0.0 0.0 0.0 0.0 0.0 0.0 0.0 0.0 0.0 0.0 0.0 0.0 0.0 1.0 2.0 0.0 0.0 1.0 1.0 1.0 0.0 1.0 34.0 255.0 1.0 0.0 0.03 0.06 0.0 0.0 1.0 1.0
0.0 0.0 0.0 0.0 0.0 0.0 0.0 0.0 0.0 0.0 0.0 0.0 0.0 0.0 0.0 1.0 1.0 0.0 0.0 1.0 1.0 1.0 0.0 0.0 44.0 255.0 1.0 0.0 0.02 0.06 0.0 0.0 1.0 1.0
0.0 0.0 0.0 0.0 0.0 0.0 0.0 0.0 0.0 0.0 0.0 0.0 0.0 0.0 0.0 1.0 3.0 0.0 0.0 1.0 1.0 1.0 0.0 1.0 9.0 255.0 1.0 0.0 0.11 0.07 0.0 0.0 1.0 1.0
0.0 0.0 0.0 0.0 0.0 0.0 0.0 0.0 0.0 0.0 0.0 0.0 0.0 0.0 0.0 1.0 1.0 0.0 0.0 1.0 1.0 1.0 0.0 0.0 3.0 255.0 1.0 0.0 0.33 0.09 0.0 0.0 1.0 1.0
0.0 0.0 0.0 0.0 0.0 0.0 0.0 0.0 0.0 0.0 0.0 0.0 0.0 0.0 0.0 1.0 1.0 0.0 0.0 1.0 1.0 1.0 0.0 0.0 3.0 255.0 1.0 0.0 0.33 0.1 0.0 0.0 1.0 1.0
0.0 0.0 0.0 0.0 0.0 0.0 0.0 0.0 0.0 0.0 0.0 0.0 0.0 0.0 0.0 1.0 1.0 0.0 0.0 1.0 1.0 1.0 0.0 0.0 9.0 255.0 1.0 0.0 0.11 0.11 0.0 0.0 1.0 1.0
0.0 0.0 0.0 0.0 0.0 0.0 0.0 0.0 0.0 0.0 0.0 0.0 0.0 0.0 0.0 1.0 1.0 0.0 0.0 1.0 1.0 1.0 0.0 0.0 6.0 255.0 1.0 0.0 0.17 0.11 0.0 0.0 1.0 1.0
0.0 0.0 0.0 0.0 0.0 0.0 0.0 0.0 0.0 0.0 0.0 0.0 0.0 0.0 0.0 1.0 1.0 0.0 0.0 1.0 1.0 1.0 0.0 0.0 5.0 255.0 1.0 0.0 0.2 0.1 0.0 0.0 1.0 1.0
0.0 0.0 0.0 0.0 0.0 0.0 0.0 0.0 0.0 0.0 0.0 0.0 0.0 0.0 0.0 1.0 1.0 0.0 0.0 1.0 1.0 1.0 0.0 0.0 15.0 255.0 1.0 0.0 0.07 0.1 0.0 0.0 1.0 1.0
0.0 0.0 0.0 0.0 0.0 0.0 0.0 0.0 0.0 0.0 0.0 0.0 0.0 0.0 0.0 1.0 1.0 0.0 0.0 1.0 1.0 1.0 0.0 0.0 5.0 255.0 1.0 0.0 0.2 0.1 0.0 0.0 1.0 1.0
0.0 0.0 0.0 0.0 0.0 0.0 0.0 0.0 0.0 0.0 0.0 0.0 0.0 0.0 0.0 1.0 1.0 0.0 0.0 1.0 1.0 1.0 0.0 0.0 15.0 255.0 1.0 0.0 0.07 0.1 0.0 0.0 1.0 1.0
0.0 0.0 0.0 0.0 0.0 0.0 0.0 0.0 0.0 0.0 0.0 0.0 0.0 0.0 0.0 1.0 1.0 0.0 0.0 1.0 1.0 1.0 0.0 0.0 25.0 255.0 1.0 0.0 0.04 0.1 0.0 0.0 1.0 1.0
0.0 0.0 0.0 0.0 0.0 0.0 0.0 0.0 0.0 0.0 0.0 0.0 0.0 0.0 0.0 1.0 1.0 0.0 0.0 1.0 1.0 1.0 0.0 0.0 2.0 255.0 1.0 0.0 0.5 0.11 0.0 0.0 1.0 1.0
0.0 0.0 0.0 0.0 0.0 0.0 0.0 0.0 0.0 0.0 0.0 0.0 0.0 0.0 0.0 1.0 2.0 0.0 0.0 1.0 1.0 1.0 0.0 1.0 4.0 255.0 1.0 0.0 0.25 0.11 0.0 0.0 1.0 1.0
0.0 0.0 0.0 0.0 0.0 0.0 0.0 0.0 0.0 0.0 0.0 0.0 0.0 0.0 0.0 1.0 1.0 0.0 0.0 1.0 1.0 1.0 0.0 0.0 14.0 255.0 1.0 0.0 0.07 0.11 0.0 0.0 1.0 1.0
0.0 0.0 0.0 0.0 0.0 0.0 0.0 0.0 0.0 0.0 0.0 0.0 0.0 0.0 0.0 1.0 2.0 0.0 0.0 1.0 1.0 1.0 0.0 1.0 24.0 255.0 1.0 0.0 0.04 0.11 0.0 0.0 1.0 1.0
0.0 0.0 0.0 0.0 0.0 0.0 0.0 0.0 0.0 0.0 0.0 0.0 0.0 0.0 0.0 1.0 1.0 0.0 0.0 1.0 1.0 1.0 0.0 0.0 34.0 255.0 1.0 0.0 0.03 0.11 0.0 0.0 1.0 1.0
0.0 0.0 0.0 0.0 0.0 0.0 0.0 0.0 0.0 0.0 0.0 0.0 0.0 0.0 0.0 1.0 3.0 0.0 0.0 1.0 1.0 1.0 0.0 1.0 44.0 255.0 1.0 0.0 0.02 0.11 0.0 0.0 1.0 1.0
0.0 0.0 0.0 0.0 0.0 0.0 0.0 0.0 0.0 0.0 0.0 0.0 0.0 0.0 0.0 1.0 1.0 0.0 0.0 1.0 1.0 1.0 0.0 0.0 54.0 255.0 1.0 0.0 0.02 0.11 0.0 0.0 1.0 1.0
0.0 0.0 0.0 0.0 0.0 0.0 0.0 0.0 0.0 0.0 0.0 0.0 0.0 0.0 0.0 1.0 1.0 0.0 0.0 1.0 1.0 1.0 0.0 0.0 64.0 255.0 1.0 0.0 0.02 0.1 0.0 0.0 1.0 1.0
0.0 0.0 0.0 0.0 0.0 0.0 0.0 0.0 0.0 0.0 0.0 0.0 0.0 0.0 0.0 1.0 2.0 0.0 0.0 1.0 1.0 1.0 0.0 1.0 74.0 255.0 1.0 0.0 0.01 0.09 0.0 0.0 1.0 1.0
0.0 0.0 0.0 0.0 0.0 0.0 0.0 0.0 0.0 0.0 0.0 0.0 0.0 0.0 0.0 1.0 1.0 0.0 0.0 1.0 1.0 1.0 0.0 0.0 84.0 255.0 1.0 0.0 0.01 0.09 0.0 0.0 1.0 1.0
0.0 0.0 0.0 0.0 0.0 0.0 0.0 0.0 0.0 0.0 0.0 0.0 0.0 0.0 0.0 1.0 1.0 0.0 0.0 1.0 1.0 1.0 0.0 0.0 2.0 255.0 1.0 0.0 0.5 0.09 0.0 0.0 1.0 1.0
0.0 0.0 0.0 0.0 0.0 0.0 0.0 0.0 0.0 0.0 0.0 0.0 0.0 0.0 0.0 1.0 1.0 0.0 0.0 1.0 1.0 1.0 0.0 0.0 1.0 255.0 1.0 0.0 1.0 0.09 0.0 0.0 1.0 1.0
0.0 0.0 0.0 0.0 0.0 0.0 0.0 0.0 0.0 0.0 0.0 0.0 0.0 0.0 0.0 1.0 1.0 0.0 0.0 1.0 1.0 1.0 0.0 0.0 5.0 255.0 1.0 0.0 0.2 0.11 0.0 0.0 1.0 1.0
0.0 0.0 0.0 0.0 0.0 0.0 0.0 0.0 0.0 0.0 0.0 0.0 0.0 0.0 0.0 1.0 1.0 0.0 0.0 1.0 1.0 1.0 0.0 0.0 5.0 255.0 1.0 0.0 0.2 0.11 0.0 0.0 1.0 1.0
0.0 0.0 0.0 0.0 0.0 0.0 0.0 0.0 0.0 0.0 0.0 0.0 0.0 0.0 0.0 1.0 3.0 0.0 0.0 1.0 1.0 1.0 0.0 1.0 5.0 255.0 1.0 0.0 0.2 0.12 0.0 0.0 1.0 1.0
0.0 0.0 0.0 0.0 0.0 0.0 0.0 0.0 0.0 0.0 0.0 0.0 0.0 0.0 0.0 1.0 1.0 0.0 0.0 1.0 1.0 1.0 0.0 0.0 2.0 255.0 1.0 0.0 0.5 0.13 0.0 0.0 1.0 1.0
0.0 0.0 0.0 0.0 0.0 0.0 0.0 0.0 0.0 0.0 0.0 0.0 0.0 0.0 0.0 1.0 1.0 0.0 0.0 1.0 1.0 1.0 0.0 0.0 4.0 255.0 1.0 0.0 0.25 0.13 0.0 0.0 1.0 1.0
0.0 0.0 0.0 0.0 0.0 0.0 0.0 0.0 0.0 0.0 0.0 0.0 0.0 0.0 0.0 1.0 1.0 0.0 0.0 1.0 1.0 1.0 0.0 0.0 2.0 255.0 1.0 0.0 0.5 0.13 0.0 0.0 1.0 1.0
0.0 0.0 0.0 0.0 0.0 0.0 0.0 0.0 0.0 0.0 0.0 0.0 0.0 0.0 0.0 1.0 2.0 0.0 0.0 1.0 1.0 1.0 0.0 1.0 6.0 255.0 1.0 0.0 0.17 0.13 0.0 0.0 1.0 1.0
0.0 0.0 0.0 0.0 0.0 0.0 0.0 0.0 0.0 0.0 0.0 0.0 0.0 0.0 0.0 2.0 2.0 0.0 0.0 1.0 1.0 1.0 0.0 0.0 4.0 255.0 1.0 0.0 0.25 0.14 0.0 0.0 1.0 1.0
0.0 0.0 0.0 0.0 0.0 0.0 0.0 0.0 0.0 0.0 0.0 0.0 0.0 0.0 0.0 1.0 1.0 0.0 0.0 1.0 1.0 1.0 0.0 0.0 4.0 255.0 1.0 0.0 0.25 0.14 0.0 0.0 1.0 1.0
0.0 0.0 0.0 0.0 0.0 0.0 0.0 0.0 0.0 0.0 0.0 0.0 0.0 0.0 0.0 1.0 1.0 0.0 0.0 1.0 1.0 1.0 0.0 0.0 1.0 255.0 1.0 0.0 1.0 0.15 0.0 0.0 1.0 1.0
0.0 0.0 0.0 0.0 0.0 0.0 0.0 0.0 0.0 0.0 0.0 0.0 0.0 0.0 0.0 1.0 1.0 0.0 0.0 1.0 1.0 1.0 0.0 0.0 1.0 255.0 1.0 0.0 1.0 0.17 0.0 0.0 1.0 1.0
0.0 0.0 0.0 0.0 0.0 0.0 0.0 0.0 0.0 0.0 0.0 0.0 0.0 0.0 0.0 1.0 2.0 0.0 0.0 1.0 1.0 1.0 0.0 1.0 8.0 255.0 1.0 0.0 0.12 0.18 0.0 0.0 1.0 1.0
0.0 0.0 0.0 0.0 0.0 0.0 0.0 0.0 0.0 0.0 0.0 0.0 0.0 0.0 0.0 1.0 1.0 0.0 0.0 1.0 1.0 1.0 0.0 0.0 6.0 255.0 1.0 0.0 0.17 0.18 0.0 0.0 1.0 1.0
0.0 0.0 0.0 0.0 0.0 0.0 0.0 0.0 0.0 0.0 0.0 0.0 0.0 0.0 0.0 1.0 1.0 0.0 0.0 1.0 1.0 1.0 0.0 0.0 1.0 255.0 1.0 0.0 1.0 0.2 0.0 0.0 1.0 1.0
0.0 0.0 0.0 0.0 0.0 0.0 0.0 0.0 0.0 0.0 0.0 0.0 0.0 0.0 0.0 1.0 1.0 0.0 0.0 1.0 1.0 1.0 0.0 0.0 2.0 255.0 1.0 0.0 0.5 0.21 0.0 0.0 1.0 1.0
0.0 0.0 0.0 0.0 0.0 0.0 0.0 0.0 0.0 0.0 0.0 0.0 0.0 0.0 0.0 1.0 2.0 0.0 0.0 1.0 1.0 1.0 0.0 1.0 10.0 255.0 1.0 0.0 0.1 0.21 0.0 0.0 1.0 1.0
0.0 0.0 0.0 0.0 0.0 0.0 0.0 0.0 0.0 0.0 0.0 0.0 0.0 0.0 0.0 1.0 1.0 0.0 0.0 1.0 1.0 1.0 0.0 0.0 4.0 255.0 1.0 0.0 0.25 0.22 0.0 0.0 1.0 1.0
0.0 0.0 0.0 0.0 0.0 0.0 0.0 0.0 0.0 0.0 0.0 0.0 0.0 0.0 0.0 1.0 2.0 0.0 0.0 1.0 1.0 1.0 0.0 1.0 14.0 255.0 1.0 0.0 0.07 0.22 0.0 0.0 1.0 1.0
0.0 0.0 0.0 0.0 0.0 0.0 0.0 0.0 0.0 0.0 0.0 0.0 0.0 0.0 0.0 1.0 1.0 0.0 0.0 1.0 1.0 1.0 0.0 0.0 1.0 255.0 1.0 0.0 1.0 0.24 0.0 0.0 1.0 1.0
0.0 0.0 0.0 0.0 0.0 0.0 0.0 0.0 0.0 0.0 0.0 0.0 0.0 0.0 0.0 1.0 1.0 0.0 0.0 1.0 1.0 1.0 0.0 0.0 7.0 255.0 1.0 0.0 0.14 0.24 0.0 0.0 1.0 1.0
0.0 0.0 0.0 0.0 0.0 0.0 0.0 0.0 0.0 0.0 0.0 0.0 0.0 0.0 0.0 1.0 1.0 0.0 0.0 1.0 1.0 1.0 0.0 0.0 17.0 255.0 1.0 0.0 0.06 0.24 0.0 0.0 1.0 1.0
0.0 0.0 0.0 0.0 0.0 0.0 0.0 0.0 0.0 0.0 0.0 0.0 0.0 0.0 0.0 1.0 1.0 0.0 0.0 1.0 1.0 1.0 0.0 0.0 27.0 255.0 1.0 0.0 0.04 0.24 0.0 0.0 1.0 1.0
0.0 0.0 0.0 0.0 0.0 0.0 0.0 0.0 0.0 0.0 0.0 0.0 0.0 0.0 0.0 1.0 1.0 0.0 0.0 1.0 1.0 1.0 0.0 0.0 37.0 255.0 1.0 0.0 0.03 0.24 0.0 0.0 1.0 1.0
0.0 0.0 0.0 0.0 0.0 0.0 0.0 0.0 0.0 0.0 0.0 0.0 0.0 0.0 0.0 1.0 1.0 0.0 0.0 1.0 1.0 1.0 0.0 0.0 47.0 255.0 1.0 0.0 0.02 0.24 0.0 0.0 1.0 1.0
0.0 0.0 0.0 0.0 0.0 0.0 0.0 0.0 0.0 0.0 0.0 0.0 0.0 0.0 0.0 1.0 1.0 0.0 0.0 1.0 1.0 1.0 0.0 0.0 57.0 255.0 1.0 0.0 0.02 0.23 0.0 0.0 1.0 1.0
0.0 0.0 0.0 0.0 0.0 0.0 0.0 0.0 0.0 0.0 0.0 0.0 0.0 0.0 0.0 1.0 1.0 0.0 0.0 1.0 1.0 1.0 0.0 0.0 67.0 255.0 1.0 0.0 0.01 0.21 0.0 0.0 1.0 1.0
0.0 0.0 0.0 0.0 0.0 0.0 0.0 0.0 0.0 0.0 0.0 0.0 0.0 0.0 0.0 1.0 1.0 0.0 0.0 1.0 1.0 1.0 0.0 0.0 77.0 255.0 1.0 0.0 0.01 0.2 0.0 0.0 1.0 1.0
0.0 0.0 0.0 0.0 0.0 0.0 0.0 0.0 0.0 0.0 0.0 0.0 0.0 0.0 0.0 1.0 1.0 0.0 0.0 1.0 1.0 1.0 0.0 0.0 87.0 255.0 1.0 0.0 0.01 0.2 0.0 0.0 1.0 1.0
0.0 0.0 0.0 0.0 0.0 0.0 0.0 0.0 0.0 0.0 0.0 0.0 0.0 0.0 0.0 1.0 1.0 0.0 0.0 1.0 1.0 1.0 0.0 0.0 97.0 255.0 1.0 0.0 0.01 0.18 0.0 0.0 1.0 1.0
0.0 0.0 0.0 0.0 0.0 0.0 0.0 0.0 0.0 0.0 0.0 0.0 0.0 0.0 0.0 1.0 2.0 0.0 0.0 1.0 1.0 1.0 0.0 1.0 107.0 255.0 1.0 0.0 0.01 0.18 0.0 0.0 1.0 1.0
0.0 0.0 0.0 0.0 0.0 0.0 0.0 0.0 0.0 0.0 0.0 0.0 0.0 0.0 0.0 1.0 1.0 0.0 0.0 1.0 1.0 1.0 0.0 0.0 2.0 255.0 1.0 0.0 0.5 0.19 0.0 0.0 1.0 1.0
0.0 0.0 0.0 0.0 0.0 0.0 0.0 0.0 0.0 0.0 0.0 0.0 0.0 0.0 0.0 1.0 1.0 0.0 0.0 1.0 1.0 1.0 0.0 0.0 12.0 255.0 1.0 0.0 0.08 0.17 0.0 0.0 1.0 1.0
0.0 0.0 0.0 0.0 0.0 0.0 0.0 0.0 0.0 0.0 0.0 0.0 0.0 0.0 0.0 1.0 2.0 0.0 0.0 1.0 1.0 1.0 0.0 1.0 2.0 255.0 1.0 0.0 0.5 0.17 0.0 0.0 1.0 1.0
0.0 0.0 0.0 0.0 0.0 0.0 0.0 0.0 0.0 0.0 0.0 0.0 0.0 0.0 0.0 1.0 2.0 0.0 0.0 1.0 1.0 1.0 0.0 1.0 5.0 255.0 1.0 0.0 0.2 0.17 0.0 0.0 1.0 1.0
0.0 0.0 0.0 0.0 0.0 0.0 0.0 0.0 0.0 0.0 0.0 0.0 0.0 0.0 0.0 1.0 1.0 0.0 0.0 1.0 1.0 1.0 0.0 0.0 15.0 255.0 1.0 0.0 0.07 0.16 0.0 0.0 1.0 1.0
0.0 0.0 0.0 0.0 0.0 0.0 0.0 0.0 0.0 0.0 0.0 0.0 0.0 0.0 0.0 1.0 1.0 0.0 0.0 1.0 1.0 1.0 0.0 0.0 25.0 255.0 1.0 0.0 0.04 0.15 0.0 0.0 1.0 1.0
0.0 0.0 0.0 0.0 0.0 0.0 0.0 0.0 0.0 0.0 0.0 0.0 0.0 0.0 0.0 1.0 1.0 0.0 0.0 1.0 1.0 1.0 0.0 0.0 2.0 255.0 1.0 0.0 0.5 0.13 0.0 0.0 1.0 1.0
0.0 0.0 0.0 0.0 0.0 0.0 0.0 0.0 0.0 0.0 0.0 0.0 0.0 0.0 0.0 1.0 1.0 0.0 0.0 1.0 1.0 1.0 0.0 0.0 3.0 255.0 1.0 0.0 0.33 0.14 0.0 0.0 1.0 1.0
0.0 0.0 0.0 0.0 0.0 0.0 0.0 0.0 0.0 0.0 0.0 0.0 0.0 0.0 0.0 1.0 1.0 0.0 0.0 1.0 1.0 1.0 0.0 0.0 13.0 255.0 1.0 0.0 0.08 0.13 0.0 0.0 1.0 1.0
0.0 0.0 0.0 0.0 0.0 0.0 0.0 0.0 0.0 0.0 0.0 0.0 0.0 0.0 0.0 1.0 1.0 0.0 0.0 1.0 1.0 1.0 0.0 0.0 5.0 255.0 1.0 0.0 0.2 0.11 0.0 0.0 1.0 1.0
0.0 0.0 0.0 0.0 0.0 0.0 0.0 0.0 0.0 0.0 0.0 0.0 0.0 0.0 0.0 1.0 1.0 0.0 0.0 1.0 1.0 1.0 0.0 0.0 15.0 255.0 1.0 0.0 0.07 0.1 0.0 0.0 1.0 1.0
0.0 0.0 0.0 0.0 0.0 0.0 0.0 0.0 0.0 0.0 0.0 0.0 0.0 0.0 0.0 1.0 1.0 0.0 0.0 1.0 1.0 1.0 0.0 0.0 1.0 255.0 1.0 0.0 1.0 0.11 0.0 0.0 1.0 1.0
0.0 0.0 0.0 0.0 0.0 0.0 0.0 0.0 0.0 0.0 0.0 0.0 0.0 0.0 0.0 1.0 1.0 0.0 0.0 1.0 1.0 1.0 0.0 0.0 7.0 255.0 1.0 0.0 0.14 0.11 0.0 0.0 1.0 1.0
0.0 0.0 0.0 0.0 0.0 0.0 0.0 0.0 0.0 0.0 0.0 0.0 0.0 0.0 0.0 1.0 1.0 0.0 0.0 1.0 1.0 1.0 0.0 0.0 17.0 255.0 1.0 0.0 0.06 0.11 0.0 0.0 1.0 1.0
0.0 0.0 0.0 0.0 0.0 0.0 0.0 0.0 0.0 0.0 0.0 0.0 0.0 0.0 0.0 1.0 2.0 0.0 0.0 1.0 1.0 1.0 0.0 1.0 27.0 255.0 1.0 0.0 0.04 0.09 0.0 0.0 1.0 1.0
0.0 0.0 0.0 0.0 0.0 0.0 0.0 0.0 0.0 0.0 0.0 0.0 0.0 0.0 0.0 1.0 5.0 0.0 0.0 1.0 0.2 1.0 0.0 0.4 37.0 255.0 1.0 0.0 0.03 0.09 0.0 0.0 1.0 1.0
0.0 0.0 0.0 0.0 0.0 0.0 0.0 0.0 0.0 0.0 0.0 0.0 0.0 0.0 0.0 1.0 1.0 0.0 0.0 1.0 1.0 1.0 0.0 0.0 47.0 255.0 1.0 0.0 0.02 0.09 0.0 0.0 1.0 1.0
0.0 0.0 0.0 0.0 0.0 0.0 0.0 0.0 0.0 0.0 0.0 0.0 0.0 0.0 0.0 1.0 2.0 0.0 0.0 1.0 1.0 1.0 0.0 1.0 3.0 255.0 1.0 0.0 0.33 0.11 0.0 0.0 1.0 1.0
0.0 0.0 0.0 0.0 0.0 0.0 0.0 0.0 0.0 0.0 0.0 0.0 0.0 0.0 0.0 1.0 2.0 0.0 0.0 1.0 1.0 1.0 0.0 1.0 2.0 255.0 1.0 0.0 0.5 0.11 0.0 0.0 1.0 1.0
0.0 0.0 0.0 0.0 0.0 0.0 0.0 0.0 0.0 0.0 0.0 0.0 0.0 0.0 0.0 1.0 1.0 0.0 0.0 1.0 1.0 1.0 0.0 0.0 9.0 255.0 1.0 0.0 0.11 0.12 0.0 0.0 1.0 1.0
0.0 0.0 0.0 0.0 0.0 0.0 0.0 0.0 0.0 0.0 0.0 0.0 0.0 0.0 0.0 1.0 1.0 0.0 0.0 1.0 1.0 1.0 0.0 0.0 2.0 255.0 1.0 0.0 0.5 0.13 0.0 0.0 1.0 1.0
0.0 0.0 0.0 0.0 0.0 0.0 0.0 0.0 0.0 0.0 0.0 0.0 0.0 0.0 0.0 1.0 1.0 0.0 0.0 1.0 1.0 1.0 0.0 0.0 6.0 255.0 1.0 0.0 0.17 0.14 0.0 0.0 1.0 1.0
0.0 0.0 0.0 0.0 0.0 0.0 0.0 0.0 0.0 0.0 0.0 0.0 0.0 0.0 0.0 1.0 1.0 0.0 0.0 1.0 1.0 1.0 0.0 0.0 2.0 255.0 1.0 0.0 0.5 0.15 0.0 0.0 1.0 1.0
0.0 0.0 0.0 0.0 0.0 0.0 0.0 0.0 0.0 0.0 0.0 0.0 0.0 0.0 0.0 1.0 1.0 0.0 0.0 1.0 1.0 1.0 0.0 0.0 1.0 255.0 1.0 0.0 1.0 0.16 0.0 0.0 1.0 1.0
0.0 0.0 0.0 0.0 0.0 0.0 0.0 0.0 0.0 0.0 0.0 0.0 0.0 0.0 0.0 1.0 1.0 0.0 0.0 1.0 1.0 1.0 0.0 0.0 2.0 255.0 1.0 0.0 0.5 0.18 0.0 0.0 1.0 1.0
0.0 0.0 0.0 0.0 0.0 0.0 0.0 0.0 0.0 0.0 0.0 0.0 0.0 0.0 0.0 1.0 1.0 0.0 0.0 1.0 1.0 1.0 0.0 0.0 8.0 255.0 1.0 0.0 0.12 0.17 0.0 0.0 1.0 1.0
0.0 0.0 0.0 0.0 0.0 0.0 0.0 0.0 0.0 0.0 0.0 0.0 0.0 0.0 0.0 1.0 1.0 0.0 0.0 1.0 1.0 1.0 0.0 0.0 2.0 255.0 1.0 0.0 0.5 0.17 0.0 0.0 1.0 1.0
0.0 0.0 0.0 0.0 0.0 0.0 0.0 0.0 0.0 0.0 0.0 0.0 0.0 0.0 0.0 1.0 1.0 0.0 0.0 1.0 1.0 1.0 0.0 0.0 10.0 255.0 1.0 0.0 0.1 0.16 0.0 0.0 1.0 1.0
0.0 0.0 0.0 0.0 0.0 0.0 0.0 0.0 0.0 0.0 0.0 0.0 0.0 0.0 0.0 1.0 2.0 0.0 0.0 1.0 1.0 1.0 0.0 1.0 1.0 255.0 1.0 0.0 1.0 0.17 0.0 0.0 1.0 1.0
0.0 0.0 0.0 0.0 0.0 0.0 0.0 0.0 0.0 0.0 0.0 0.0 0.0 0.0 0.0 1.0 1.0 0.0 0.0 1.0 1.0 1.0 0.0 0.0 8.0 255.0 1.0 0.0 0.12 0.17 0.0 0.0 1.0 1.0
0.0 0.0 0.0 0.0 0.0 0.0 0.0 0.0 0.0 0.0 0.0 0.0 0.0 0.0 0.0 1.0 3.0 0.0 0.0 1.0 0.33 1.0 0.0 0.67 18.0 255.0 1.0 0.0 0.06 0.17 0.0 0.0 1.0 1.0
0.0 0.0 0.0 0.0 0.0 0.0 0.0 0.0 0.0 0.0 0.0 0.0 0.0 0.0 0.0 1.0 1.0 0.0 0.0 1.0 1.0 1.0 0.0 0.0 4.0 255.0 1.0 0.0 0.25 0.19 0.0 0.0 1.0 1.0
0.0 0.0 0.0 0.0 0.0 0.0 0.0 0.0 0.0 0.0 0.0 0.0 0.0 0.0 0.0 1.0 2.0 0.0 0.0 1.0 1.0 1.0 0.0 1.0 14.0 255.0 1.0 0.0 0.07 0.18 0.0 0.0 1.0 1.0
0.0 0.0 0.0 0.0 0.0 0.0 0.0 0.0 0.0 0.0 0.0 0.0 0.0 0.0 0.0 1.0 1.0 0.0 0.0 1.0 1.0 1.0 0.0 0.0 2.0 255.0 1.0 0.0 0.5 0.19 0.0 0.0 1.0 1.0
0.0 0.0 0.0 0.0 0.0 0.0 0.0 0.0 0.0 0.0 0.0 0.0 0.0 0.0 0.0 1.0 1.0 0.0 0.0 1.0 1.0 1.0 0.0 0.0 1.0 255.0 1.0 0.0 1.0 0.2 0.0 0.0 1.0 1.0
0.0 0.0 0.0 0.0 0.0 0.0 0.0 0.0 0.0 0.0 0.0 0.0 0.0 0.0 0.0 1.0 5.0 0.0 0.0 1.0 0.2 1.0 0.0 0.4 3.0 255.0 1.0 0.0 0.33 0.21 0.0 0.0 1.0 1.0
0.0 0.0 0.0 0.0 0.0 0.0 0.0 0.0 0.0 0.0 0.0 0.0 0.0 0.0 0.0 1.0 1.0 0.0 0.0 1.0 1.0 1.0 0.0 0.0 1.0 255.0 1.0 0.0 1.0 0.22 0.0 0.0 1.0 1.0
0.0 0.0 0.0 0.0 0.0 0.0 0.0 0.0 0.0 0.0 0.0 0.0 0.0 0.0 0.0 1.0 2.0 0.0 0.0 1.0 1.0 1.0 0.0 1.0 9.0 9.0 1.0 0.0 0.11 0.0 0.0 0.0 1.0 1.0
0.0 0.0 0.0 0.0 0.0 0.0 0.0 0.0 0.0 0.0 0.0 0.0 0.0 0.0 0.0 1.0 1.0 0.0 0.0 1.0 1.0 1.0 0.0 0.0 4.0 19.0 1.0 0.0 0.25 0.21 0.0 0.0 1.0 1.0
0.0 0.0 0.0 0.0 0.0 0.0 0.0 0.0 0.0 0.0 0.0 0.0 0.0 0.0 0.0 1.0 25.0 0.0 0.0 1.0 0.04 1.0 0.0 0.08 5.0 29.0 1.0 0.0 0.2 0.28 0.0 0.0 1.0 1.0
0.0 0.0 0.0 0.0 0.0 0.0 0.0 0.0 0.0 0.0 0.0 0.0 0.0 0.0 0.0 1.0 2.0 0.0 0.0 1.0 1.0 1.0 0.0 1.0 4.0 39.0 1.0 0.0 0.25 0.28 0.0 0.0 1.0 1.0
0.0 0.0 0.0 0.0 0.0 0.0 0.0 0.0 0.0 0.0 0.0 0.0 0.0 0.0 0.0 1.0 3.0 0.0 0.0 1.0 1.0 1.0 0.0 0.67 1.0 49.0 1.0 0.0 1.0 0.33 0.0 0.0 1.0 1.0
0.0 0.0 0.0 0.0 0.0 0.0 0.0 0.0 0.0 0.0 0.0 0.0 0.0 0.0 0.0 1.0 2.0 0.0 0.0 1.0 1.0 1.0 0.0 1.0 11.0 59.0 1.0 0.0 0.09 0.27 0.0 0.0 1.0 1.0
0.0 0.0 0.0 0.0 0.0 0.0 0.0 0.0 0.0 0.0 0.0 0.0 0.0 0.0 0.0 1.0 3.0 0.0 0.0 1.0 0.67 1.0 0.0 1.0 4.0 69.0 1.0 0.0 0.25 0.25 0.0 0.0 1.0 1.0
0.0 0.0 0.0 0.0 0.0 0.0 0.0 0.0 0.0 0.0 0.0 0.0 0.0 0.0 0.0 1.0 2.0 0.0 0.0 1.0 1.0 1.0 0.0 1.0 2.0 79.0 1.0 0.0 0.5 0.24 0.0 0.0 1.0 1.0
0.0 0.0 0.0 0.0 0.0 0.0 0.0 0.0 0.0 0.0 0.0 0.0 0.0 0.0 0.0 1.0 1.0 0.0 0.0 1.0 1.0 1.0 0.0 0.0 3.0 89.0 1.0 0.0 0.33 0.27 0.0 0.0 1.0 1.0
0.0 0.0 0.0 0.0 0.0 0.0 0.0 0.0 0.0 0.0 0.0 0.0 0.0 0.0 0.0 1.0 1.0 0.0 0.0 1.0 1.0 1.0 0.0 0.0 3.0 99.0 1.0 0.0 0.33 0.27 0.0 0.0 1.0 1.0
0.0 0.0 0.0 0.0 0.0 0.0 0.0 0.0 0.0 0.0 0.0 0.0 0.0 0.0 0.0 1.0 1.0 0.0 0.0 1.0 1.0 1.0 0.0 0.0 5.0 109.0 1.0 0.0 0.2 0.26 0.0 0.0 1.0 1.0
0.0 0.0 0.0 0.0 0.0 0.0 0.0 0.0 0.0 0.0 0.0 0.0 0.0 0.0 0.0 1.0 1.0 0.0 0.0 1.0 1.0 1.0 0.0 0.0 3.0 119.0 1.0 0.0 0.33 0.24 0.0 0.0 1.0 1.0
0.0 0.0 0.0 0.0 0.0 0.0 0.0 0.0 0.0 0.0 0.0 0.0 0.0 0.0 0.0 1.0 1.0 0.0 0.0 1.0 1.0 1.0 0.0 0.0 13.0 129.0 1.0 0.0 0.08 0.22 0.0 0.0 1.0 1.0
0.0 0.0 0.0 0.0 0.0 0.0 0.0 0.0 0.0 0.0 0.0 0.0 0.0 0.0 0.0 1.0 1.0 0.0 0.0 1.0 1.0 1.0 0.0 0.0 23.0 139.0 1.0 0.0 0.04 0.21 0.0 0.0 1.0 1.0
0.0 0.0 0.0 0.0 0.0 0.0 0.0 0.0 0.0 0.0 0.0 0.0 0.0 0.0 0.0 1.0 1.0 0.0 0.0 1.0 1.0 1.0 0.0 0.0 4.0 149.0 1.0 0.0 0.25 0.21 0.0 0.0 1.0 1.0
0.0 0.0 0.0 0.0 0.0 0.0 0.0 0.0 0.0 0.0 0.0 0.0 0.0 0.0 0.0 1.0 2.0 0.0 0.0 1.0 1.0 1.0 0.0 1.0 4.0 159.0 1.0 0.0 0.25 0.21 0.0 0.0 1.0 1.0
0.0 0.0 0.0 0.0 0.0 0.0 0.0 0.0 0.0 0.0 0.0 0.0 0.0 0.0 0.0 1.0 2.0 0.0 0.0 1.0 1.0 1.0 0.0 1.0 1.0 169.0 1.0 0.0 1.0 0.21 0.0 0.0 1.0 1.0
0.0 0.0 0.0 0.0 0.0 0.0 0.0 0.0 0.0 0.0 0.0 0.0 0.0 0.0 0.0 1.0 1.0 0.0 0.0 1.0 1.0 1.0 0.0 0.0 3.0 179.0 1.0 0.0 0.33 0.22 0.0 0.0 1.0 1.0
0.0 0.0 0.0 0.0 0.0 0.0 0.0 0.0 0.0 0.0 0.0 0.0 0.0 0.0 0.0 1.0 1.0 0.0 0.0 1.0 1.0 1.0 0.0 0.0 13.0 189.0 1.0 0.0 0.08 0.21 0.0 0.0 1.0 1.0
0.0 0.0 0.0 0.0 0.0 0.0 0.0 0.0 0.0 0.0 0.0 0.0 0.0 0.0 0.0 1.0 1.0 0.0 0.0 1.0 1.0 1.0 0.0 0.0 23.0 199.0 1.0 0.0 0.04 0.2 0.0 0.0 1.0 1.0
0.0 0.0 0.0 0.0 0.0 0.0 0.0 0.0 0.0 0.0 0.0 0.0 0.0 0.0 0.0 1.0 1.0 0.0 0.0 1.0 1.0 1.0 0.0 0.0 33.0 209.0 1.0 0.0 0.03 0.19 0.0 0.0 1.0 1.0
0.0 0.0 0.0 0.0 0.0 0.0 0.0 0.0 0.0 0.0 0.0 0.0 0.0 0.0 0.0 1.0 8.0 0.0 0.0 1.0 0.12 1.0 0.0 0.25 43.0 219.0 1.0 0.0 0.02 0.18 0.0 0.0 1.0 1.0
0.0 0.0 0.0 0.0 0.0 0.0 0.0 0.0 0.0 0.0 0.0 0.0 0.0 0.0 0.0 1.0 1.0 0.0 0.0 1.0 1.0 1.0 0.0 0.0 53.0 229.0 1.0 0.0 0.02 0.17 0.0 0.0 1.0 1.0
0.0 0.0 0.0 0.0 0.0 0.0 0.0 0.0 0.0 0.0 0.0 0.0 0.0 0.0 0.0 1.0 1.0 0.0 0.0 1.0 1.0 1.0 0.0 0.0 63.0 239.0 1.0 0.0 0.02 0.16 0.0 0.0 1.0 1.0
0.0 0.0 0.0 0.0 0.0 0.0 0.0 0.0 0.0 0.0 0.0 0.0 0.0 0.0 0.0 1.0 1.0 0.0 0.0 1.0 1.0 1.0 0.0 0.0 73.0 249.0 1.0 0.0 0.01 0.16 0.0 0.0 1.0 1.0
0.0 0.0 0.0 0.0 0.0 0.0 0.0 0.0 0.0 0.0 0.0 0.0 0.0 0.0 0.0 1.0 1.0 0.0 0.0 1.0 1.0 1.0 0.0 0.0 83.0 255.0 1.0 0.0 0.01 0.15 0.0 0.0 1.0 1.0
0.0 0.0 0.0 0.0 0.0 0.0 0.0 0.0 0.0 0.0 0.0 0.0 0.0 0.0 0.0 1.0 1.0 0.0 0.0 1.0 1.0 1.0 0.0 0.0 93.0 255.0 1.0 0.0 0.01 0.15 0.0 0.0 1.0 1.0
0.0 0.0 0.0 0.0 0.0 0.0 0.0 0.0 0.0 0.0 0.0 0.0 0.0 0.0 0.0 1.0 1.0 0.0 0.0 1.0 1.0 1.0 0.0 0.0 103.0 255.0 1.0 0.0 0.01 0.13 0.0 0.0 1.0 1.0
0.0 0.0 0.0 0.0 0.0 0.0 0.0 0.0 0.0 0.0 0.0 0.0 0.0 0.0 0.0 2.0 2.0 0.0 0.0 1.0 1.0 1.0 0.0 0.0 113.0 255.0 1.0 0.0 0.01 0.12 0.0 0.0 1.0 1.0
0.0 0.0 0.0 0.0 0.0 0.0 0.0 0.0 0.0 0.0 0.0 0.0 0.0 0.0 0.0 1.0 1.0 0.0 0.0 1.0 1.0 1.0 0.0 0.0 123.0 255.0 1.0 0.0 0.01 0.11 0.0 0.0 1.0 1.0
0.0 0.0 0.0 0.0 0.0 0.0 0.0 0.0 0.0 0.0 0.0 0.0 0.0 0.0 0.0 1.0 1.0 0.0 0.0 1.0 1.0 1.0 0.0 0.0 4.0 255.0 1.0 0.0 0.25 0.1 0.0 0.0 1.0 1.0
0.0 0.0 0.0 0.0 0.0 0.0 0.0 0.0 0.0 0.0 0.0 0.0 0.0 0.0 0.0 1.0 1.0 0.0 0.0 1.0 1.0 1.0 0.0 0.0 14.0 255.0 1.0 0.0 0.07 0.1 0.0 0.0 1.0 1.0
0.0 0.0 0.0 0.0 0.0 0.0 0.0 0.0 0.0 0.0 0.0 0.0 0.0 0.0 0.0 1.0 2.0 0.0 0.0 1.0 1.0 1.0 0.0 1.0 9.0 255.0 1.0 0.0 0.11 0.09 0.0 0.0 1.0 1.0
0.0 0.0 0.0 0.0 0.0 0.0 0.0 0.0 0.0 0.0 0.0 0.0 0.0 0.0 0.0 1.0 2.0 0.0 0.0 1.0 1.0 1.0 0.0 1.0 3.0 255.0 1.0 0.0 0.33 0.08 0.0 0.0 1.0 1.0
0.0 0.0 0.0 0.0 0.0 0.0 0.0 0.0 0.0 0.0 0.0 0.0 0.0 0.0 0.0 1.0 1.0 0.0 0.0 1.0 1.0 1.0 0.0 0.0 13.0 255.0 1.0 0.0 0.08 0.07 0.0 0.0 1.0 1.0
0.0 0.0 0.0 0.0 0.0 0.0 0.0 0.0 0.0 0.0 0.0 0.0 0.0 0.0 0.0 1.0 1.0 0.0 0.0 1.0 1.0 1.0 0.0 0.0 23.0 255.0 1.0 0.0 0.04 0.06 0.0 0.0 1.0 1.0
0.0 0.0 0.0 0.0 0.0 0.0 0.0 0.0 0.0 0.0 0.0 0.0 0.0 0.0 0.0 1.0 1.0 0.0 0.0 1.0 1.0 1.0 0.0 0.0 33.0 255.0 1.0 0.0 0.03 0.06 0.0 0.0 1.0 1.0
0.0 0.0 0.0 0.0 0.0 0.0 0.0 0.0 0.0 0.0 0.0 0.0 0.0 0.0 0.0 1.0 1.0 0.0 0.0 1.0 1.0 1.0 0.0 0.0 9.0 255.0 1.0 0.0 0.11 0.06 0.0 0.0 1.0 1.0
0.0 0.0 0.0 0.0 0.0 0.0 0.0 0.0 0.0 0.0 0.0 0.0 0.0 0.0 0.0 1.0 1.0 0.0 0.0 1.0 1.0 1.0 0.0 0.0 5.0 255.0 1.0 0.0 0.2 0.07 0.0 0.0 1.0 1.0
0.0 0.0 0.0 0.0 0.0 0.0 0.0 0.0 0.0 0.0 0.0 0.0 0.0 0.0 0.0 1.0 2.0 0.0 0.0 1.0 1.0 1.0 0.0 1.0 6.0 255.0 1.0 0.0 0.17 0.07 0.0 0.0 1.0 1.0
0.0 0.0 0.0 0.0 0.0 0.0 0.0 0.0 0.0 0.0 0.0 0.0 0.0 0.0 0.0 1.0 1.0 0.0 0.0 1.0 1.0 1.0 0.0 0.0 4.0 255.0 1.0 0.0 0.25 0.07 0.0 0.0 1.0 1.0
0.0 0.0 0.0 0.0 0.0 0.0 0.0 0.0 0.0 0.0 0.0 0.0 0.0 0.0 0.0 1.0 1.0 0.0 0.0 1.0 1.0 1.0 0.0 0.0 4.0 255.0 1.0 0.0 0.25 0.06 0.0 0.0 1.0 1.0
0.0 0.0 0.0 0.0 0.0 0.0 0.0 0.0 0.0 0.0 0.0 0.0 0.0 0.0 0.0 1.0 1.0 0.0 0.0 1.0 1.0 1.0 0.0 0.0 4.0 255.0 1.0 0.0 0.25 0.06 0.0 0.0 1.0 1.0
0.0 0.0 0.0 0.0 0.0 0.0 0.0 0.0 0.0 0.0 0.0 0.0 0.0 0.0 0.0 1.0 1.0 0.0 0.0 1.0 1.0 1.0 0.0 0.0 5.0 255.0 1.0 0.0 0.2 0.05 0.0 0.0 1.0 1.0
0.0 0.0 0.0 0.0 0.0 0.0 0.0 0.0 0.0 0.0 0.0 0.0 0.0 0.0 0.0 1.0 1.0 0.0 0.0 1.0 1.0 1.0 0.0 0.0 15.0 255.0 1.0 0.0 0.07 0.05 0.0 0.0 1.0 1.0
0.0 0.0 0.0 0.0 0.0 0.0 0.0 0.0 0.0 0.0 0.0 0.0 0.0 0.0 0.0 1.0 1.0 0.0 0.0 1.0 1.0 1.0 0.0 0.0 1.0 255.0 1.0 0.0 1.0 0.06 0.0 0.0 1.0 1.0
0.0 0.0 0.0 0.0 0.0 0.0 0.0 0.0 0.0 0.0 0.0 0.0 0.0 0.0 0.0 1.0 1.0 0.0 0.0 1.0 1.0 1.0 0.0 0.0 11.0 255.0 1.0 0.0 0.09 0.06 0.0 0.0 1.0 1.0
0.0 0.0 0.0 0.0 0.0 0.0 0.0 0.0 0.0 0.0 0.0 0.0 0.0 0.0 0.0 1.0 1.0 0.0 0.0 1.0 1.0 1.0 0.0 0.0 21.0 255.0 1.0 0.0 0.05 0.06 0.0 0.0 1.0 1.0
0.0 0.0 0.0 0.0 0.0 0.0 0.0 0.0 0.0 0.0 0.0 0.0 0.0 0.0 0.0 1.0 1.0 0.0 0.0 1.0 1.0 1.0 0.0 0.0 31.0 255.0 1.0 0.0 0.03 0.06 0.0 0.0 1.0 1.0
0.0 0.0 0.0 0.0 0.0 0.0 0.0 0.0 0.0 0.0 0.0 0.0 0.0 0.0 0.0 1.0 1.0 0.0 0.0 1.0 1.0 1.0 0.0 0.0 41.0 255.0 1.0 0.0 0.02 0.06 0.0 0.0 1.0 1.0
0.0 0.0 0.0 0.0 0.0 0.0 0.0 0.0 0.0 0.0 0.0 0.0 0.0 0.0 0.0 1.0 4.0 0.0 0.0 1.0 0.25 1.0 0.0 0.5 51.0 255.0 1.0 0.0 0.02 0.06 0.0 0.0 1.0 1.0
0.0 0.0 0.0 0.0 0.0 0.0 0.0 0.0 0.0 0.0 0.0 0.0 0.0 0.0 0.0 1.0 1.0 0.0 0.0 1.0 1.0 1.0 0.0 0.0 61.0 255.0 1.0 0.0 0.02 0.06 0.0 0.0 0.93 0.98
0.0 0.0 0.0 0.0 0.0 0.0 0.0 0.0 0.0 0.0 0.0 0.0 0.0 0.0 0.0 1.0 1.0 0.0 0.0 1.0 1.0 1.0 0.0 0.0 1.0 255.0 1.0 0.0 1.0 0.07 0.0 0.0 1.0 0.98
0.0 7321.0 0.0 0.0 0.0 0.0 0.0 0.0 0.0 0.0 0.0 0.0 0.0 0.0 0.0 1.0 1.0 0.0 0.0 0.0 0.0 1.0 0.0 0.0 8.0 3.0 0.38 0.25 0.38 0.0 0.0 0.0 0.0 0.0
0.0 1405.0 327.0 0.0 0.0 0.0 0.0 0.0 0.0 0.0 0.0 0.0 0.0 0.0 0.0 1.0 1.0 0.0 0.0 0.0 0.0 1.0 0.0 0.0 18.0 12.0 0.67 0.17 0.06 0.0 0.0 0.0 0.0 0.0
0.0 383.0 0.0 0.0 0.0 0.0 0.0 0.0 0.0 0.0 0.0 0.0 0.0 0.0 0.0 2.0 3.0 0.0 0.0 0.0 0.0 1.0 0.0 0.67 28.0 7.0 0.25 0.14 0.25 0.0 0.0 0.0 0.0 0.0
0.0 637.0 0.0 0.0 0.0 0.0 0.0 0.0 0.0 0.0 0.0 0.0 0.0 0.0 0.0 7.0 7.0 0.0 0.0 0.0 0.0 1.0 0.0 0.0 38.0 17.0 0.45 0.11 0.45 0.0 0.0 0.0 0.0 0.0
0.0 5891.0 0.0 0.0 0.0 0.0 0.0 0.0 0.0 0.0 0.0 0.0 0.0 0.0 0.0 17.0 17.0 0.0 0.0 0.0 0.0 1.0 0.0 0.0 48.0 27.0 0.56 0.08 0.56 0.0 0.0 0.0 0.0 0.0
0.0 2766.0 332.0 0.0 0.0 0.0 0.0 0.0 0.0 0.0 0.0 0.0 0.0 0.0 0.0 1.0 1.0 0.0 0.0 0.0 0.0 1.0 0.0 0.0 58.0 24.0 0.41 0.07 0.02 0.0 0.0 0.0 0.0 0.0
0.0 10.0 271.0 0.0 0.0 0.0 0.0 0.0 0.0 0.0 0.0 0.0 0.0 0.0 0.0 1.0 1.0 0.0 0.0 0.0 0.0 1.0 0.0 0.0 68.0 1.0 0.01 0.07 0.01 0.0 0.0 0.0 0.0 0.0
3.0 820.0 361.0 0.0 0.0 0.0 0.0 0.0 0.0 0.0 0.0 0.0 0.0 0.0 0.0 1.0 1.0 0.0 0.0 0.0 0.0 1.0 0.0 0.0 78.0 41.0 0.53 0.06 0.01 0.0 0.0 0.0 0.0 0.0
0.0 830.0 328.0 0.0 0.0 0.0 0.0 0.0 0.0 0.0 0.0 0.0 0.0 0.0 0.0 1.0 1.0 0.0 0.0 0.0 0.0 1.0 0.0 0.0 88.0 50.0 0.57 0.06 0.01 0.0 0.0 0.0 0.0 0.0
4.0 1794.0 334.0 0.0 0.0 0.0 0.0 0.0 0.0 0.0 0.0 0.0 0.0 0.0 0.0 1.0 4.0 0.0 0.0 0.0 0.0 1.0 0.0 0.75 98.0 57.0 0.58 0.05 0.01 0.0 0.0 0.0 0.0 0.0
0.0 33.0 0.0 0.0 0.0 0.0 0.0 0.0 0.0 0.0 0.0 0.0 0.0 0.0 0.0 1.0 2.0 0.0 0.0 0.0 0.0 1.0 0.0 1.0 108.0 8.0 0.07 0.05 0.07 0.0 0.0 0.0 0.0 0.0
5.0 1065.0 328.0 0.0 0.0 0.0 0.0 0.0 0.0 0.0 0.0 0.0 0.0 0.0 0.0 1.0 1.0 0.0 0.0 0.0 0.0 1.0 0.0 0.0 118.0 73.0 0.62 0.05 0.01 0.0 0.0 0.0 0.0 0.0
0.0 567.0 0.0 0.0 0.0 0.0 0.0 0.0 0.0 0.0 0.0 0.0 0.0 0.0 0.0 1.0 1.0 0.0 0.0 0.0 0.0 1.0 0.0 0.0 128.0 29.0 0.23 0.05 0.23 0.0 0.0 0.0 0.0 0.0
1.0 896.0 329.0 0.0 0.0 0.0 0.0 0.0 0.0 0.0 0.0 0.0 0.0 0.0 0.0 1.0 1.0 0.0 0.0 0.0 0.0 1.0 0.0 0.0 138.0 82.0 0.59 0.04 0.01 0.0 0.0 0.0 0.0 0.0
0.0 59.0 0.0 0.0 0.0 0.0 0.0 0.0 0.0 0.0 0.0 0.0 0.0 0.0 0.0 4.0 4.0 0.0 0.0 0.0 0.0 1.0 0.0 0.0 148.0 43.0 0.29 0.04 0.29 0.0 0.0 0.0 0.0 0.0
0.0 567.0 0.0 0.0 0.0 0.0 0.0 0.0 0.0 0.0 0.0 0.0 0.0 0.0 0.0 2.0 1.0 0.0 0.0 0.0 0.0 0.5 1.0 0.0 158.0 48.0 0.3 0.04 0.3 0.0 0.0 0.0 0.0 0.0
0.0 1207.0 329.0 0.0 0.0 0.0 0.0 0.0 0.0 0.0 0.0 0.0 0.0 0.0 0.0 1.0 1.0 0.0 0.0 0.0 0.0 1.0 0.0 0.0 168.0 92.0 0.55 0.04 0.01 0.0 0.0 0.0 0.0 0.0
2.0 685.0 326.0 0.0 0.0 0.0 0.0 0.0 0.0 0.0 0.0 0.0 0.0 0.0 0.0 1.0 2.0 0.0 0.0 0.0 0.0 1.0 0.0 1.0 178.0 96.0 0.54 0.03 0.01 0.0 0.0 0.0 0.0 0.0
8.0 733.0 331.0 0.0 0.0 0.0 0.0 0.0 0.0 0.0 0.0 0.0 0.0 0.0 0.0 1.0 1.0 0.0 0.0 0.0 0.0 1.0 0.0 0.0 188.0 104.0 0.55 0.03 0.01 0.0 0.0 0.0 0.0 0.0
3.0 985.0 327.0 0.0 0.0 0.0 0.0 0.0 0.0 0.0 0.0 0.0 0.0 0.0 0.0 1.0 3.0 0.0 0.0 0.0 0.0 1.0 0.0 1.0 198.0 107.0 0.54 0.03 0.01 0.0 0.0 0.0 0.0 0.0
5.0 8.0 511.0 0.0 0.0 0.0 0.0 0.0 0.0 0.0 0.0 0.0 0.0 0.0 0.0 1.0 1.0 0.0 0.0 0.0 0.0 1.0 0.0 0.0 208.0 6.0 0.03 0.03 0.0 0.0 0.0 0.0 0.0 0.0
20.0 1748.0 329.0 0.0 0.0 0.0 0.0 0.0 0.0 0.0 0.0 0.0 0.0 0.0 0.0 1.0 2.0 0.0 0.0 0.0 0.0 1.0 0.0 1.0 218.0 124.0 0.57 0.03 0.0 0.0 0.0 0.0 0.0 0.0
38.0 1570.0 283.0 0.0 0.0 0.0 0.0 0.0 0.0 0.0 0.0 0.0 0.0 0.0 0.0 1.0 1.0 0.0 0.0 0.0 0.0 1.0 0.0 0.0 228.0 132.0 0.58 0.03 0.0 0.0 0.0 0.0 0.0 0.0
5.0 710.0 328.0 0.0 0.0 0.0 0.0 0.0 0.0 0.0 0.0 0.0 0.0 0.0 0.0 1.0 1.0 0.0 0.0 0.0 0.0 1.0 0.0 0.0 238.0 142.0 0.6 0.03 0.0 0.0 0.0 0.0 0.0 0.0
10.0 1209.0 330.0 0.0 0.0 0.0 0.0 0.0 0.0 0.0 0.0 0.0 0.0 0.0 0.0 1.0 2.0 0.0 0.0 0.0 0.0 1.0 0.0 1.0 248.0 150.0 0.6 0.02 0.0 0.0 0.0 0.0 0.0 0.0
5.0 705.0 283.0 0.0 0.0 0.0 0.0 0.0 0.0 0.0 0.0 0.0 0.0 0.0 0.0 1.0 1.0 0.0 0.0 0.0 0.0 1.0 0.0 0.0 255.0 154.0 0.6 0.02 0.0 0.0 0.0 0.0 0.0 0.0
6.0 775.0 326.0 0.0 0.0 0.0 0.0 0.0 0.0 0.0 0.0 0.0 0.0 0.0 0.0 1.0 1.0 0.0 0.0 0.0 0.0 1.0 0.0 0.0 255.0 158.0 0.62 0.02 0.0 0.0 0.0 0.0 0.0 0.0
0.0 245.0 0.0 0.0 0.0 0.0 0.0 0.0 0.0 0.0 0.0 0.0 0.0 0.0 0.0 2.0 2.0 0.0 0.0 0.0 0.0 1.0 0.0 0.0 255.0 62.0 0.24 0.02 0.24 0.0 0.0 0.0 0.0 0.0
0.0 12241.0 0.0 0.0 0.0 0.0 0.0 0.0 0.0 0.0 0.0 0.0 0.0 0.0 0.0 6.0 6.0 0.0 0.0 0.0 0.0 1.0 0.0 0.0 255.0 64.0 0.25 0.02 0.25 0.0 0.0 0.0 0.0 0.0
0.0 1502.0 332.0 0.0 0.0 0.0 0.0 0.0 0.0 0.0 0.0 0.0 0.0 0.0 0.0 1.0 1.0 0.0 0.0 0.0 0.0 1.0 0.0 0.0 255.0 156.0 0.61 0.02 0.0 0.0 0.0 0.0 0.0 0.0
1.0 833.0 331.0 0.0 0.0 0.0 0.0 0.0 0.0 0.0 0.0 0.0 0.0 0.0 0.0 1.0 3.0 0.0 0.0 0.0 0.0 1.0 0.0 1.0 255.0 158.0 0.62 0.02 0.0 0.0 0.0 0.0 0.0 0.0
0.0 735.0 332.0 0.0 0.0 0.0 0.0 0.0 0.0 0.0 0.0 0.0 0.0 0.0 0.0 1.0 1.0 0.0 0.0 0.0 0.0 1.0 0.0 0.0 1.0 150.0 1.0 0.0 1.0 0.01 0.0 0.0 0.0 0.0
1.0 952.0 330.0 0.0 0.0 0.0 0.0 0.0 0.0 0.0 0.0 0.0 0.0 1.0 0.0 1.0 2.0 0.0 0.0 0.0 0.0 1.0 0.0 1.0 11.0 151.0 0.91 0.18 0.09 0.01 0.0 0.0 0.0 0.0
1.0 1000.0 326.0 0.0 0.0 0.0 0.0 0.0 0.0 0.0 0.0 0.0 0.0 0.0 0.0 1.0 2.0 0.0 0.0 0.0 0.0 1.0 0.0 1.0 21.0 151.0 0.95 0.1 0.05 0.01 0.0 0.0 0.0 0.0
0.0 1696.0 336.0 0.0 0.0 0.0 0.0 0.0 0.0 0.0 0.0 0.0 0.0 0.0 0.0 1.0 1.0 0.0 0.0 0.0 0.0 1.0 0.0 0.0 31.0 151.0 0.87 0.13 0.03 0.01 0.0 0.0 0.0 0.0
23.0 1527.0 326.0 0.0 0.0 0.0 0.0 0.0 0.0 0.0 0.0 0.0 0.0 0.0 0.0 1.0 2.0 0.0 0.0 0.0 0.0 1.0 0.0 1.0 41.0 151.0 0.88 0.12 0.02 0.01 0.0 0.0 0.0 0.0
1.0 1009.0 278.0 0.0 0.0 0.0 0.0 0.0 0.0 0.0 0.0 0.0 0.0 0.0 0.0 1.0 3.0 0.0 0.0 0.0 0.0 1.0 0.0 1.0 51.0 152.0 0.88 0.1 0.02 0.01 0.0 0.0 0.0 0.0
2.0 982.0 326.0 0.0 0.0 0.0 0.0 0.0 0.0 0.0 0.0 0.0 0.0 0.0 0.0 1.0 1.0 0.0 0.0 0.0 0.0 1.0 0.0 0.0 61.0 153.0 0.89 0.08 0.02 0.01 0.0 0.0 0.0 0.0
1.0 887.0 329.0 0.0 0.0 0.0 0.0 0.0 0.0 0.0 0.0 0.0 0.0 0.0 0.0 1.0 3.0 0.0 0.0 0.0 0.0 1.0 0.0 1.0 71.0 159.0 0.89 0.07 0.01 0.01 0.0 0.0 0.0 0.0
0.0 1199.0 0.0 0.0 0.0 0.0 0.0 0.0 0.0 0.0 0.0 0.0 0.0 0.0 0.0 4.0 4.0 0.0 0.0 0.0 0.0 1.0 0.0 0.0 81.0 53.0 0.12 0.07 0.12 0.04 0.0 0.0 0.0 0.0
0.0 3676.0 0.0 0.0 0.0 0.0 0.0 0.0 0.0 0.0 0.0 0.0 0.0 0.0 0.0 14.0 14.0 0.0 0.0 0.0 0.0 1.0 0.0 0.0 91.0 58.0 0.22 0.07 0.22 0.03 0.0 0.0 0.0 0.0
0.0 722.0 327.0 0.0 0.0 0.0 0.0 0.0 0.0 0.0 0.0 0.0 0.0 0.0 0.0 1.0 1.0 0.0 0.0 0.0 0.0 1.0 0.0 0.0 101.0 159.0 0.69 0.06 0.01 0.01 0.0 0.0 0.0 0.0
5.0 1100.0 334.0 0.0 0.0 0.0 0.0 0.0 0.0 0.0 0.0 0.0 0.0 0.0 0.0 1.0 1.0 0.0 0.0 0.0 0.0 1.0 0.0 0.0 111.0 164.0 0.72 0.05 0.01 0.01 0.0 0.0 0.0 0.0
0.0 33.0 0.0 0.0 0.0 0.0 0.0 0.0 0.0 0.0 0.0 0.0 0.0 0.0 0.0 1.0 2.0 0.0 0.0 0.0 0.0 1.0 0.0 1.0 121.0 22.0 0.04 0.05 0.04 0.09 0.0 0.0 0.0 0.0
