0.0 1032.0 0.0 0.0 0.0 0.0 0.0 0.0 0.0 0.0 0.0 0.0 0.0 0.0 0.0 511.0 511.0 0.0 0.0 0.0 0.0 1.0 0.0 0.0 255.0 89.0 0.35 0.02 0.35 0.0 0.02 0.0 0.0 0.0
0.0 1032.0 0.0 0.0 0.0 0.0 0.0 0.0 0.0 0.0 0.0 0.0 0.0 0.0 0.0 511.0 511.0 0.0 0.0 0.0 0.0 1.0 0.0 0.0 255.0 99.0 0.39 0.02 0.39 0.0 0.02 0.0 0.0 0.0
0.0 1032.0 0.0 0.0 0.0 0.0 0.0 0.0 0.0 0.0 0.0 0.0 0.0 0.0 0.0 511.0 511.0 0.0 0.0 0.0 0.0 1.0 0.0 0.0 255.0 109.0 0.43 0.02 0.43 0.0 0.02 0.0 0.0 0.0
0.0 1032.0 0.0 0.0 0.0 0.0 0.0 0.0 0.0 0.0 0.0 0.0 0.0 0.0 0.0 511.0 511.0 0.0 0.0 0.0 0.0 1.0 0.0 0.0 255.0 119.0 0.47 0.02 0.47 0.0 0.02 0.0 0.0 0.0
0.0 1032.0 0.0 0.0 0.0 0.0 0.0 0.0 0.0 0.0 0.0 0.0 0.0 0.0 0.0 511.0 511.0 0.0 0.0 0.0 0.0 1.0 0.0 0.0 255.0 129.0 0.51 0.02 0.51 0.0 0.02 0.0 0.0 0.0
0.0 1032.0 0.0 0.0 0.0 0.0 0.0 0.0 0.0 0.0 0.0 0.0 0.0 0.0 0.0 511.0 511.0 0.0 0.0 0.0 0.0 1.0 0.0 0.0 255.0 139.0 0.55 0.02 0.55 0.0 0.01 0.0 0.0 0.0
0.0 1032.0 0.0 0.0 0.0 0.0 0.0 0.0 0.0 0.0 0.0 0.0 0.0 0.0 0.0 511.0 511.0 0.0 0.0 0.0 0.0 1.0 0.0 0.0 255.0 149.0 0.58 0.02 0.58 0.0 0.01 0.0 0.0 0.0
0.0 1032.0 0.0 0.0 0.0 0.0 0.0 0.0 0.0 0.0 0.0 0.0 0.0 0.0 0.0 511.0 511.0 0.0 0.0 0.0 0.0 1.0 0.0 0.0 255.0 159.0 0.62 0.02 0.62 0.0 0.0 0.0 0.0 0.0
0.0 1032.0 0.0 0.0 0.0 0.0 0.0 0.0 0.0 0.0 0.0 0.0 0.0 0.0 0.0 511.0 511.0 0.0 0.0 0.0 0.0 1.0 0.0 0.0 255.0 169.0 0.66 0.02 0.66 0.0 0.0 0.0 0.0 0.0
0.0 1032.0 0.0 0.0 0.0 0.0 0.0 0.0 0.0 0.0 0.0 0.0 0.0 0.0 0.0 511.0 511.0 0.0 0.0 0.0 0.0 1.0 0.0 0.0 255.0 179.0 0.7 0.02 0.7 0.0 0.0 0.0 0.0 0.0
0.0 1032.0 0.0 0.0 0.0 0.0 0.0 0.0 0.0 0.0 0.0 0.0 0.0 0.0 0.0 511.0 511.0 0.0 0.0 0.0 0.0 1.0 0.0 0.0 255.0 189.0 0.74 0.02 0.74 0.0 0.0 0.0 0.0 0.0
0.0 1032.0 0.0 0.0 0.0 0.0 0.0 0.0 0.0 0.0 0.0 0.0 0.0 0.0 0.0 511.0 511.0 0.0 0.0 0.0 0.0 1.0 0.0 0.0 255.0 199.0 0.78 0.02 0.78 0.0 0.0 0.0 0.0 0.0
0.0 1032.0 0.0 0.0 0.0 0.0 0.0 0.0 0.0 0.0 0.0 0.0 0.0 0.0 0.0 511.0 511.0 0.0 0.0 0.0 0.0 1.0 0.0 0.0 255.0 209.0 0.82 0.02 0.82 0.0 0.0 0.0 0.0 0.0
0.0 1032.0 0.0 0.0 0.0 0.0 0.0 0.0 0.0 0.0 0.0 0.0 0.0 0.0 0.0 511.0 511.0 0.0 0.0 0.0 0.0 1.0 0.0 0.0 255.0 219.0 0.86 0.01 0.86 0.0 0.0 0.0 0.0 0.0
0.0 1032.0 0.0 0.0 0.0 0.0 0.0 0.0 0.0 0.0 0.0 0.0 0.0 0.0 0.0 511.0 511.0 0.0 0.0 0.0 0.0 1.0 0.0 0.0 255.0 229.0 0.9 0.01 0.9 0.0 0.0 0.0 0.0 0.0
0.0 1032.0 0.0 0.0 0.0 0.0 0.0 0.0 0.0 0.0 0.0 0.0 0.0 0.0 0.0 511.0 511.0 0.0 0.0 0.0 0.0 1.0 0.0 0.0 255.0 239.0 0.94 0.01 0.94 0.0 0.0 0.0 0.0 0.0
0.0 1032.0 0.0 0.0 0.0 0.0 0.0 0.0 0.0 0.0 0.0 0.0 0.0 0.0 0.0 511.0 511.0 0.0 0.0 0.0 0.0 1.0 0.0 0.0 255.0 249.0 0.98 0.01 0.98 0.0 0.0 0.0 0.0 0.0
0.0 1032.0 0.0 0.0 0.0 0.0 0.0 0.0 0.0 0.0 0.0 0.0 0.0 0.0 0.0 511.0 511.0 0.0 0.0 0.0 0.0 1.0 0.0 0.0 255.0 255.0 1.0 0.0 1.0 0.0 0.0 0.0 0.0 0.0
0.0 1032.0 0.0 0.0 0.0 0.0 0.0 0.0 0.0 0.0 0.0 0.0 0.0 0.0 0.0 511.0 511.0 0.0 0.0 0.0 0.0 1.0 0.0 0.0 255.0 255.0 1.0 0.0 1.0 0.0 0.0 0.0 0.0 0.0
0.0 1032.0 0.0 0.0 0.0 0.0 0.0 0.0 0.0 0.0 0.0 0.0 0.0 0.0 0.0 511.0 511.0 0.0 0.0 0.0 0.0 1.0 0.0 0.0 255.0 255.0 1.0 0.0 1.0 0.0 0.0 0.0 0.0 0.0
0.0 1032.0 0.0 0.0 0.0 0.0 0.0 0.0 0.0 0.0 0.0 0.0 0.0 0.0 0.0 511.0 511.0 0.0 0.0 0.0 0.0 1.0 0.0 0.0 255.0 255.0 1.0 0.0 1.0 0.0 0.0 0.0 0.0 0.0
0.0 1032.0 0.0 0.0 0.0 0.0 0.0 0.0 0.0 0.0 0.0 0.0 0.0 0.0 0.0 511.0 511.0 0.0 0.0 0.0 0.0 1.0 0.0 0.0 255.0 255.0 1.0 0.0 1.0 0.0 0.0 0.0 0.0 0.0
0.0 1032.0 0.0 0.0 0.0 0.0 0.0 0.0 0.0 0.0 0.0 0.0 0.0 0.0 0.0 511.0 511.0 0.0 0.0 0.0 0.0 1.0 0.0 0.0 255.0 255.0 1.0 0.0 1.0 0.0 0.0 0.0 0.0 0.0
0.0 1032.0 0.0 0.0 0.0 0.0 0.0 0.0 0.0 0.0 0.0 0.0 0.0 0.0 0.0 511.0 511.0 0.0 0.0 0.0 0.0 1.0 0.0 0.0 255.0 255.0 1.0 0.0 1.0 0.0 0.0 0.0 0.0 0.0
0.0 1032.0 0.0 0.0 0.0 0.0 0.0 0.0 0.0 0.0 0.0 0.0 0.0 0.0 0.0 511.0 511.0 0.0 0.0 0.0 0.0 1.0 0.0 0.0 255.0 255.0 1.0 0.0 1.0 0.0 0.0 0.0 0.0 0.0
0.0 1032.0 0.0 0.0 0.0 0.0 0.0 0.0 0.0 0.0 0.0 0.0 0.0 0.0 0.0 511.0 511.0 0.0 0.0 0.0 0.0 1.0 0.0 0.0 255.0 255.0 1.0 0.0 1.0 0.0 0.0 0.0 0.0 0.0
0.0 1032.0 0.0 0.0 0.0 0.0 0.0 0.0 0.0 0.0 0.0 0.0 0.0 0.0 0.0 511.0 511.0 0.0 0.0 0.0 0.0 1.0 0.0 0.0 255.0 255.0 1.0 0.0 1.0 0.0 0.0 0.0 0.0 0.0
0.0 1032.0 0.0 0.0 0.0 0.0 0.0 0.0 0.0 0.0 0.0 0.0 0.0 0.0 0.0 511.0 511.0 0.0 0.0 0.0 0.0 1.0 0.0 0.0 255.0 255.0 1.0 0.0 1.0 0.0 0.0 0.0 0.0 0.0
0.0 1032.0 0.0 0.0 0.0 0.0 0.0 0.0 0.0 0.0 0.0 0.0 0.0 0.0 0.0 511.0 511.0 0.0 0.0 0.0 0.0 1.0 0.0 0.0 255.0 255.0 1.0 0.0 1.0 0.0 0.0 0.0 0.0 0.0
0.0 1032.0 0.0 0.0 0.0 0.0 0.0 0.0 0.0 0.0 0.0 0.0 0.0 0.0 0.0 511.0 511.0 0.0 0.0 0.0 0.0 1.0 0.0 0.0 255.0 255.0 1.0 0.0 1.0 0.0 0.0 0.0 0.0 0.0
0.0 1032.0 0.0 0.0 0.0 0.0 0.0 0.0 0.0 0.0 0.0 0.0 0.0 0.0 0.0 511.0 511.0 0.0 0.0 0.0 0.0 1.0 0.0 0.0 255.0 255.0 1.0 0.0 1.0 0.0 0.0 0.0 0.0 0.0
0.0 1032.0 0.0 0.0 0.0 0.0 0.0 0.0 0.0 0.0 0.0 0.0 0.0 0.0 0.0 511.0 511.0 0.0 0.0 0.0 0.0 1.0 0.0 0.0 255.0 255.0 1.0 0.0 1.0 0.0 0.0 0.0 0.0 0.0
0.0 1032.0 0.0 0.0 0.0 0.0 0.0 0.0 0.0 0.0 0.0 0.0 0.0 0.0 0.0 511.0 511.0 0.0 0.0 0.0 0.0 1.0 0.0 0.0 255.0 255.0 1.0 0.0 1.0 0.0 0.0 0.0 0.0 0.0
0.0 1032.0 0.0 0.0 0.0 0.0 0.0 0.0 0.0 0.0 0.0 0.0 0.0 0.0 0.0 511.0 511.0 0.0 0.0 0.0 0.0 1.0 0.0 0.0 255.0 255.0 1.0 0.0 1.0 0.0 0.0 0.0 0.0 0.0
0.0 1032.0 0.0 0.0 0.0 0.0 0.0 0.0 0.0 0.0 0.0 0.0 0.0 0.0 0.0 511.0 511.0 0.0 0.0 0.0 0.0 1.0 0.0 0.0 255.0 255.0 1.0 0.0 1.0 0.0 0.0 0.0 0.0 0.0
0.0 1032.0 0.0 0.0 0.0 0.0 0.0 0.0 0.0 0.0 0.0 0.0 0.0 0.0 0.0 511.0 511.0 0.0 0.0 0.0 0.0 1.0 0.0 0.0 255.0 255.0 1.0 0.0 1.0 0.0 0.0 0.0 0.0 0.0
0.0 1032.0 0.0 0.0 0.0 0.0 0.0 0.0 0.0 0.0 0.0 0.0 0.0 0.0 0.0 511.0 511.0 0.0 0.0 0.0 0.0 1.0 0.0 0.0 255.0 255.0 1.0 0.0 1.0 0.0 0.0 0.0 0.0 0.0
0.0 1032.0 0.0 0.0 0.0 0.0 0.0 0.0 0.0 0.0 0.0 0.0 0.0 0.0 0.0 511.0 511.0 0.0 0.0 0.0 0.0 1.0 0.0 0.0 255.0 255.0 1.0 0.0 1.0 0.0 0.0 0.0 0.0 0.0
0.0 1032.0 0.0 0.0 0.0 0.0 0.0 0.0 0.0 0.0 0.0 0.0 0.0 0.0 0.0 511.0 511.0 0.0 0.0 0.0 0.0 1.0 0.0 0.0 255.0 255.0 1.0 0.0 1.0 0.0 0.0 0.0 0.0 0.0
0.0 1032.0 0.0 0.0 0.0 0.0 0.0 0.0 0.0 0.0 0.0 0.0 0.0 0.0 0.0 511.0 511.0 0.0 0.0 0.0 0.0 1.0 0.0 0.0 255.0 255.0 1.0 0.0 1.0 0.0 0.0 0.0 0.0 0.0
0.0 1032.0 0.0 0.0 0.0 0.0 0.0 0.0 0.0 0.0 0.0 0.0 0.0 0.0 0.0 511.0 511.0 0.0 0.0 0.0 0.0 1.0 0.0 0.0 255.0 255.0 1.0 0.0 1.0 0.0 0.0 0.0 0.0 0.0
0.0 1032.0 0.0 0.0 0.0 0.0 0.0 0.0 0.0 0.0 0.0 0.0 0.0 0.0 0.0 511.0 511.0 0.0 0.0 0.0 0.0 1.0 0.0 0.0 255.0 255.0 1.0 0.0 1.0 0.0 0.0 0.0 0.0 0.0
0.0 1032.0 0.0 0.0 0.0 0.0 0.0 0.0 0.0 0.0 0.0 0.0 0.0 0.0 0.0 511.0 511.0 0.0 0.0 0.0 0.0 1.0 0.0 0.0 255.0 255.0 1.0 0.0 1.0 0.0 0.0 0.0 0.0 0.0
0.0 1032.0 0.0 0.0 0.0 0.0 0.0 0.0 0.0 0.0 0.0 0.0 0.0 0.0 0.0 511.0 511.0 0.0 0.0 0.0 0.0 1.0 0.0 0.0 255.0 255.0 1.0 0.0 1.0 0.0 0.0 0.0 0.0 0.0
0.0 1032.0 0.0 0.0 0.0 0.0 0.0 0.0 0.0 0.0 0.0 0.0 0.0 0.0 0.0 511.0 511.0 0.0 0.0 0.0 0.0 1.0 0.0 0.0 255.0 255.0 1.0 0.0 1.0 0.0 0.0 0.0 0.0 0.0
0.0 1032.0 0.0 0.0 0.0 0.0 0.0 0.0 0.0 0.0 0.0 0.0 0.0 0.0 0.0 511.0 511.0 0.0 0.0 0.0 0.0 1.0 0.0 0.0 255.0 255.0 1.0 0.0 1.0 0.0 0.0 0.0 0.0 0.0
0.0 1032.0 0.0 0.0 0.0 0.0 0.0 0.0 0.0 0.0 0.0 0.0 0.0 0.0 0.0 511.0 511.0 0.0 0.0 0.0 0.0 1.0 0.0 0.0 255.0 255.0 1.0 0.0 1.0 0.0 0.0 0.0 0.0 0.0
0.0 1032.0 0.0 0.0 0.0 0.0 0.0 0.0 0.0 0.0 0.0 0.0 0.0 0.0 0.0 511.0 511.0 0.0 0.0 0.0 0.0 1.0 0.0 0.0 255.0 255.0 1.0 0.0 1.0 0.0 0.0 0.0 0.0 0.0
0.0 1032.0 0.0 0.0 0.0 0.0 0.0 0.0 0.0 0.0 0.0 0.0 0.0 0.0 0.0 511.0 511.0 0.0 0.0 0.0 0.0 1.0 0.0 0.0 255.0 255.0 1.0 0.0 1.0 0.0 0.0 0.0 0.0 0.0
0.0 1032.0 0.0 0.0 0.0 0.0 0.0 0.0 0.0 0.0 0.0 0.0 0.0 0.0 0.0 511.0 511.0 0.0 0.0 0.0 0.0 1.0 0.0 0.0 255.0 255.0 1.0 0.0 1.0 0.0 0.0 0.0 0.0 0.0
0.0 1032.0 0.0 0.0 0.0 0.0 0.0 0.0 0.0 0.0 0.0 0.0 0.0 0.0 0.0 511.0 511.0 0.0 0.0 0.0 0.0 1.0 0.0 0.0 255.0 255.0 1.0 0.0 1.0 0.0 0.0 0.0 0.0 0.0
0.0 1032.0 0.0 0.0 0.0 0.0 0.0 0.0 0.0 0.0 0.0 0.0 0.0 0.0 0.0 511.0 511.0 0.0 0.0 0.0 0.0 1.0 0.0 0.0 255.0 255.0 1.0 0.0 1.0 0.0 0.0 0.0 0.0 0.0
0.0 1032.0 0.0 0.0 0.0 0.0 0.0 0.0 0.0 0.0 0.0 0.0 0.0 0.0 0.0 511.0 511.0 0.0 0.0 0.0 0.0 1.0 0.0 0.0 255.0 255.0 1.0 0.0 1.0 0.0 0.0 0.0 0.0 0.0
0.0 1032.0 0.0 0.0 0.0 0.0 0.0 0.0 0.0 0.0 0.0 0.0 0.0 0.0 0.0 511.0 511.0 0.0 0.0 0.0 0.0 1.0 0.0 0.0 255.0 255.0 1.0 0.0 1.0 0.0 0.0 0.0 0.0 0.0
0.0 1032.0 0.0 0.0 0.0 0.0 0.0 0.0 0.0 0.0 0.0 0.0 0.0 0.0 0.0 511.0 511.0 0.0 0.0 0.0 0.0 1.0 0.0 0.0 255.0 255.0 1.0 0.0 1.0 0.0 0.0 0.0 0.0 0.0
0.0 1032.0 0.0 0.0 0.0 0.0 0.0 0.0 0.0 0.0 0.0 0.0 0.0 0.0 0.0 511.0 511.0 0.0 0.0 0.0 0.0 1.0 0.0 0.0 255.0 255.0 1.0 0.0 1.0 0.0 0.0 0.0 0.0 0.0
0.0 1032.0 0.0 0.0 0.0 0.0 0.0 0.0 0.0 0.0 0.0 0.0 0.0 0.0 0.0 511.0 511.0 0.0 0.0 0.0 0.0 1.0 0.0 0.0 255.0 255.0 1.0 0.0 1.0 0.0 0.0 0.0 0.0 0.0
0.0 1032.0 0.0 0.0 0.0 0.0 0.0 0.0 0.0 0.0 0.0 0.0 0.0 0.0 0.0 511.0 511.0 0.0 0.0 0.0 0.0 1.0 0.0 0.0 255.0 255.0 1.0 0.0 1.0 0.0 0.0 0.0 0.0 0.0
0.0 1032.0 0.0 0.0 0.0 0.0 0.0 0.0 0.0 0.0 0.0 0.0 0.0 0.0 0.0 511.0 511.0 0.0 0.0 0.0 0.0 1.0 0.0 0.0 255.0 255.0 1.0 0.0 1.0 0.0 0.0 0.0 0.0 0.0
0.0 1032.0 0.0 0.0 0.0 0.0 0.0 0.0 0.0 0.0 0.0 0.0 0.0 0.0 0.0 511.0 511.0 0.0 0.0 0.0 0.0 1.0 0.0 0.0 255.0 255.0 1.0 0.0 1.0 0.0 0.0 0.0 0.0 0.0
0.0 1032.0 0.0 0.0 0.0 0.0 0.0 0.0 0.0 0.0 0.0 0.0 0.0 0.0 0.0 511.0 511.0 0.0 0.0 0.0 0.0 1.0 0.0 0.0 255.0 255.0 1.0 0.0 1.0 0.0 0.0 0.0 0.0 0.0
0.0 1032.0 0.0 0.0 0.0 0.0 0.0 0.0 0.0 0.0 0.0 0.0 0.0 0.0 0.0 511.0 511.0 0.0 0.0 0.0 0.0 1.0 0.0 0.0 255.0 255.0 1.0 0.0 1.0 0.0 0.0 0.0 0.0 0.0
0.0 1032.0 0.0 0.0 0.0 0.0 0.0 0.0 0.0 0.0 0.0 0.0 0.0 0.0 0.0 511.0 511.0 0.0 0.0 0.0 0.0 1.0 0.0 0.0 255.0 255.0 1.0 0.0 1.0 0.0 0.0 0.0 0.0 0.0
0.0 1032.0 0.0 0.0 0.0 0.0 0.0 0.0 0.0 0.0 0.0 0.0 0.0 0.0 0.0 511.0 511.0 0.0 0.0 0.0 0.0 1.0 0.0 0.0 255.0 255.0 1.0 0.0 1.0 0.0 0.0 0.0 0.0 0.0
0.0 1032.0 0.0 0.0 0.0 0.0 0.0 0.0 0.0 0.0 0.0 0.0 0.0 0.0 0.0 511.0 511.0 0.0 0.0 0.0 0.0 1.0 0.0 0.0 255.0 255.0 1.0 0.0 1.0 0.0 0.0 0.0 0.0 0.0
0.0 1032.0 0.0 0.0 0.0 0.0 0.0 0.0 0.0 0.0 0.0 0.0 0.0 0.0 0.0 511.0 511.0 0.0 0.0 0.0 0.0 1.0 0.0 0.0 255.0 255.0 1.0 0.0 1.0 0.0 0.0 0.0 0.0 0.0
0.0 1032.0 0.0 0.0 0.0 0.0 0.0 0.0 0.0 0.0 0.0 0.0 0.0 0.0 0.0 511.0 511.0 0.0 0.0 0.0 0.0 1.0 0.0 0.0 255.0 255.0 1.0 0.0 1.0 0.0 0.0 0.0 0.0 0.0
0.0 1032.0 0.0 0.0 0.0 0.0 0.0 0.0 0.0 0.0 0.0 0.0 0.0 0.0 0.0 511.0 511.0 0.0 0.0 0.0 0.0 1.0 0.0 0.0 255.0 255.0 1.0 0.0 1.0 0.0 0.0 0.0 0.0 0.0
0.0 1032.0 0.0 0.0 0.0 0.0 0.0 0.0 0.0 0.0 0.0 0.0 0.0 0.0 0.0 511.0 511.0 0.0 0.0 0.0 0.0 1.0 0.0 0.0 255.0 255.0 1.0 0.0 1.0 0.0 0.0 0.0 0.0 0.0
0.0 1032.0 0.0 0.0 0.0 0.0 0.0 0.0 0.0 0.0 0.0 0.0 0.0 0.0 0.0 511.0 511.0 0.0 0.0 0.0 0.0 1.0 0.0 0.0 255.0 255.0 1.0 0.0 1.0 0.0 0.0 0.0 0.0 0.0
0.0 1032.0 0.0 0.0 0.0 0.0 0.0 0.0 0.0 0.0 0.0 0.0 0.0 0.0 0.0 511.0 511.0 0.0 0.0 0.0 0.0 1.0 0.0 0.0 255.0 255.0 1.0 0.0 1.0 0.0 0.0 0.0 0.0 0.0
0.0 1032.0 0.0 0.0 0.0 0.0 0.0 0.0 0.0 0.0 0.0 0.0 0.0 0.0 0.0 511.0 511.0 0.0 0.0 0.0 0.0 1.0 0.0 0.0 255.0 255.0 1.0 0.0 1.0 0.0 0.0 0.0 0.0 0.0
0.0 1032.0 0.0 0.0 0.0 0.0 0.0 0.0 0.0 0.0 0.0 0.0 0.0 0.0 0.0 511.0 511.0 0.0 0.0 0.0 0.0 1.0 0.0 0.0 255.0 255.0 1.0 0.0 1.0 0.0 0.0 0.0 0.0 0.0
0.0 1032.0 0.0 0.0 0.0 0.0 0.0 0.0 0.0 0.0 0.0 0.0 0.0 0.0 0.0 511.0 511.0 0.0 0.0 0.0 0.0 1.0 0.0 0.0 255.0 255.0 1.0 0.0 1.0 0.0 0.0 0.0 0.0 0.0
0.0 1032.0 0.0 0.0 0.0 0.0 0.0 0.0 0.0 0.0 0.0 0.0 0.0 0.0 0.0 511.0 511.0 0.0 0.0 0.0 0.0 1.0 0.0 0.0 255.0 255.0 1.0 0.0 1.0 0.0 0.0 0.0 0.0 0.0
0.0 1032.0 0.0 0.0 0.0 0.0 0.0 0.0 0.0 0.0 0.0 0.0 0.0 0.0 0.0 511.0 511.0 0.0 0.0 0.0 0.0 1.0 0.0 0.0 255.0 255.0 1.0 0.0 1.0 0.0 0.0 0.0 0.0 0.0
0.0 1032.0 0.0 0.0 0.0 0.0 0.0 0.0 0.0 0.0 0.0 0.0 0.0 0.0 0.0 511.0 511.0 0.0 0.0 0.0 0.0 1.0 0.0 0.0 255.0 255.0 1.0 0.0 1.0 0.0 0.0 0.0 0.0 0.0
0.0 1032.0 0.0 0.0 0.0 0.0 0.0 0.0 0.0 0.0 0.0 0.0 0.0 0.0 0.0 511.0 511.0 0.0 0.0 0.0 0.0 1.0 0.0 0.0 255.0 255.0 1.0 0.0 1.0 0.0 0.0 0.0 0.0 0.0
0.0 1032.0 0.0 0.0 0.0 0.0 0.0 0.0 0.0 0.0 0.0 0.0 0.0 0.0 0.0 511.0 511.0 0.0 0.0 0.0 0.0 1.0 0.0 0.0 255.0 255.0 1.0 0.0 1.0 0.0 0.0 0.0 0.0 0.0
0.0 1032.0 0.0 0.0 0.0 0.0 0.0 0.0 0.0 0.0 0.0 0.0 0.0 0.0 0.0 511.0 511.0 0.0 0.0 0.0 0.0 1.0 0.0 0.0 255.0 255.0 1.0 0.0 1.0 0.0 0.0 0.0 0.0 0.0
0.0 1032.0 0.0 0.0 0.0 0.0 0.0 0.0 0.0 0.0 0.0 0.0 0.0 0.0 0.0 511.0 511.0 0.0 0.0 0.0 0.0 1.0 0.0 0.0 255.0 255.0 1.0 0.0 1.0 0.0 0.0 0.0 0.0 0.0
0.0 1032.0 0.0 0.0 0.0 0.0 0.0 0.0 0.0 0.0 0.0 0.0 0.0 0.0 0.0 511.0 511.0 0.0 0.0 0.0 0.0 1.0 0.0 0.0 255.0 255.0 1.0 0.0 1.0 0.0 0.0 0.0 0.0 0.0
0.0 1032.0 0.0 0.0 0.0 0.0 0.0 0.0 0.0 0.0 0.0 0.0 0.0 0.0 0.0 511.0 511.0 0.0 0.0 0.0 0.0 1.0 0.0 0.0 255.0 255.0 1.0 0.0 1.0 0.0 0.0 0.0 0.0 0.0
0.0 1032.0 0.0 0.0 0.0 0.0 0.0 0.0 0.0 0.0 0.0 0.0 0.0 0.0 0.0 511.0 511.0 0.0 0.0 0.0 0.0 1.0 0.0 0.0 255.0 255.0 1.0 0.0 1.0 0.0 0.0 0.0 0.0 0.0
0.0 1032.0 0.0 0.0 0.0 0.0 0.0 0.0 0.0 0.0 0.0 0.0 0.0 0.0 0.0 511.0 511.0 0.0 0.0 0.0 0.0 1.0 0.0 0.0 255.0 255.0 1.0 0.0 1.0 0.0 0.0 0.0 0.0 0.0
0.0 1032.0 0.0 0.0 0.0 0.0 0.0 0.0 0.0 0.0 0.0 0.0 0.0 0.0 0.0 511.0 511.0 0.0 0.0 0.0 0.0 1.0 0.0 0.0 255.0 255.0 1.0 0.0 1.0 0.0 0.0 0.0 0.0 0.0
0.0 1032.0 0.0 0.0 0.0 0.0 0.0 0.0 0.0 0.0 0.0 0.0 0.0 0.0 0.0 511.0 511.0 0.0 0.0 0.0 0.0 1.0 0.0 0.0 255.0 255.0 1.0 0.0 1.0 0.0 0.0 0.0 0.0 0.0
0.0 1032.0 0.0 0.0 0.0 0.0 0.0 0.0 0.0 0.0 0.0 0.0 0.0 0.0 0.0 511.0 511.0 0.0 0.0 0.0 0.0 1.0 0.0 0.0 255.0 255.0 1.0 0.0 1.0 0.0 0.0 0.0 0.0 0.0
0.0 1032.0 0.0 0.0 0.0 0.0 0.0 0.0 0.0 0.0 0.0 0.0 0.0 0.0 0.0 511.0 511.0 0.0 0.0 0.0 0.0 1.0 0.0 0.0 255.0 255.0 1.0 0.0 1.0 0.0 0.0 0.0 0.0 0.0
0.0 1032.0 0.0 0.0 0.0 0.0 0.0 0.0 0.0 0.0 0.0 0.0 0.0 0.0 0.0 511.0 511.0 0.0 0.0 0.0 0.0 1.0 0.0 0.0 255.0 255.0 1.0 0.0 1.0 0.0 0.0 0.0 0.0 0.0
0.0 1032.0 0.0 0.0 0.0 0.0 0.0 0.0 0.0 0.0 0.0 0.0 0.0 0.0 0.0 511.0 511.0 0.0 0.0 0.0 0.0 1.0 0.0 0.0 255.0 255.0 1.0 0.0 1.0 0.0 0.0 0.0 0.0 0.0
0.0 1032.0 0.0 0.0 0.0 0.0 0.0 0.0 0.0 0.0 0.0 0.0 0.0 0.0 0.0 511.0 511.0 0.0 0.0 0.0 0.0 1.0 0.0 0.0 255.0 255.0 1.0 0.0 1.0 0.0 0.0 0.0 0.0 0.0
0.0 1032.0 0.0 0.0 0.0 0.0 0.0 0.0 0.0 0.0 0.0 0.0 0.0 0.0 0.0 511.0 511.0 0.0 0.0 0.0 0.0 1.0 0.0 0.0 255.0 255.0 1.0 0.0 1.0 0.0 0.0 0.0 0.0 0.0
0.0 1032.0 0.0 0.0 0.0 0.0 0.0 0.0 0.0 0.0 0.0 0.0 0.0 0.0 0.0 511.0 511.0 0.0 0.0 0.0 0.0 1.0 0.0 0.0 255.0 255.0 1.0 0.0 1.0 0.0 0.0 0.0 0.0 0.0
0.0 1032.0 0.0 0.0 0.0 0.0 0.0 0.0 0.0 0.0 0.0 0.0 0.0 0.0 0.0 511.0 511.0 0.0 0.0 0.0 0.0 1.0 0.0 0.0 255.0 255.0 1.0 0.0 1.0 0.0 0.0 0.0 0.0 0.0
0.0 1032.0 0.0 0.0 0.0 0.0 0.0 0.0 0.0 0.0 0.0 0.0 0.0 0.0 0.0 511.0 511.0 0.0 0.0 0.0 0.0 1.0 0.0 0.0 255.0 255.0 1.0 0.0 1.0 0.0 0.0 0.0 0.0 0.0
0.0 1032.0 0.0 0.0 0.0 0.0 0.0 0.0 0.0 0.0 0.0 0.0 0.0 0.0 0.0 511.0 511.0 0.0 0.0 0.0 0.0 1.0 0.0 0.0 255.0 255.0 1.0 0.0 1.0 0.0 0.0 0.0 0.0 0.0
0.0 1032.0 0.0 0.0 0.0 0.0 0.0 0.0 0.0 0.0 0.0 0.0 0.0 0.0 0.0 511.0 511.0 0.0 0.0 0.0 0.0 1.0 0.0 0.0 255.0 255.0 1.0 0.0 1.0 0.0 0.0 0.0 0.0 0.0
0.0 1032.0 0.0 0.0 0.0 0.0 0.0 0.0 0.0 0.0 0.0 0.0 0.0 0.0 0.0 511.0 511.0 0.0 0.0 0.0 0.0 1.0 0.0 0.0 255.0 255.0 1.0 0.0 1.0 0.0 0.0 0.0 0.0 0.0
0.0 1032.0 0.0 0.0 0.0 0.0 0.0 0.0 0.0 0.0 0.0 0.0 0.0 0.0 0.0 511.0 511.0 0.0 0.0 0.0 0.0 1.0 0.0 0.0 255.0 255.0 1.0 0.0 1.0 0.0 0.0 0.0 0.0 0.0
0.0 1032.0 0.0 0.0 0.0 0.0 0.0 0.0 0.0 0.0 0.0 0.0 0.0 0.0 0.0 511.0 511.0 0.0 0.0 0.0 0.0 1.0 0.0 0.0 255.0 255.0 1.0 0.0 1.0 0.0 0.0 0.0 0.0 0.0
0.0 1032.0 0.0 0.0 0.0 0.0 0.0 0.0 0.0 0.0 0.0 0.0 0.0 0.0 0.0 511.0 511.0 0.0 0.0 0.0 0.0 1.0 0.0 0.0 255.0 255.0 1.0 0.0 1.0 0.0 0.0 0.0 0.0 0.0
0.0 1032.0 0.0 0.0 0.0 0.0 0.0 0.0 0.0 0.0 0.0 0.0 0.0 0.0 0.0 511.0 511.0 0.0 0.0 0.0 0.0 1.0 0.0 0.0 255.0 255.0 1.0 0.0 1.0 0.0 0.0 0.0 0.0 0.0
0.0 1032.0 0.0 0.0 0.0 0.0 0.0 0.0 0.0 0.0 0.0 0.0 0.0 0.0 0.0 511.0 511.0 0.0 0.0 0.0 0.0 1.0 0.0 0.0 255.0 255.0 1.0 0.0 1.0 0.0 0.0 0.0 0.0 0.0
0.0 1032.0 0.0 0.0 0.0 0.0 0.0 0.0 0.0 0.0 0.0 0.0 0.0 0.0 0.0 511.0 511.0 0.0 0.0 0.0 0.0 1.0 0.0 0.0 255.0 255.0 1.0 0.0 1.0 0.0 0.0 0.0 0.0 0.0
0.0 1032.0 0.0 0.0 0.0 0.0 0.0 0.0 0.0 0.0 0.0 0.0 0.0 0.0 0.0 511.0 511.0 0.0 0.0 0.0 0.0 1.0 0.0 0.0 255.0 255.0 1.0 0.0 1.0 0.0 0.0 0.0 0.0 0.0
0.0 1032.0 0.0 0.0 0.0 0.0 0.0 0.0 0.0 0.0 0.0 0.0 0.0 0.0 0.0 511.0 511.0 0.0 0.0 0.0 0.0 1.0 0.0 0.0 255.0 255.0 1.0 0.0 1.0 0.0 0.0 0.0 0.0 0.0
0.0 1032.0 0.0 0.0 0.0 0.0 0.0 0.0 0.0 0.0 0.0 0.0 0.0 0.0 0.0 511.0 511.0 0.0 0.0 0.0 0.0 1.0 0.0 0.0 255.0 255.0 1.0 0.0 1.0 0.0 0.0 0.0 0.0 0.0
0.0 1032.0 0.0 0.0 0.0 0.0 0.0 0.0 0.0 0.0 0.0 0.0 0.0 0.0 0.0 511.0 511.0 0.0 0.0 0.0 0.0 1.0 0.0 0.0 255.0 255.0 1.0 0.0 1.0 0.0 0.0 0.0 0.0 0.0
0.0 1032.0 0.0 0.0 0.0 0.0 0.0 0.0 0.0 0.0 0.0 0.0 0.0 0.0 0.0 511.0 511.0 0.0 0.0 0.0 0.0 1.0 0.0 0.0 255.0 255.0 1.0 0.0 1.0 0.0 0.0 0.0 0.0 0.0
0.0 1032.0 0.0 0.0 0.0 0.0 0.0 0.0 0.0 0.0 0.0 0.0 0.0 0.0 0.0 511.0 511.0 0.0 0.0 0.0 0.0 1.0 0.0 0.0 255.0 255.0 1.0 0.0 1.0 0.0 0.0 0.0 0.0 0.0
0.0 1032.0 0.0 0.0 0.0 0.0 0.0 0.0 0.0 0.0 0.0 0.0 0.0 0.0 0.0 511.0 511.0 0.0 0.0 0.0 0.0 1.0 0.0 0.0 255.0 255.0 1.0 0.0 1.0 0.0 0.0 0.0 0.0 0.0
0.0 1032.0 0.0 0.0 0.0 0.0 0.0 0.0 0.0 0.0 0.0 0.0 0.0 0.0 0.0 511.0 511.0 0.0 0.0 0.0 0.0 1.0 0.0 0.0 255.0 255.0 1.0 0.0 1.0 0.0 0.0 0.0 0.0 0.0
0.0 1032.0 0.0 0.0 0.0 0.0 0.0 0.0 0.0 0.0 0.0 0.0 0.0 0.0 0.0 511.0 511.0 0.0 0.0 0.0 0.0 1.0 0.0 0.0 255.0 255.0 1.0 0.0 1.0 0.0 0.0 0.0 0.0 0.0
0.0 1032.0 0.0 0.0 0.0 0.0 0.0 0.0 0.0 0.0 0.0 0.0 0.0 0.0 0.0 511.0 511.0 0.0 0.0 0.0 0.0 1.0 0.0 0.0 255.0 255.0 1.0 0.0 1.0 0.0 0.0 0.0 0.0 0.0
0.0 1032.0 0.0 0.0 0.0 0.0 0.0 0.0 0.0 0.0 0.0 0.0 0.0 0.0 0.0 511.0 511.0 0.0 0.0 0.0 0.0 1.0 0.0 0.0 255.0 255.0 1.0 0.0 1.0 0.0 0.0 0.0 0.0 0.0
0.0 1032.0 0.0 0.0 0.0 0.0 0.0 0.0 0.0 0.0 0.0 0.0 0.0 0.0 0.0 511.0 511.0 0.0 0.0 0.0 0.0 1.0 0.0 0.0 255.0 255.0 1.0 0.0 1.0 0.0 0.0 0.0 0.0 0.0
0.0 1032.0 0.0 0.0 0.0 0.0 0.0 0.0 0.0 0.0 0.0 0.0 0.0 0.0 0.0 511.0 511.0 0.0 0.0 0.0 0.0 1.0 0.0 0.0 255.0 255.0 1.0 0.0 1.0 0.0 0.0 0.0 0.0 0.0
0.0 1032.0 0.0 0.0 0.0 0.0 0.0 0.0 0.0 0.0 0.0 0.0 0.0 0.0 0.0 511.0 511.0 0.0 0.0 0.0 0.0 1.0 0.0 0.0 255.0 255.0 1.0 0.0 1.0 0.0 0.0 0.0 0.0 0.0
0.0 1032.0 0.0 0.0 0.0 0.0 0.0 0.0 0.0 0.0 0.0 0.0 0.0 0.0 0.0 511.0 511.0 0.0 0.0 0.0 0.0 1.0 0.0 0.0 255.0 255.0 1.0 0.0 1.0 0.0 0.0 0.0 0.0 0.0
0.0 1032.0 0.0 0.0 0.0 0.0 0.0 0.0 0.0 0.0 0.0 0.0 0.0 0.0 0.0 511.0 511.0 0.0 0.0 0.0 0.0 1.0 0.0 0.0 255.0 255.0 1.0 0.0 1.0 0.0 0.0 0.0 0.0 0.0
0.0 1032.0 0.0 0.0 0.0 0.0 0.0 0.0 0.0 0.0 0.0 0.0 0.0 0.0 0.0 511.0 511.0 0.0 0.0 0.0 0.0 1.0 0.0 0.0 255.0 255.0 1.0 0.0 1.0 0.0 0.0 0.0 0.0 0.0
0.0 1032.0 0.0 0.0 0.0 0.0 0.0 0.0 0.0 0.0 0.0 0.0 0.0 0.0 0.0 511.0 511.0 0.0 0.0 0.0 0.0 1.0 0.0 0.0 255.0 255.0 1.0 0.0 1.0 0.0 0.0 0.0 0.0 0.0
0.0 1032.0 0.0 0.0 0.0 0.0 0.0 0.0 0.0 0.0 0.0 0.0 0.0 0.0 0.0 511.0 511.0 0.0 0.0 0.0 0.0 1.0 0.0 0.0 255.0 255.0 1.0 0.0 1.0 0.0 0.0 0.0 0.0 0.0
0.0 1032.0 0.0 0.0 0.0 0.0 0.0 0.0 0.0 0.0 0.0 0.0 0.0 0.0 0.0 511.0 511.0 0.0 0.0 0.0 0.0 1.0 0.0 0.0 255.0 255.0 1.0 0.0 1.0 0.0 0.0 0.0 0.0 0.0
0.0 1032.0 0.0 0.0 0.0 0.0 0.0 0.0 0.0 0.0 0.0 0.0 0.0 0.0 0.0 511.0 511.0 0.0 0.0 0.0 0.0 1.0 0.0 0.0 255.0 255.0 1.0 0.0 1.0 0.0 0.0 0.0 0.0 0.0
0.0 1032.0 0.0 0.0 0.0 0.0 0.0 0.0 0.0 0.0 0.0 0.0 0.0 0.0 0.0 511.0 511.0 0.0 0.0 0.0 0.0 1.0 0.0 0.0 255.0 255.0 1.0 0.0 1.0 0.0 0.0 0.0 0.0 0.0
0.0 1032.0 0.0 0.0 0.0 0.0 0.0 0.0 0.0 0.0 0.0 0.0 0.0 0.0 0.0 511.0 511.0 0.0 0.0 0.0 0.0 1.0 0.0 0.0 255.0 255.0 1.0 0.0 1.0 0.0 0.0 0.0 0.0 0.0
0.0 1032.0 0.0 0.0 0.0 0.0 0.0 0.0 0.0 0.0 0.0 0.0 0.0 0.0 0.0 511.0 511.0 0.0 0.0 0.0 0.0 1.0 0.0 0.0 255.0 255.0 1.0 0.0 1.0 0.0 0.0 0.0 0.0 0.0
0.0 1032.0 0.0 0.0 0.0 0.0 0.0 0.0 0.0 0.0 0.0 0.0 0.0 0.0 0.0 511.0 511.0 0.0 0.0 0.0 0.0 1.0 0.0 0.0 255.0 255.0 1.0 0.0 1.0 0.0 0.0 0.0 0.0 0.0
0.0 1032.0 0.0 0.0 0.0 0.0 0.0 0.0 0.0 0.0 0.0 0.0 0.0 0.0 0.0 511.0 511.0 0.0 0.0 0.0 0.0 1.0 0.0 0.0 255.0 255.0 1.0 0.0 1.0 0.0 0.0 0.0 0.0 0.0
0.0 1032.0 0.0 0.0 0.0 0.0 0.0 0.0 0.0 0.0 0.0 0.0 0.0 0.0 0.0 511.0 511.0 0.0 0.0 0.0 0.0 1.0 0.0 0.0 255.0 255.0 1.0 0.0 1.0 0.0 0.0 0.0 0.0 0.0
0.0 1032.0 0.0 0.0 0.0 0.0 0.0 0.0 0.0 0.0 0.0 0.0 0.0 0.0 0.0 511.0 511.0 0.0 0.0 0.0 0.0 1.0 0.0 0.0 255.0 255.0 1.0 0.0 1.0 0.0 0.0 0.0 0.0 0.0
0.0 1032.0 0.0 0.0 0.0 0.0 0.0 0.0 0.0 0.0 0.0 0.0 0.0 0.0 0.0 511.0 511.0 0.0 0.0 0.0 0.0 1.0 0.0 0.0 255.0 255.0 1.0 0.0 1.0 0.0 0.0 0.0 0.0 0.0
0.0 1032.0 0.0 0.0 0.0 0.0 0.0 0.0 0.0 0.0 0.0 0.0 0.0 0.0 0.0 511.0 511.0 0.0 0.0 0.0 0.0 1.0 0.0 0.0 255.0 255.0 1.0 0.0 1.0 0.0 0.0 0.0 0.0 0.0
0.0 1032.0 0.0 0.0 0.0 0.0 0.0 0.0 0.0 0.0 0.0 0.0 0.0 0.0 0.0 511.0 511.0 0.0 0.0 0.0 0.0 1.0 0.0 0.0 255.0 255.0 1.0 0.0 1.0 0.0 0.0 0.0 0.0 0.0
0.0 1032.0 0.0 0.0 0.0 0.0 0.0 0.0 0.0 0.0 0.0 0.0 0.0 0.0 0.0 511.0 511.0 0.0 0.0 0.0 0.0 1.0 0.0 0.0 255.0 255.0 1.0 0.0 1.0 0.0 0.0 0.0 0.0 0.0
0.0 1032.0 0.0 0.0 0.0 0.0 0.0 0.0 0.0 0.0 0.0 0.0 0.0 0.0 0.0 511.0 511.0 0.0 0.0 0.0 0.0 1.0 0.0 0.0 255.0 255.0 1.0 0.0 1.0 0.0 0.0 0.0 0.0 0.0
0.0 1032.0 0.0 0.0 0.0 0.0 0.0 0.0 0.0 0.0 0.0 0.0 0.0 0.0 0.0 511.0 511.0 0.0 0.0 0.0 0.0 1.0 0.0 0.0 255.0 255.0 1.0 0.0 1.0 0.0 0.0 0.0 0.0 0.0
0.0 1032.0 0.0 0.0 0.0 0.0 0.0 0.0 0.0 0.0 0.0 0.0 0.0 0.0 0.0 511.0 511.0 0.0 0.0 0.0 0.0 1.0 0.0 0.0 255.0 255.0 1.0 0.0 1.0 0.0 0.0 0.0 0.0 0.0
0.0 1032.0 0.0 0.0 0.0 0.0 0.0 0.0 0.0 0.0 0.0 0.0 0.0 0.0 0.0 511.0 511.0 0.0 0.0 0.0 0.0 1.0 0.0 0.0 255.0 255.0 1.0 0.0 1.0 0.0 0.0 0.0 0.0 0.0
0.0 1032.0 0.0 0.0 0.0 0.0 0.0 0.0 0.0 0.0 0.0 0.0 0.0 0.0 0.0 511.0 511.0 0.0 0.0 0.0 0.0 1.0 0.0 0.0 255.0 255.0 1.0 0.0 1.0 0.0 0.0 0.0 0.0 0.0
0.0 1032.0 0.0 0.0 0.0 0.0 0.0 0.0 0.0 0.0 0.0 0.0 0.0 0.0 0.0 511.0 511.0 0.0 0.0 0.0 0.0 1.0 0.0 0.0 255.0 255.0 1.0 0.0 1.0 0.0 0.0 0.0 0.0 0.0
0.0 1032.0 0.0 0.0 0.0 0.0 0.0 0.0 0.0 0.0 0.0 0.0 0.0 0.0 0.0 511.0 511.0 0.0 0.0 0.0 0.0 1.0 0.0 0.0 255.0 255.0 1.0 0.0 1.0 0.0 0.0 0.0 0.0 0.0
0.0 1032.0 0.0 0.0 0.0 0.0 0.0 0.0 0.0 0.0 0.0 0.0 0.0 0.0 0.0 511.0 511.0 0.0 0.0 0.0 0.0 1.0 0.0 0.0 255.0 255.0 1.0 0.0 1.0 0.0 0.0 0.0 0.0 0.0
0.0 1032.0 0.0 0.0 0.0 0.0 0.0 0.0 0.0 0.0 0.0 0.0 0.0 0.0 0.0 511.0 511.0 0.0 0.0 0.0 0.0 1.0 0.0 0.0 255.0 255.0 1.0 0.0 1.0 0.0 0.0 0.0 0.0 0.0
0.0 1032.0 0.0 0.0 0.0 0.0 0.0 0.0 0.0 0.0 0.0 0.0 0.0 0.0 0.0 511.0 511.0 0.0 0.0 0.0 0.0 1.0 0.0 0.0 255.0 255.0 1.0 0.0 1.0 0.0 0.0 0.0 0.0 0.0
0.0 1032.0 0.0 0.0 0.0 0.0 0.0 0.0 0.0 0.0 0.0 0.0 0.0 0.0 0.0 511.0 511.0 0.0 0.0 0.0 0.0 1.0 0.0 0.0 255.0 255.0 1.0 0.0 1.0 0.0 0.0 0.0 0.0 0.0
0.0 1032.0 0.0 0.0 0.0 0.0 0.0 0.0 0.0 0.0 0.0 0.0 0.0 0.0 0.0 511.0 511.0 0.0 0.0 0.0 0.0 1.0 0.0 0.0 255.0 255.0 1.0 0.0 1.0 0.0 0.0 0.0 0.0 0.0
0.0 1032.0 0.0 0.0 0.0 0.0 0.0 0.0 0.0 0.0 0.0 0.0 0.0 0.0 0.0 511.0 511.0 0.0 0.0 0.0 0.0 1.0 0.0 0.0 255.0 255.0 1.0 0.0 1.0 0.0 0.0 0.0 0.0 0.0
0.0 1032.0 0.0 0.0 0.0 0.0 0.0 0.0 0.0 0.0 0.0 0.0 0.0 0.0 0.0 511.0 511.0 0.0 0.0 0.0 0.0 1.0 0.0 0.0 255.0 255.0 1.0 0.0 1.0 0.0 0.0 0.0 0.0 0.0
0.0 1032.0 0.0 0.0 0.0 0.0 0.0 0.0 0.0 0.0 0.0 0.0 0.0 0.0 0.0 511.0 511.0 0.0 0.0 0.0 0.0 1.0 0.0 0.0 255.0 255.0 1.0 0.0 1.0 0.0 0.0 0.0 0.0 0.0
0.0 1032.0 0.0 0.0 0.0 0.0 0.0 0.0 0.0 0.0 0.0 0.0 0.0 0.0 0.0 511.0 511.0 0.0 0.0 0.0 0.0 1.0 0.0 0.0 255.0 255.0 1.0 0.0 1.0 0.0 0.0 0.0 0.0 0.0
0.0 1032.0 0.0 0.0 0.0 0.0 0.0 0.0 0.0 0.0 0.0 0.0 0.0 0.0 0.0 511.0 511.0 0.0 0.0 0.0 0.0 1.0 0.0 0.0 255.0 255.0 1.0 0.0 1.0 0.0 0.0 0.0 0.0 0.0
0.0 1032.0 0.0 0.0 0.0 0.0 0.0 0.0 0.0 0.0 0.0 0.0 0.0 0.0 0.0 511.0 511.0 0.0 0.0 0.0 0.0 1.0 0.0 0.0 255.0 255.0 1.0 0.0 1.0 0.0 0.0 0.0 0.0 0.0
0.0 1032.0 0.0 0.0 0.0 0.0 0.0 0.0 0.0 0.0 0.0 0.0 0.0 0.0 0.0 511.0 511.0 0.0 0.0 0.0 0.0 1.0 0.0 0.0 255.0 255.0 1.0 0.0 1.0 0.0 0.0 0.0 0.0 0.0
0.0 1032.0 0.0 0.0 0.0 0.0 0.0 0.0 0.0 0.0 0.0 0.0 0.0 0.0 0.0 511.0 511.0 0.0 0.0 0.0 0.0 1.0 0.0 0.0 255.0 255.0 1.0 0.0 1.0 0.0 0.0 0.0 0.0 0.0
0.0 1032.0 0.0 0.0 0.0 0.0 0.0 0.0 0.0 0.0 0.0 0.0 0.0 0.0 0.0 511.0 511.0 0.0 0.0 0.0 0.0 1.0 0.0 0.0 255.0 255.0 1.0 0.0 1.0 0.0 0.0 0.0 0.0 0.0
0.0 1032.0 0.0 0.0 0.0 0.0 0.0 0.0 0.0 0.0 0.0 0.0 0.0 0.0 0.0 511.0 511.0 0.0 0.0 0.0 0.0 1.0 0.0 0.0 255.0 255.0 1.0 0.0 1.0 0.0 0.0 0.0 0.0 0.0
0.0 1032.0 0.0 0.0 0.0 0.0 0.0 0.0 0.0 0.0 0.0 0.0 0.0 0.0 0.0 511.0 511.0 0.0 0.0 0.0 0.0 1.0 0.0 0.0 255.0 255.0 1.0 0.0 1.0 0.0 0.0 0.0 0.0 0.0
0.0 1032.0 0.0 0.0 0.0 0.0 0.0 0.0 0.0 0.0 0.0 0.0 0.0 0.0 0.0 511.0 511.0 0.0 0.0 0.0 0.0 1.0 0.0 0.0 255.0 255.0 1.0 0.0 1.0 0.0 0.0 0.0 0.0 0.0
0.0 1032.0 0.0 0.0 0.0 0.0 0.0 0.0 0.0 0.0 0.0 0.0 0.0 0.0 0.0 511.0 511.0 0.0 0.0 0.0 0.0 1.0 0.0 0.0 255.0 255.0 1.0 0.0 1.0 0.0 0.0 0.0 0.0 0.0
0.0 1032.0 0.0 0.0 0.0 0.0 0.0 0.0 0.0 0.0 0.0 0.0 0.0 0.0 0.0 511.0 511.0 0.0 0.0 0.0 0.0 1.0 0.0 0.0 255.0 255.0 1.0 0.0 1.0 0.0 0.0 0.0 0.0 0.0
0.0 1032.0 0.0 0.0 0.0 0.0 0.0 0.0 0.0 0.0 0.0 0.0 0.0 0.0 0.0 511.0 511.0 0.0 0.0 0.0 0.0 1.0 0.0 0.0 255.0 255.0 1.0 0.0 1.0 0.0 0.0 0.0 0.0 0.0
0.0 1032.0 0.0 0.0 0.0 0.0 0.0 0.0 0.0 0.0 0.0 0.0 0.0 0.0 0.0 511.0 511.0 0.0 0.0 0.0 0.0 1.0 0.0 0.0 255.0 255.0 1.0 0.0 1.0 0.0 0.0 0.0 0.0 0.0
0.0 1032.0 0.0 0.0 0.0 0.0 0.0 0.0 0.0 0.0 0.0 0.0 0.0 0.0 0.0 511.0 511.0 0.0 0.0 0.0 0.0 1.0 0.0 0.0 255.0 255.0 1.0 0.0 1.0 0.0 0.0 0.0 0.0 0.0
0.0 1032.0 0.0 0.0 0.0 0.0 0.0 0.0 0.0 0.0 0.0 0.0 0.0 0.0 0.0 511.0 511.0 0.0 0.0 0.0 0.0 1.0 0.0 0.0 255.0 255.0 1.0 0.0 1.0 0.0 0.0 0.0 0.0 0.0
0.0 1032.0 0.0 0.0 0.0 0.0 0.0 0.0 0.0 0.0 0.0 0.0 0.0 0.0 0.0 511.0 511.0 0.0 0.0 0.0 0.0 1.0 0.0 0.0 255.0 255.0 1.0 0.0 1.0 0.0 0.0 0.0 0.0 0.0
0.0 1032.0 0.0 0.0 0.0 0.0 0.0 0.0 0.0 0.0 0.0 0.0 0.0 0.0 0.0 511.0 511.0 0.0 0.0 0.0 0.0 1.0 0.0 0.0 255.0 255.0 1.0 0.0 1.0 0.0 0.0 0.0 0.0 0.0
0.0 1032.0 0.0 0.0 0.0 0.0 0.0 0.0 0.0 0.0 0.0 0.0 0.0 0.0 0.0 511.0 511.0 0.0 0.0 0.0 0.0 1.0 0.0 0.0 255.0 255.0 1.0 0.0 1.0 0.0 0.0 0.0 0.0 0.0
0.0 1032.0 0.0 0.0 0.0 0.0 0.0 0.0 0.0 0.0 0.0 0.0 0.0 0.0 0.0 511.0 511.0 0.0 0.0 0.0 0.0 1.0 0.0 0.0 255.0 255.0 1.0 0.0 1.0 0.0 0.0 0.0 0.0 0.0
0.0 1032.0 0.0 0.0 0.0 0.0 0.0 0.0 0.0 0.0 0.0 0.0 0.0 0.0 0.0 511.0 511.0 0.0 0.0 0.0 0.0 1.0 0.0 0.0 255.0 255.0 1.0 0.0 1.0 0.0 0.0 0.0 0.0 0.0
0.0 1032.0 0.0 0.0 0.0 0.0 0.0 0.0 0.0 0.0 0.0 0.0 0.0 0.0 0.0 511.0 511.0 0.0 0.0 0.0 0.0 1.0 0.0 0.0 255.0 255.0 1.0 0.0 1.0 0.0 0.0 0.0 0.0 0.0
0.0 1032.0 0.0 0.0 0.0 0.0 0.0 0.0 0.0 0.0 0.0 0.0 0.0 0.0 0.0 511.0 511.0 0.0 0.0 0.0 0.0 1.0 0.0 0.0 255.0 255.0 1.0 0.0 1.0 0.0 0.0 0.0 0.0 0.0
0.0 1032.0 0.0 0.0 0.0 0.0 0.0 0.0 0.0 0.0 0.0 0.0 0.0 0.0 0.0 511.0 511.0 0.0 0.0 0.0 0.0 1.0 0.0 0.0 255.0 255.0 1.0 0.0 1.0 0.0 0.0 0.0 0.0 0.0
0.0 1032.0 0.0 0.0 0.0 0.0 0.0 0.0 0.0 0.0 0.0 0.0 0.0 0.0 0.0 511.0 511.0 0.0 0.0 0.0 0.0 1.0 0.0 0.0 255.0 255.0 1.0 0.0 1.0 0.0 0.0 0.0 0.0 0.0
0.0 1032.0 0.0 0.0 0.0 0.0 0.0 0.0 0.0 0.0 0.0 0.0 0.0 0.0 0.0 511.0 511.0 0.0 0.0 0.0 0.0 1.0 0.0 0.0 255.0 255.0 1.0 0.0 1.0 0.0 0.0 0.0 0.0 0.0
0.0 1032.0 0.0 0.0 0.0 0.0 0.0 0.0 0.0 0.0 0.0 0.0 0.0 0.0 0.0 511.0 511.0 0.0 0.0 0.0 0.0 1.0 0.0 0.0 255.0 255.0 1.0 0.0 1.0 0.0 0.0 0.0 0.0 0.0
0.0 1032.0 0.0 0.0 0.0 0.0 0.0 0.0 0.0 0.0 0.0 0.0 0.0 0.0 0.0 511.0 511.0 0.0 0.0 0.0 0.0 1.0 0.0 0.0 255.0 255.0 1.0 0.0 1.0 0.0 0.0 0.0 0.0 0.0
0.0 1032.0 0.0 0.0 0.0 0.0 0.0 0.0 0.0 0.0 0.0 0.0 0.0 0.0 0.0 511.0 511.0 0.0 0.0 0.0 0.0 1.0 0.0 0.0 255.0 255.0 1.0 0.0 1.0 0.0 0.0 0.0 0.0 0.0
0.0 1032.0 0.0 0.0 0.0 0.0 0.0 0.0 0.0 0.0 0.0 0.0 0.0 0.0 0.0 511.0 511.0 0.0 0.0 0.0 0.0 1.0 0.0 0.0 255.0 255.0 1.0 0.0 1.0 0.0 0.0 0.0 0.0 0.0
0.0 1032.0 0.0 0.0 0.0 0.0 0.0 0.0 0.0 0.0 0.0 0.0 0.0 0.0 0.0 511.0 511.0 0.0 0.0 0.0 0.0 1.0 0.0 0.0 255.0 255.0 1.0 0.0 1.0 0.0 0.0 0.0 0.0 0.0
0.0 1032.0 0.0 0.0 0.0 0.0 0.0 0.0 0.0 0.0 0.0 0.0 0.0 0.0 0.0 511.0 511.0 0.0 0.0 0.0 0.0 1.0 0.0 0.0 255.0 255.0 1.0 0.0 1.0 0.0 0.0 0.0 0.0 0.0
0.0 1032.0 0.0 0.0 0.0 0.0 0.0 0.0 0.0 0.0 0.0 0.0 0.0 0.0 0.0 511.0 511.0 0.0 0.0 0.0 0.0 1.0 0.0 0.0 255.0 255.0 1.0 0.0 1.0 0.0 0.0 0.0 0.0 0.0
0.0 1032.0 0.0 0.0 0.0 0.0 0.0 0.0 0.0 0.0 0.0 0.0 0.0 0.0 0.0 511.0 511.0 0.0 0.0 0.0 0.0 1.0 0.0 0.0 255.0 255.0 1.0 0.0 1.0 0.0 0.0 0.0 0.0 0.0
0.0 1032.0 0.0 0.0 0.0 0.0 0.0 0.0 0.0 0.0 0.0 0.0 0.0 0.0 0.0 511.0 511.0 0.0 0.0 0.0 0.0 1.0 0.0 0.0 255.0 255.0 1.0 0.0 1.0 0.0 0.0 0.0 0.0 0.0
0.0 1032.0 0.0 0.0 0.0 0.0 0.0 0.0 0.0 0.0 0.0 0.0 0.0 0.0 0.0 511.0 511.0 0.0 0.0 0.0 0.0 1.0 0.0 0.0 255.0 255.0 1.0 0.0 1.0 0.0 0.0 0.0 0.0 0.0
0.0 1032.0 0.0 0.0 0.0 0.0 0.0 0.0 0.0 0.0 0.0 0.0 0.0 0.0 0.0 511.0 511.0 0.0 0.0 0.0 0.0 1.0 0.0 0.0 255.0 255.0 1.0 0.0 1.0 0.0 0.0 0.0 0.0 0.0
0.0 1032.0 0.0 0.0 0.0 0.0 0.0 0.0 0.0 0.0 0.0 0.0 0.0 0.0 0.0 511.0 511.0 0.0 0.0 0.0 0.0 1.0 0.0 0.0 255.0 255.0 1.0 0.0 1.0 0.0 0.0 0.0 0.0 0.0
0.0 1032.0 0.0 0.0 0.0 0.0 0.0 0.0 0.0 0.0 0.0 0.0 0.0 0.0 0.0 511.0 511.0 0.0 0.0 0.0 0.0 1.0 0.0 0.0 255.0 255.0 1.0 0.0 1.0 0.0 0.0 0.0 0.0 0.0
0.0 1032.0 0.0 0.0 0.0 0.0 0.0 0.0 0.0 0.0 0.0 0.0 0.0 0.0 0.0 511.0 511.0 0.0 0.0 0.0 0.0 1.0 0.0 0.0 255.0 255.0 1.0 0.0 1.0 0.0 0.0 0.0 0.0 0.0
0.0 1032.0 0.0 0.0 0.0 0.0 0.0 0.0 0.0 0.0 0.0 0.0 0.0 0.0 0.0 511.0 511.0 0.0 0.0 0.0 0.0 1.0 0.0 0.0 255.0 255.0 1.0 0.0 1.0 0.0 0.0 0.0 0.0 0.0
0.0 1032.0 0.0 0.0 0.0 0.0 0.0 0.0 0.0 0.0 0.0 0.0 0.0 0.0 0.0 511.0 511.0 0.0 0.0 0.0 0.0 1.0 0.0 0.0 255.0 255.0 1.0 0.0 1.0 0.0 0.0 0.0 0.0 0.0
0.0 1032.0 0.0 0.0 0.0 0.0 0.0 0.0 0.0 0.0 0.0 0.0 0.0 0.0 0.0 511.0 511.0 0.0 0.0 0.0 0.0 1.0 0.0 0.0 255.0 255.0 1.0 0.0 1.0 0.0 0.0 0.0 0.0 0.0
0.0 1032.0 0.0 0.0 0.0 0.0 0.0 0.0 0.0 0.0 0.0 0.0 0.0 0.0 0.0 511.0 511.0 0.0 0.0 0.0 0.0 1.0 0.0 0.0 255.0 255.0 1.0 0.0 1.0 0.0 0.0 0.0 0.0 0.0
0.0 1032.0 0.0 0.0 0.0 0.0 0.0 0.0 0.0 0.0 0.0 0.0 0.0 0.0 0.0 511.0 511.0 0.0 0.0 0.0 0.0 1.0 0.0 0.0 255.0 255.0 1.0 0.0 1.0 0.0 0.0 0.0 0.0 0.0
0.0 1032.0 0.0 0.0 0.0 0.0 0.0 0.0 0.0 0.0 0.0 0.0 0.0 0.0 0.0 511.0 511.0 0.0 0.0 0.0 0.0 1.0 0.0 0.0 255.0 255.0 1.0 0.0 1.0 0.0 0.0 0.0 0.0 0.0
0.0 1032.0 0.0 0.0 0.0 0.0 0.0 0.0 0.0 0.0 0.0 0.0 0.0 0.0 0.0 511.0 511.0 0.0 0.0 0.0 0.0 1.0 0.0 0.0 255.0 255.0 1.0 0.0 1.0 0.0 0.0 0.0 0.0 0.0
0.0 1032.0 0.0 0.0 0.0 0.0 0.0 0.0 0.0 0.0 0.0 0.0 0.0 0.0 0.0 511.0 511.0 0.0 0.0 0.0 0.0 1.0 0.0 0.0 255.0 255.0 1.0 0.0 1.0 0.0 0.0 0.0 0.0 0.0
0.0 1032.0 0.0 0.0 0.0 0.0 0.0 0.0 0.0 0.0 0.0 0.0 0.0 0.0 0.0 511.0 511.0 0.0 0.0 0.0 0.0 1.0 0.0 0.0 255.0 255.0 1.0 0.0 1.0 0.0 0.0 0.0 0.0 0.0
