0.0 0.0 0.0 0.0 0.0 0.0 0.0 0.0 0.0 0.0 0.0 0.0 0.0 0.0 0.0 59.0 12.0 1.0 1.0 0.0 0.0 0.2 0.07 0.0 255.0 72.0 0.28 0.02 0.01 0.0 1.0 1.0 0.0 0.0
0.0 0.0 0.0 0.0 0.0 0.0 0.0 0.0 0.0 0.0 0.0 0.0 0.0 0.0 0.0 69.0 15.0 1.0 1.0 0.0 0.0 0.22 0.06 0.0 255.0 75.0 0.29 0.02 0.0 0.0 1.0 1.0 0.0 0.0
0.0 0.0 0.0 0.0 0.0 0.0 0.0 0.0 0.0 0.0 0.0 0.0 0.0 0.0 0.0 79.0 20.0 1.0 1.0 0.0 0.0 0.25 0.05 0.0 255.0 76.0 0.3 0.02 0.01 0.0 1.0 1.0 0.0 0.0
0.0 0.0 0.0 0.0 0.0 0.0 0.0 0.0 0.0 0.0 0.0 0.0 0.0 0.0 0.0 9.0 2.0 1.0 1.0 0.0 0.0 0.22 0.44 0.0 255.0 62.0 0.24 0.02 0.0 0.0 1.0 1.0 0.0 0.0
0.0 0.0 0.0 0.0 0.0 0.0 0.0 0.0 0.0 0.0 0.0 0.0 0.0 0.0 0.0 19.0 5.0 1.0 1.0 0.0 0.0 0.26 0.21 0.0 255.0 64.0 0.25 0.02 0.02 0.0 1.0 1.0 0.0 0.0
0.0 0.0 0.0 0.0 0.0 0.0 0.0 0.0 0.0 0.0 0.0 0.0 0.0 0.0 0.0 29.0 10.0 1.0 1.0 0.0 0.0 0.34 0.14 0.0 255.0 67.0 0.26 0.02 0.01 0.0 1.0 1.0 0.0 0.0
0.0 0.0 0.0 0.0 0.0 0.0 0.0 0.0 0.0 0.0 0.0 0.0 0.0 0.0 0.0 39.0 9.0 1.0 1.0 0.0 0.0 0.23 0.1 0.0 255.0 64.0 0.25 0.02 0.0 0.0 1.0 1.0 0.0 0.0
0.0 0.0 0.0 0.0 0.0 0.0 0.0 0.0 0.0 0.0 0.0 0.0 0.0 0.0 0.0 49.0 12.0 1.0 1.0 0.0 0.0 0.24 0.08 0.0 255.0 65.0 0.25 0.02 0.02 0.0 1.0 1.0 0.0 0.0
0.0 0.0 0.0 0.0 0.0 0.0 0.0 0.0 0.0 0.0 0.0 0.0 0.0 0.0 0.0 59.0 14.0 1.0 1.0 0.0 0.0 0.24 0.07 0.0 255.0 64.0 0.25 0.02 0.0 0.0 1.0 1.0 0.0 0.0
0.0 0.0 0.0 0.0 0.0 0.0 0.0 0.0 0.0 0.0 0.0 0.0 0.0 0.0 0.0 69.0 16.0 1.0 1.0 0.0 0.0 0.23 0.06 0.0 255.0 63.0 0.25 0.02 0.01 0.0 1.0 1.0 0.0 0.0
0.0 0.0 0.0 0.0 0.0 0.0 0.0 0.0 0.0 0.0 0.0 0.0 0.0 0.0 0.0 79.0 20.0 1.0 1.0 0.0 0.0 0.25 0.05 0.0 255.0 66.0 0.26 0.02 0.0 0.0 1.0 1.0 0.0 0.0
0.0 0.0 0.0 0.0 0.0 0.0 0.0 0.0 0.0 0.0 0.0 0.0 0.0 0.0 0.0 9.0 1.0 1.0 1.0 0.0 0.0 0.11 0.33 0.0 255.0 64.0 0.25 0.02 0.01 0.0 1.0 1.0 0.0 0.0
0.0 0.0 0.0 0.0 0.0 0.0 0.0 0.0 0.0 0.0 0.0 0.0 0.0 0.0 0.0 19.0 9.0 1.0 1.0 0.0 0.0 0.47 0.21 0.0 255.0 65.0 0.25 0.02 0.0 0.0 1.0 1.0 0.0 0.0
0.0 0.0 0.0 0.0 0.0 0.0 0.0 0.0 0.0 0.0 0.0 0.0 0.0 0.0 0.0 29.0 6.0 1.0 1.0 0.0 0.0 0.21 0.14 0.0 255.0 64.0 0.25 0.02 0.02 0.0 1.0 1.0 0.0 0.0
0.0 0.0 0.0 0.0 0.0 0.0 0.0 0.0 0.0 0.0 0.0 0.0 0.0 0.0 0.0 39.0 14.0 1.0 1.0 0.0 0.0 0.36 0.1 0.0 255.0 65.0 0.25 0.02 0.0 0.0 1.0 1.0 0.0 0.0
0.0 0.0 0.0 0.0 0.0 0.0 0.0 0.0 0.0 0.0 0.0 0.0 0.0 0.0 0.0 49.0 11.0 1.0 1.0 0.0 0.0 0.22 0.08 0.0 255.0 64.0 0.25 0.02 0.02 0.0 1.0 1.0 0.0 0.0
0.0 0.0 0.0 0.0 0.0 0.0 0.0 0.0 0.0 0.0 0.0 0.0 0.0 0.0 0.0 59.0 19.0 1.0 1.0 0.0 0.0 0.32 0.07 0.0 255.0 65.0 0.25 0.02 0.0 0.0 1.0 1.0 0.0 0.0
0.0 0.0 0.0 0.0 0.0 0.0 0.0 0.0 0.0 0.0 0.0 0.0 0.0 0.0 0.0 69.0 19.0 1.0 1.0 0.0 0.0 0.28 0.06 0.0 255.0 66.0 0.26 0.02 0.0 0.0 1.0 1.0 0.0 0.0
0.0 0.0 0.0 0.0 0.0 0.0 0.0 0.0 0.0 0.0 0.0 0.0 0.0 0.0 0.0 79.0 20.0 1.0 1.0 0.0 0.0 0.25 0.05 0.0 255.0 66.0 0.26 0.02 0.01 0.0 1.0 1.0 0.0 0.0
3.0 122.0 1348.0 0.0 0.0 0.0 0.0 0.0 0.0 0.0 0.0 0.0 0.0 0.0 0.0 1.0 1.0 0.0 0.0 0.0 0.0 1.0 0.0 0.0 255.0 63.0 0.25 0.02 0.0 0.0 0.96 0.97 0.0 0.0
0.0 2149.0 636.0 0.0 0.0 0.0 0.0 0.0 0.0 0.0 0.0 0.0 0.0 0.0 0.0 1.0 2.0 0.0 0.0 0.0 0.0 1.0 0.0 1.0 255.0 8.0 0.03 0.02 0.0 0.0 0.93 0.0 0.0 0.0
1.0 1234.0 386.0 0.0 0.0 0.0 0.0 0.0 0.0 0.0 0.0 0.0 0.0 0.0 0.0 1.0 2.0 0.0 0.0 0.0 0.0 1.0 0.0 1.0 255.0 11.0 0.04 0.02 0.0 0.0 0.89 0.0 0.0 0.0
0.0 1283.0 385.0 0.0 0.0 0.0 0.0 0.0 0.0 0.0 0.0 0.0 0.0 0.0 0.0 1.0 2.0 0.0 0.0 0.0 0.0 1.0 0.0 1.0 255.0 20.0 0.08 0.02 0.0 0.0 0.85 0.0 0.0 0.0
0.0 560.0 385.0 0.0 0.0 0.0 0.0 0.0 0.0 0.0 0.0 0.0 0.0 0.0 0.0 1.0 2.0 0.0 0.0 0.0 0.0 1.0 0.0 1.0 255.0 29.0 0.11 0.02 0.0 0.0 0.81 0.0 0.0 0.0
0.0 1010.0 387.0 0.0 0.0 0.0 0.0 0.0 0.0 0.0 0.0 0.0 0.0 0.0 0.0 1.0 1.0 0.0 0.0 0.0 0.0 1.0 0.0 0.0 255.0 39.0 0.15 0.02 0.0 0.0 0.77 0.0 0.0 0.0
0.0 37.0 0.0 0.0 0.0 0.0 0.0 0.0 0.0 0.0 0.0 0.0 0.0 0.0 0.0 2.0 2.0 0.0 0.0 0.0 0.0 1.0 0.0 0.0 255.0 61.0 0.24 0.02 0.05 0.0 0.73 0.8 0.0 0.0
0.0 3690.0 0.0 0.0 0.0 0.0 0.0 0.0 0.0 0.0 0.0 0.0 0.0 0.0 0.0 7.0 7.0 0.0 0.0 0.0 0.0 1.0 0.0 0.0 255.0 68.0 0.27 0.02 0.09 0.0 0.69 0.68 0.0 0.0
0.0 8325.0 0.0 0.0 0.0 0.0 0.0 0.0 0.0 0.0 0.0 0.0 0.0 0.0 0.0 17.0 17.0 0.0 0.0 0.0 0.0 1.0 0.0 0.0 255.0 75.0 0.29 0.02 0.13 0.0 0.65 0.57 0.0 0.0
0.0 1263.0 387.0 0.0 0.0 0.0 0.0 0.0 0.0 0.0 0.0 0.0 0.0 0.0 0.0 1.0 2.0 0.0 0.0 0.0 0.0 1.0 0.0 1.0 255.0 48.0 0.19 0.02 0.0 0.0 0.61 0.0 0.0 0.0
0.0 4012.0 400.0 0.0 0.0 0.0 0.0 0.0 0.0 0.0 0.0 0.0 0.0 0.0 0.0 1.0 1.0 0.0 0.0 0.0 0.0 1.0 0.0 0.0 255.0 56.0 0.22 0.02 0.0 0.0 0.57 0.0 0.0 0.0
605.0 440.0 13135.0 0.0 0.0 0.0 0.0 3.0 0.0 0.0 0.0 0.0 0.0 0.0 0.0 1.0 1.0 0.0 0.0 0.0 0.0 1.0 0.0 0.0 255.0 53.0 0.21 0.02 0.0 0.0 0.53 0.66 0.0 0.0
0.0 63.0 0.0 0.0 0.0 0.0 0.0 0.0 0.0 0.0 0.0 0.0 0.0 0.0 0.0 2.0 3.0 0.0 0.0 0.0 0.0 1.0 0.0 0.67 255.0 74.0 0.29 0.02 0.16 0.0 0.49 0.45 0.0 0.0
0.0 734.0 333.0 0.0 0.0 0.0 0.0 0.0 0.0 0.0 0.0 0.0 0.0 0.0 0.0 1.0 1.0 0.0 0.0 0.0 0.0 1.0 0.0 0.0 3.0 75.0 1.0 0.0 0.33 0.03 0.0 0.0 0.0 0.0
0.0 3137.0 334.0 0.0 0.0 0.0 0.0 0.0 0.0 0.0 0.0 0.0 0.0 0.0 0.0 1.0 1.0 0.0 0.0 0.0 0.0 1.0 0.0 0.0 13.0 84.0 0.92 0.15 0.08 0.02 0.0 0.0 0.0 0.0
0.0 1048.0 336.0 0.0 0.0 0.0 0.0 0.0 0.0 0.0 0.0 0.0 0.0 0.0 0.0 1.0 1.0 0.0 0.0 0.0 0.0 1.0 0.0 0.0 23.0 93.0 0.91 0.09 0.04 0.02 0.0 0.0 0.0 0.0
3.0 793.0 336.0 0.0 0.0 0.0 0.0 0.0 0.0 0.0 0.0 0.0 0.0 0.0 0.0 1.0 1.0 0.0 0.0 0.0 0.0 1.0 0.0 0.0 33.0 103.0 0.94 0.06 0.03 0.02 0.0 0.0 0.0 0.0
0.0 1431.0 331.0 0.0 0.0 0.0 0.0 0.0 0.0 0.0 0.0 0.0 0.0 0.0 0.0 1.0 1.0 0.0 0.0 0.0 0.0 1.0 0.0 0.0 43.0 113.0 0.95 0.05 0.02 0.02 0.0 0.0 0.0 0.0
1.0 2024.0 327.0 0.0 0.0 0.0 0.0 0.0 0.0 0.0 0.0 0.0 0.0 0.0 0.0 1.0 1.0 0.0 0.0 0.0 0.0 1.0 0.0 0.0 53.0 122.0 0.94 0.04 0.02 0.02 0.0 0.0 0.0 0.0
0.0 9178.0 0.0 0.0 0.0 0.0 0.0 0.0 0.0 0.0 0.0 0.0 0.0 0.0 0.0 1.0 1.0 0.0 0.0 0.0 0.0 1.0 0.0 0.0 63.0 66.0 0.11 0.05 0.11 0.03 0.0 0.24 0.0 0.0
0.0 3888.0 0.0 0.0 0.0 0.0 0.0 0.0 0.0 0.0 0.0 0.0 0.0 0.0 0.0 11.0 11.0 0.0 0.0 0.0 0.0 1.0 0.0 0.0 73.0 73.0 0.23 0.04 0.23 0.03 0.0 0.18 0.0 0.0
0.0 4539.0 0.0 0.0 0.0 0.0 0.0 0.0 0.0 0.0 0.0 0.0 0.0 0.0 0.0 21.0 21.0 0.0 0.0 0.0 0.0 1.0 0.0 0.0 83.0 81.0 0.33 0.04 0.33 0.02 0.0 0.14 0.0 0.0
3.0 675.0 335.0 0.0 0.0 0.0 0.0 0.0 0.0 0.0 0.0 0.0 0.0 0.0 0.0 1.0 2.0 0.0 0.0 0.0 0.0 1.0 0.0 1.0 93.0 131.0 0.63 0.03 0.01 0.02 0.0 0.0 0.0 0.0
3.0 1353.0 330.0 0.0 0.0 0.0 0.0 0.0 0.0 0.0 0.0 0.0 0.0 0.0 0.0 1.0 1.0 0.0 0.0 0.0 0.0 1.0 0.0 0.0 103.0 141.0 0.67 0.03 0.01 0.01 0.0 0.0 0.0 0.0
68.0 1000.0 333.0 0.0 0.0 0.0 0.0 0.0 0.0 0.0 0.0 0.0 0.0 0.0 0.0 1.0 1.0 0.0 0.0 0.0 0.0 1.0 0.0 0.0 113.0 151.0 0.7 0.03 0.01 0.01 0.0 0.0 0.0 0.0
8.0 2472.0 410.0 0.0 0.0 0.0 0.0 0.0 0.0 0.0 0.0 0.0 0.0 0.0 0.0 1.0 2.0 0.0 0.0 0.0 0.0 1.0 0.0 1.0 123.0 157.0 0.72 0.02 0.01 0.01 0.0 0.0 0.0 0.0
0.0 1625.0 329.0 0.0 0.0 0.0 0.0 0.0 0.0 0.0 0.0 0.0 0.0 0.0 0.0 1.0 1.0 0.0 0.0 0.0 0.0 1.0 0.0 0.0 133.0 162.0 0.73 0.02 0.01 0.01 0.0 0.0 0.0 0.0
3.0 1338.0 335.0 0.0 0.0 0.0 0.0 0.0 0.0 0.0 0.0 0.0 0.0 0.0 0.0 1.0 2.0 0.0 0.0 0.0 0.0 1.0 0.0 1.0 143.0 170.0 0.74 0.02 0.01 0.01 0.0 0.0 0.0 0.0
0.0 748.0 0.0 0.0 0.0 0.0 0.0 0.0 0.0 0.0 9.0 0.0 0.0 0.0 0.0 1.0 1.0 0.0 0.0 0.0 0.0 1.0 0.0 0.0 153.0 65.0 0.2 0.02 0.2 0.03 0.0 0.0 0.0 0.0
0.0 7012.0 0.0 0.0 0.0 0.0 0.0 0.0 0.0 0.0 0.0 0.0 0.0 0.0 0.0 5.0 5.0 0.0 0.0 0.0 0.0 1.0 0.0 0.0 163.0 75.0 0.25 0.02 0.25 0.03 0.0 0.0 0.0 0.0
0.0 8173.0 0.0 0.0 0.0 0.0 0.0 0.0 0.0 0.0 0.0 0.0 0.0 0.0 0.0 15.0 15.0 0.0 0.0 0.0 0.0 1.0 0.0 0.0 173.0 85.0 0.29 0.02 0.29 0.02 0.0 0.0 0.0 0.0
2.0 5214.0 330.0 0.0 0.0 0.0 0.0 0.0 0.0 0.0 0.0 0.0 0.0 0.0 0.0 1.0 2.0 0.0 0.0 0.0 0.0 1.0 0.0 1.0 183.0 152.0 0.68 0.02 0.01 0.01 0.0 0.0 0.0 0.0
1.0 809.0 329.0 0.0 0.0 0.0 0.0 0.0 0.0 0.0 0.0 0.0 0.0 0.0 0.0 1.0 2.0 0.0 0.0 0.0 0.0 1.0 0.0 1.0 193.0 160.0 0.69 0.02 0.01 0.01 0.0 0.0 0.0 0.0
0.0 8.0 225.0 0.0 0.0 0.0 0.0 0.0 0.0 0.0 0.0 0.0 0.0 0.0 0.0 1.0 1.0 0.0 0.0 0.0 0.0 1.0 0.0 0.0 203.0 9.0 0.04 0.01 0.0 0.0 0.0 0.0 0.0 0.0
0.0 838.0 338.0 0.0 0.0 0.0 0.0 0.0 0.0 0.0 0.0 0.0 0.0 0.0 0.0 1.0 2.0 0.0 0.0 0.0 0.0 1.0 0.0 1.0 213.0 178.0 0.71 0.02 0.0 0.01 0.0 0.0 0.0 0.0
2.0 900.0 332.0 0.0 0.0 0.0 0.0 0.0 0.0 0.0 0.0 0.0 0.0 0.0 0.0 1.0 1.0 0.0 0.0 0.0 0.0 1.0 0.0 0.0 3.0 180.0 1.0 0.0 0.33 0.02 0.0 0.0 0.0 0.0
0.0 192.0 0.0 0.0 0.0 0.0 0.0 0.0 0.0 0.0 0.0 0.0 0.0 0.0 0.0 1.0 1.0 0.0 0.0 0.0 0.0 1.0 0.0 0.0 13.0 60.0 0.31 0.15 0.31 0.05 0.0 0.0 0.0 0.0
0.0 59.0 0.0 0.0 0.0 0.0 0.0 0.0 0.0 0.0 0.0 0.0 0.0 0.0 0.0 8.0 8.0 0.0 0.0 0.0 0.0 1.0 0.0 0.0 23.0 70.0 0.61 0.09 0.61 0.04 0.0 0.0 0.0 0.0
0.0 259.0 0.0 0.0 0.0 0.0 0.0 0.0 0.0 0.0 1.0 0.0 0.0 0.0 0.0 1.0 1.0 0.0 0.0 0.0 0.0 1.0 0.0 0.0 33.0 74.0 0.67 0.06 0.67 0.03 0.0 0.0 0.0 0.0
0.0 740.0 0.0 0.0 0.0 0.0 0.0 0.0 0.0 0.0 9.0 0.0 0.0 0.0 0.0 2.0 2.0 0.0 0.0 0.0 0.0 1.0 0.0 0.0 43.0 78.0 0.6 0.05 0.6 0.03 0.0 0.0 0.0 0.0
2.0 49851.0 332.0 0.0 0.0 0.0 0.0 0.0 0.0 0.0 0.0 0.0 0.0 0.0 0.0 1.0 2.0 0.0 0.0 0.0 0.0 1.0 0.0 1.0 53.0 164.0 0.43 0.04 0.02 0.01 0.0 0.0 0.0 0.0
0.0 192.0 0.0 0.0 0.0 0.0 0.0 0.0 0.0 0.0 0.0 0.0 0.0 0.0 0.0 2.0 2.0 0.0 0.0 0.0 0.0 1.0 0.0 0.0 63.0 86.0 0.54 0.03 0.54 0.02 0.0 0.0 0.0 0.0
0.0 1874.0 0.0 0.0 0.0 0.0 0.0 0.0 0.0 0.0 0.0 0.0 0.0 0.0 0.0 8.0 8.0 0.0 0.0 0.0 0.0 1.0 0.0 0.0 73.0 96.0 0.6 0.03 0.6 0.02 0.0 0.0 0.0 0.0
0.0 4892.0 0.0 0.0 0.0 0.0 0.0 0.0 0.0 0.0 0.0 0.0 0.0 0.0 0.0 18.0 18.0 0.0 0.0 0.0 0.0 1.0 0.0 0.0 83.0 106.0 0.65 0.02 0.65 0.02 0.0 0.0 0.0 0.0
3.0 2643.0 334.0 0.0 0.0 0.0 0.0 0.0 0.0 0.0 0.0 0.0 0.0 0.0 0.0 1.0 2.0 0.0 0.0 0.0 0.0 1.0 0.0 1.0 93.0 144.0 0.42 0.02 0.01 0.01 0.0 0.0 0.0 0.0
4.0 600.0 334.0 0.0 0.0 0.0 0.0 0.0 0.0 0.0 0.0 0.0 0.0 0.0 0.0 1.0 1.0 0.0 0.0 0.0 0.0 1.0 0.0 0.0 103.0 153.0 0.47 0.03 0.01 0.01 0.0 0.0 0.0 0.0
57.0 11315.0 1398.0 0.0 0.0 0.0 0.0 0.0 0.0 0.0 0.0 0.0 0.0 0.0 0.0 1.0 4.0 0.0 0.0 0.0 0.0 1.0 0.0 1.0 113.0 163.0 0.51 0.03 0.01 0.01 0.0 0.0 0.0 0.0
9.0 2073.0 336.0 0.0 0.0 0.0 0.0 0.0 0.0 0.0 0.0 0.0 0.0 0.0 0.0 1.0 2.0 0.0 0.0 0.0 0.0 1.0 0.0 1.0 123.0 171.0 0.54 0.03 0.01 0.01 0.0 0.0 0.0 0.0
0.0 12983.0 0.0 0.0 0.0 0.0 0.0 0.0 0.0 0.0 0.0 0.0 0.0 0.0 0.0 2.0 2.0 0.0 0.0 0.0 0.0 1.0 0.0 0.0 133.0 79.0 0.43 0.03 0.43 0.03 0.0 0.0 0.0 0.0
4.0 918.0 338.0 0.0 0.0 0.0 0.0 0.0 0.0 0.0 0.0 0.0 0.0 0.0 0.0 1.0 1.0 0.0 0.0 0.0 0.0 1.0 0.0 0.0 143.0 165.0 0.57 0.03 0.01 0.01 0.0 0.0 0.0 0.0
7.0 1689.0 333.0 0.0 0.0 0.0 0.0 0.0 0.0 0.0 0.0 0.0 0.0 0.0 0.0 1.0 1.0 0.0 0.0 0.0 0.0 1.0 0.0 0.0 153.0 164.0 0.59 0.03 0.01 0.01 0.0 0.0 0.0 0.0
0.0 748.0 0.0 0.0 0.0 0.0 0.0 0.0 0.0 0.0 9.0 0.0 0.0 0.0 0.0 1.0 1.0 0.0 0.0 0.0 0.0 1.0 0.0 0.0 163.0 85.0 0.39 0.02 0.39 0.02 0.0 0.0 0.0 0.0
0.0 1075.0 340.0 0.0 0.0 0.0 0.0 0.0 0.0 0.0 0.0 0.0 0.0 0.0 0.0 1.0 1.0 0.0 0.0 0.0 0.0 1.0 0.0 0.0 173.0 156.0 0.57 0.02 0.01 0.01 0.0 0.0 0.0 0.0
2.0 617.0 335.0 0.0 0.0 0.0 0.0 0.0 0.0 0.0 0.0 0.0 0.0 0.0 0.0 1.0 4.0 0.0 0.0 0.0 0.0 1.0 0.0 0.75 183.0 156.0 0.6 0.02 0.01 0.01 0.0 0.0 0.0 0.0
0.0 192.0 0.0 0.0 0.0 0.0 0.0 0.0 0.0 0.0 0.0 0.0 0.0 0.0 0.0 2.0 2.0 0.0 0.0 0.0 0.0 1.0 0.0 0.0 193.0 88.0 0.37 0.02 0.37 0.02 0.0 0.0 0.0 0.0
0.0 1830.0 0.0 0.0 0.0 0.0 0.0 0.0 0.0 0.0 0.0 0.0 0.0 0.0 0.0 8.0 9.0 0.0 0.0 0.0 0.0 1.0 0.0 0.22 203.0 88.0 0.4 0.02 0.4 0.02 0.0 0.0 0.0 0.0
1.0 1516.0 334.0 0.0 0.0 0.0 0.0 0.0 0.0 0.0 0.0 0.0 0.0 0.0 0.0 1.0 1.0 0.0 0.0 0.0 0.0 1.0 0.0 0.0 213.0 160.0 0.57 0.02 0.0 0.01 0.0 0.0 0.0 0.0
2.0 729.0 332.0 0.0 0.0 0.0 0.0 0.0 0.0 0.0 0.0 0.0 0.0 0.0 0.0 1.0 2.0 0.0 0.0 0.0 0.0 1.0 0.0 1.0 223.0 161.0 0.59 0.02 0.0 0.01 0.0 0.0 0.0 0.0
0.0 1309.0 394.0 0.0 0.0 0.0 0.0 0.0 0.0 0.0 0.0 0.0 0.0 0.0 0.0 1.0 1.0 0.0 0.0 0.0 0.0 1.0 0.0 0.0 3.0 156.0 0.67 0.67 0.33 0.02 0.0 0.0 0.33 0.0
1.0 722.0 396.0 0.0 0.0 0.0 0.0 0.0 0.0 0.0 0.0 0.0 0.0 0.0 0.0 1.0 2.0 0.0 0.0 0.0 0.0 1.0 0.0 1.0 13.0 151.0 0.46 0.23 0.08 0.02 0.0 0.0 0.08 0.0
0.0 64.0 0.0 0.0 0.0 0.0 0.0 0.0 0.0 0.0 0.0 0.0 0.0 0.0 0.0 1.0 1.0 0.0 0.0 0.0 0.0 1.0 0.0 0.0 23.0 1.0 0.04 0.17 0.04 0.0 0.0 0.0 0.04 0.0
2.0 10928.0 880.0 0.0 0.0 0.0 0.0 0.0 0.0 0.0 0.0 0.0 0.0 0.0 0.0 1.0 2.0 0.0 0.0 0.0 0.0 1.0 0.0 1.0 33.0 139.0 0.39 0.12 0.03 0.01 0.0 0.0 0.03 0.0
1.0 2538.0 590.0 0.0 0.0 0.0 0.0 0.0 0.0 0.0 0.0 0.0 0.0 0.0 0.0 1.0 1.0 0.0 0.0 0.0 0.0 1.0 0.0 0.0 43.0 148.0 0.53 0.09 0.02 0.01 0.0 0.0 0.02 0.0
0.0 1431.0 388.0 0.0 0.0 0.0 0.0 0.0 0.0 0.0 0.0 0.0 0.0 0.0 0.0 1.0 1.0 0.0 0.0 0.0 0.0 1.0 0.0 0.0 53.0 156.0 0.6 0.08 0.02 0.01 0.0 0.0 0.02 0.0
0.0 20.0 0.0 0.0 0.0 0.0 0.0 0.0 0.0 0.0 0.0 0.0 0.0 0.0 0.0 1.0 1.0 0.0 0.0 0.0 0.0 1.0 0.0 0.0 63.0 1.0 0.02 0.08 0.03 0.0 0.0 0.0 0.02 0.0
0.0 1640.0 326.0 0.0 0.0 0.0 0.0 0.0 0.0 0.0 0.0 0.0 0.0 0.0 0.0 1.0 1.0 0.0 0.0 0.0 0.0 1.0 0.0 0.0 8.0 161.0 1.0 0.0 0.12 0.02 0.0 0.0 0.0 0.0
0.0 383.0 0.0 0.0 0.0 0.0 0.0 0.0 0.0 0.0 0.0 0.0 0.0 0.0 0.0 2.0 2.0 0.0 0.0 0.0 0.0 1.0 0.0 0.0 18.0 86.0 0.17 0.17 0.17 0.03 0.0 0.0 0.0 0.0
0.0 12241.0 0.0 0.0 0.0 0.0 0.0 0.0 0.0 0.0 0.0 0.0 0.0 0.0 0.0 7.0 7.0 0.0 0.0 0.0 0.0 1.0 0.0 0.0 28.0 87.0 0.46 0.11 0.46 0.03 0.0 0.0 0.0 0.0
17.0 1745.0 324.0 0.0 0.0 0.0 0.0 0.0 0.0 0.0 0.0 0.0 0.0 0.0 0.0 1.0 2.0 0.0 0.0 0.0 0.0 1.0 0.0 1.0 38.0 160.0 0.47 0.08 0.03 0.02 0.0 0.0 0.0 0.0
7.0 2741.0 362.0 0.0 0.0 0.0 0.0 0.0 0.0 0.0 0.0 0.0 0.0 0.0 0.0 1.0 1.0 0.0 0.0 0.0 0.0 1.0 0.0 0.0 48.0 164.0 0.56 0.06 0.02 0.02 0.0 0.0 0.0 0.0
0.0 2174.0 442.0 0.0 0.0 0.0 0.0 0.0 0.0 0.0 0.0 0.0 0.0 0.0 0.0 1.0 2.0 0.0 0.0 0.0 0.0 1.0 0.0 1.0 58.0 164.0 0.64 0.05 0.02 0.02 0.0 0.0 0.0 0.0
0.0 787.0 322.0 0.0 0.0 0.0 0.0 0.0 0.0 0.0 0.0 0.0 0.0 0.0 0.0 1.0 1.0 0.0 0.0 0.0 0.0 1.0 0.0 0.0 68.0 164.0 0.68 0.06 0.01 0.02 0.0 0.0 0.0 0.0
11.0 1622.0 327.0 0.0 0.0 0.0 0.0 0.0 0.0 0.0 0.0 0.0 0.0 0.0 0.0 1.0 1.0 0.0 0.0 0.0 0.0 1.0 0.0 0.0 78.0 162.0 0.69 0.05 0.01 0.02 0.0 0.0 0.0 0.0
3.0 1000.0 326.0 0.0 0.0 0.0 0.0 0.0 0.0 0.0 0.0 0.0 0.0 0.0 0.0 1.0 4.0 0.0 0.0 0.0 0.0 1.0 0.0 1.0 88.0 162.0 0.72 0.06 0.01 0.02 0.0 0.0 0.01 0.0
0.0 1153.0 0.0 0.0 0.0 0.0 0.0 0.0 0.0 0.0 0.0 0.0 0.0 0.0 0.0 1.0 1.0 0.0 0.0 0.0 0.0 1.0 0.0 0.0 98.0 80.0 0.26 0.05 0.26 0.04 0.0 0.0 0.01 0.0
0.0 8737.0 0.0 0.0 0.0 0.0 0.0 0.0 0.0 0.0 0.0 0.0 0.0 0.0 0.0 10.0 10.0 0.0 0.0 0.0 0.0 1.0 0.0 0.0 108.0 90.0 0.32 0.05 0.32 0.03 0.0 0.0 0.01 0.0
0.0 710.0 334.0 0.0 0.0 0.0 0.0 0.0 0.0 0.0 0.0 0.0 0.0 0.0 0.0 1.0 1.0 0.0 0.0 0.0 0.0 1.0 0.0 0.0 118.0 148.0 0.59 0.04 0.01 0.02 0.0 0.0 0.01 0.0
39.0 1223.0 331.0 0.0 0.0 0.0 0.0 0.0 0.0 0.0 0.0 0.0 0.0 0.0 0.0 1.0 1.0 0.0 0.0 0.0 0.0 1.0 0.0 0.0 128.0 157.0 0.62 0.04 0.01 0.02 0.0 0.0 0.01 0.0
0.0 3923.0 326.0 0.0 0.0 0.0 0.0 0.0 0.0 0.0 0.0 0.0 0.0 0.0 0.0 1.0 1.0 0.0 0.0 0.0 0.0 1.0 0.0 0.0 138.0 157.0 0.65 0.04 0.01 0.02 0.0 0.0 0.01 0.0
0.0 151.0 0.0 0.0 0.0 0.0 0.0 0.0 0.0 0.0 0.0 0.0 0.0 0.0 0.0 2.0 2.0 0.0 0.0 0.0 0.0 1.0 0.0 0.0 148.0 94.0 0.33 0.03 0.33 0.03 0.0 0.0 0.01 0.0
0.0 59.0 0.0 0.0 0.0 0.0 0.0 0.0 0.0 0.0 0.0 0.0 0.0 0.0 0.0 12.0 12.0 0.0 0.0 0.0 0.0 1.0 0.0 0.0 158.0 95.0 0.37 0.03 0.37 0.03 0.0 0.0 0.01 0.0
1.0 954.0 364.0 0.0 0.0 0.0 0.0 0.0 0.0 0.0 0.0 0.0 0.0 0.0 0.0 1.0 1.0 0.0 0.0 0.0 0.0 1.0 0.0 0.0 168.0 157.0 0.61 0.03 0.01 0.02 0.0 0.0 0.01 0.0
0.0 1272.0 323.0 0.0 0.0 0.0 0.0 0.0 0.0 0.0 0.0 0.0 0.0 0.0 0.0 1.0 1.0 0.0 0.0 0.0 0.0 1.0 0.0 0.0 178.0 156.0 0.62 0.03 0.01 0.02 0.0 0.0 0.01 0.0
0.0 1033.0 335.0 0.0 0.0 0.0 0.0 0.0 0.0 0.0 0.0 0.0 0.0 0.0 0.0 1.0 1.0 0.0 0.0 0.0 0.0 1.0 0.0 0.0 188.0 159.0 0.64 0.03 0.01 0.02 0.0 0.0 0.01 0.0
0.0 192.0 0.0 0.0 0.0 0.0 0.0 0.0 0.0 0.0 0.0 0.0 0.0 0.0 0.0 2.0 2.0 0.0 0.0 0.0 0.0 1.0 0.0 0.0 198.0 82.0 0.32 0.03 0.32 0.02 0.0 0.0 0.01 0.0
0.0 172.0 0.0 0.0 0.0 0.0 0.0 0.0 0.0 0.0 0.0 0.0 0.0 0.0 0.0 8.0 8.0 0.0 0.0 0.0 0.0 1.0 0.0 0.0 208.0 86.0 0.35 0.02 0.35 0.02 0.0 0.0 0.0 0.0
0.0 1482.0 366.0 0.0 0.0 0.0 0.0 0.0 0.0 0.0 0.0 0.0 0.0 0.0 0.0 1.0 1.0 0.0 0.0 0.0 0.0 1.0 0.0 0.0 218.0 156.0 0.6 0.02 0.0 0.01 0.0 0.0 0.0 0.0
0.0 948.0 325.0 0.0 0.0 0.0 0.0 0.0 0.0 0.0 0.0 0.0 0.0 0.0 0.0 1.0 1.0 0.0 0.0 0.0 0.0 1.0 0.0 0.0 228.0 160.0 0.62 0.02 0.0 0.01 0.0 0.0 0.0 0.0
0.0 918.0 324.0 0.0 0.0 0.0 0.0 0.0 0.0 0.0 0.0 0.0 0.0 0.0 0.0 1.0 1.0 0.0 0.0 0.0 0.0 1.0 0.0 0.0 238.0 156.0 0.62 0.02 0.0 0.01 0.0 0.0 0.0 0.0
0.0 2095.0 367.0 0.0 0.0 0.0 0.0 0.0 0.0 0.0 0.0 0.0 0.0 0.0 0.0 1.0 1.0 0.0 0.0 0.0 0.0 1.0 0.0 0.0 248.0 161.0 0.63 0.02 0.0 0.01 0.0 0.0 0.0 0.0
0.0 832.0 328.0 0.0 0.0 0.0 0.0 0.0 0.0 0.0 0.0 0.0 0.0 0.0 0.0 1.0 1.0 0.0 0.0 0.0 0.0 1.0 0.0 0.0 255.0 162.0 0.64 0.02 0.0 0.0 0.0 0.0 0.0 0.0
1.0 1106.0 327.0 0.0 0.0 0.0 0.0 0.0 0.0 0.0 0.0 0.0 0.0 0.0 0.0 1.0 1.0 0.0 0.0 0.0 0.0 1.0 0.0 0.0 255.0 162.0 0.64 0.02 0.0 0.0 0.0 0.0 0.0 0.0
0.0 667.0 327.0 0.0 0.0 0.0 0.0 0.0 0.0 0.0 0.0 0.0 0.0 0.0 0.0 1.0 1.0 0.0 0.0 0.0 0.0 1.0 0.0 0.0 255.0 164.0 0.64 0.02 0.0 0.0 0.0 0.0 0.0 0.0
24.0 236.0 774.0 0.0 0.0 4.0 0.0 0.0 0.0 0.0 0.0 0.0 0.0 0.0 0.0 1.0 1.0 0.0 0.0 0.0 0.0 1.0 0.0 0.0 10.0 5.0 0.5 0.2 0.1 0.0 0.0 0.0 0.0 0.0
3.0 2013.0 357.0 0.0 0.0 0.0 0.0 0.0 0.0 0.0 0.0 0.0 0.0 0.0 0.0 1.0 2.0 0.0 0.0 0.0 0.0 1.0 0.0 1.0 20.0 164.0 0.45 0.1 0.05 0.01 0.0 0.0 0.0 0.0
5.0 3135.0 321.0 0.0 0.0 0.0 0.0 0.0 0.0 0.0 0.0 0.0 0.0 0.0 0.0 1.0 3.0 0.0 0.0 0.0 0.0 1.0 0.0 1.0 30.0 160.0 0.47 0.1 0.03 0.01 0.0 0.0 0.0 0.0
23.0 232.0 768.0 0.0 0.0 4.0 0.0 0.0 0.0 0.0 0.0 0.0 0.0 0.0 0.0 1.0 1.0 0.0 0.0 0.0 0.0 1.0 0.0 0.0 40.0 19.0 0.47 0.08 0.03 0.0 0.0 0.0 0.0 0.0
0.0 2342.0 0.0 0.0 0.0 0.0 0.0 0.0 0.0 0.0 0.0 0.0 0.0 0.0 0.0 1.0 1.0 0.0 0.0 0.0 0.0 1.0 0.0 0.0 50.0 73.0 0.08 0.08 0.08 0.03 0.0 0.0 0.0 0.0
24.0 229.0 766.0 0.0 0.0 4.0 0.0 0.0 0.0 0.0 0.0 0.0 0.0 0.0 0.0 1.0 1.0 0.0 0.0 0.0 0.0 1.0 0.0 0.0 60.0 22.0 0.37 0.07 0.02 0.0 0.0 0.0 0.0 0.0
24.0 220.0 767.0 0.0 0.0 4.0 0.0 0.0 0.0 0.0 0.0 0.0 0.0 0.0 0.0 1.0 1.0 0.0 0.0 0.0 0.0 1.0 0.0 0.0 70.0 27.0 0.39 0.06 0.01 0.0 0.0 0.0 0.0 0.0
0.0 7162.0 0.0 0.0 0.0 0.0 0.0 0.0 0.0 0.0 0.0 0.0 0.0 0.0 0.0 3.0 3.0 0.0 0.0 0.0 0.0 1.0 0.0 0.0 80.0 71.0 0.16 0.05 0.16 0.03 0.0 0.0 0.0 0.0
25.0 321.0 1054.0 0.0 0.0 6.0 0.0 0.0 0.0 0.0 0.0 0.0 0.0 0.0 0.0 1.0 1.0 0.0 0.0 0.0 0.0 1.0 0.0 0.0 90.0 30.0 0.33 0.04 0.01 0.0 0.0 0.0 0.0 0.0
31.0 1461.0 4152.0 0.0 0.0 30.0 0.0 0.0 0.0 0.0 0.0 0.0 0.0 0.0 0.0 1.0 1.0 0.0 0.0 0.0 0.0 1.0 0.0 0.0 100.0 33.0 0.33 0.04 0.01 0.0 0.0 0.0 0.0 0.0
50.0 739.0 327.0 0.0 0.0 0.0 0.0 0.0 0.0 0.0 0.0 0.0 0.0 0.0 0.0 1.0 1.0 0.0 0.0 0.0 0.0 1.0 0.0 0.0 110.0 146.0 0.48 0.04 0.01 0.01 0.0 0.0 0.0 0.0
10.0 2073.0 328.0 0.0 0.0 0.0 0.0 0.0 0.0 0.0 0.0 0.0 0.0 0.0 0.0 1.0 4.0 0.0 0.0 0.0 0.0 1.0 0.0 1.0 120.0 147.0 0.51 0.03 0.01 0.01 0.0 0.0 0.0 0.0
26.0 322.0 1054.0 0.0 0.0 6.0 0.0 0.0 0.0 0.0 0.0 0.0 0.0 0.0 0.0 1.0 1.0 0.0 0.0 0.0 0.0 1.0 0.0 0.0 130.0 42.0 0.32 0.03 0.01 0.0 0.0 0.0 0.0 0.0
0.0 19.0 0.0 0.0 0.0 0.0 0.0 0.0 0.0 0.0 0.0 0.0 0.0 0.0 0.0 2.0 2.0 0.0 0.0 0.0 0.0 1.0 0.0 0.0 140.0 57.0 0.2 0.03 0.2 0.04 0.0 0.0 0.0 0.0
5.0 8.0 222.0 0.0 0.0 0.0 0.0 0.0 0.0 0.0 0.0 0.0 0.0 0.0 0.0 1.0 1.0 0.0 0.0 0.0 0.0 1.0 0.0 0.0 150.0 6.0 0.01 0.03 0.01 0.33 0.0 0.0 0.0 0.0
15.0 1849.0 398.0 0.0 0.0 0.0 0.0 0.0 0.0 0.0 0.0 0.0 0.0 0.0 0.0 1.0 1.0 0.0 0.0 0.0 0.0 1.0 0.0 0.0 160.0 145.0 0.52 0.03 0.01 0.01 0.0 0.0 0.0 0.0
30.0 1064.0 3081.0 0.0 0.0 22.0 0.0 0.0 0.0 0.0 0.0 0.0 0.0 0.0 0.0 1.0 1.0 0.0 0.0 0.0 0.0 1.0 0.0 0.0 170.0 48.0 0.28 0.02 0.01 0.0 0.0 0.0 0.0 0.0
0.0 2103.0 326.0 0.0 0.0 0.0 0.0 0.0 0.0 0.0 0.0 0.0 0.0 0.0 0.0 1.0 2.0 0.0 0.0 0.0 0.0 1.0 0.0 1.0 180.0 148.0 0.53 0.02 0.01 0.01 0.0 0.0 0.0 0.0
3.0 1157.0 399.0 0.0 0.0 0.0 0.0 0.0 0.0 0.0 0.0 0.0 0.0 0.0 0.0 1.0 3.0 0.0 0.0 0.0 0.0 1.0 0.0 1.0 190.0 157.0 0.55 0.02 0.01 0.01 0.0 0.0 0.0 0.0
1.0 1175.0 322.0 0.0 0.0 0.0 0.0 0.0 0.0 0.0 0.0 1.0 0.0 0.0 0.0 1.0 2.0 0.0 0.0 0.0 0.0 1.0 0.0 1.0 200.0 152.0 0.55 0.02 0.0 0.01 0.0 0.0 0.0 0.0
0.0 879.0 321.0 0.0 0.0 0.0 0.0 0.0 0.0 0.0 0.0 0.0 0.0 0.0 0.0 1.0 1.0 0.0 0.0 0.0 0.0 1.0 0.0 0.0 210.0 147.0 0.55 0.02 0.0 0.01 0.0 0.0 0.0 0.0
7.0 852.0 325.0 0.0 0.0 0.0 0.0 0.0 0.0 0.0 0.0 0.0 0.0 0.0 0.0 1.0 1.0 0.0 0.0 0.0 0.0 1.0 0.0 0.0 220.0 148.0 0.55 0.02 0.0 0.01 0.0 0.0 0.0 0.0
0.0 1734.0 326.0 0.0 0.0 0.0 0.0 0.0 0.0 0.0 0.0 0.0 0.0 0.0 0.0 1.0 1.0 0.0 0.0 0.0 0.0 1.0 0.0 0.0 230.0 143.0 0.55 0.02 0.0 0.01 0.0 0.0 0.0 0.0
30.0 879.0 2586.0 0.0 0.0 18.0 0.0 0.0 0.0 0.0 0.0 0.0 0.0 0.0 0.0 2.0 2.0 0.0 0.0 0.0 0.0 1.0 0.0 0.0 240.0 65.0 0.27 0.02 0.0 0.0 0.0 0.0 0.0 0.0
2.0 755.0 336.0 0.0 0.0 0.0 0.0 0.0 0.0 0.0 0.0 0.0 0.0 0.0 0.0 1.0 2.0 0.0 0.0 0.0 0.0 1.0 0.0 1.0 10.0 137.0 1.0 0.0 0.1 0.02 0.0 0.0 0.0 0.0
0.0 2722.0 327.0 0.0 0.0 0.0 0.0 0.0 0.0 0.0 0.0 0.0 0.0 1.0 0.0 1.0 1.0 0.0 0.0 0.0 0.0 1.0 0.0 0.0 20.0 142.0 0.95 0.1 0.05 0.01 0.0 0.0 0.0 0.0
0.0 756.0 332.0 0.0 0.0 0.0 0.0 0.0 0.0 0.0 0.0 0.0 0.0 0.0 0.0 1.0 1.0 0.0 0.0 0.0 0.0 1.0 0.0 0.0 30.0 147.0 0.93 0.07 0.03 0.01 0.0 0.0 0.0 0.0
0.0 1970.0 329.0 0.0 0.0 0.0 0.0 0.0 0.0 0.0 0.0 0.0 0.0 0.0 0.0 1.0 2.0 0.0 0.0 0.0 0.0 1.0 0.0 1.0 40.0 148.0 0.82 0.08 0.03 0.01 0.0 0.0 0.0 0.0
23.0 845.0 325.0 0.0 0.0 0.0 0.0 0.0 0.0 0.0 0.0 0.0 0.0 0.0 0.0 1.0 2.0 0.0 0.0 0.0 0.0 1.0 0.0 1.0 50.0 151.0 0.86 0.06 0.02 0.01 0.0 0.0 0.0 0.0
5.0 1979.0 364.0 0.0 0.0 0.0 0.0 0.0 0.0 0.0 0.0 0.0 0.0 0.0 0.0 1.0 1.0 0.0 0.0 0.0 0.0 1.0 0.0 0.0 60.0 153.0 0.87 0.05 0.02 0.01 0.0 0.0 0.0 0.0
3.0 1912.0 403.0 0.0 0.0 0.0 0.0 0.0 0.0 0.0 0.0 0.0 0.0 0.0 0.0 1.0 2.0 0.0 0.0 0.0 0.0 1.0 0.0 1.0 70.0 158.0 0.89 0.04 0.01 0.01 0.0 0.0 0.0 0.0
5.0 1438.0 328.0 0.0 0.0 0.0 0.0 0.0 0.0 0.0 0.0 0.0 0.0 0.0 0.0 1.0 1.0 0.0 0.0 0.0 0.0 1.0 0.0 0.0 80.0 163.0 0.9 0.04 0.01 0.01 0.0 0.0 0.0 0.0
36.0 1288.0 364.0 0.0 0.0 0.0 0.0 0.0 0.0 0.0 0.0 0.0 0.0 0.0 0.0 1.0 5.0 0.0 0.0 0.0 0.0 1.0 0.0 1.0 90.0 169.0 0.91 0.03 0.01 0.01 0.0 0.0 0.0 0.0
0.0 1514.0 327.0 0.0 0.0 0.0 0.0 0.0 0.0 0.0 0.0 0.0 0.0 0.0 0.0 1.0 1.0 0.0 0.0 0.0 0.0 1.0 0.0 0.0 100.0 179.0 0.92 0.03 0.01 0.01 0.0 0.0 0.0 0.0
0.0 1728.0 326.0 0.0 0.0 0.0 0.0 0.0 0.0 0.0 0.0 0.0 0.0 0.0 0.0 1.0 1.0 0.0 0.0 0.0 0.0 1.0 0.0 0.0 110.0 182.0 0.92 0.03 0.01 0.01 0.0 0.0 0.0 0.0
0.0 1245.0 329.0 0.0 0.0 0.0 0.0 0.0 0.0 0.0 0.0 0.0 0.0 0.0 0.0 1.0 2.0 0.0 0.0 0.0 0.0 1.0 0.0 1.0 120.0 188.0 0.92 0.03 0.01 0.01 0.0 0.0 0.0 0.0
0.0 1981.0 326.0 0.0 0.0 0.0 0.0 0.0 0.0 0.0 0.0 0.0 0.0 0.0 0.0 1.0 1.0 0.0 0.0 0.0 0.0 1.0 0.0 0.0 130.0 190.0 0.92 0.02 0.01 0.01 0.0 0.0 0.0 0.0
3.0 1443.0 327.0 0.0 0.0 0.0 0.0 0.0 0.0 0.0 0.0 0.0 0.0 0.0 0.0 1.0 2.0 0.0 0.0 0.0 0.0 1.0 0.0 1.0 140.0 192.0 0.93 0.02 0.01 0.01 0.0 0.0 0.0 0.0
0.0 1174.0 327.0 0.0 0.0 0.0 0.0 0.0 0.0 0.0 0.0 0.0 0.0 0.0 0.0 1.0 1.0 0.0 0.0 0.0 0.0 1.0 0.0 0.0 150.0 195.0 0.92 0.03 0.01 0.01 0.0 0.0 0.0 0.0
0.0 383.0 0.0 0.0 0.0 0.0 0.0 0.0 0.0 0.0 0.0 0.0 0.0 0.0 0.0 2.0 2.0 0.0 0.0 0.0 0.0 1.0 0.0 0.0 160.0 23.0 0.04 0.03 0.04 0.09 0.0 0.0 0.0 0.0
0.0 201.0 0.0 0.0 0.0 0.0 0.0 0.0 0.0 0.0 0.0 0.0 0.0 0.0 0.0 6.0 6.0 0.0 0.0 0.0 0.0 1.0 0.0 0.0 170.0 28.0 0.09 0.02 0.09 0.07 0.0 0.0 0.0 0.0
0.0 8173.0 0.0 0.0 0.0 0.0 0.0 0.0 0.0 0.0 0.0 0.0 0.0 0.0 0.0 16.0 16.0 0.0 0.0 0.0 0.0 1.0 0.0 0.0 180.0 38.0 0.14 0.02 0.14 0.05 0.0 0.0 0.0 0.0
0.0 855.0 328.0 0.0 0.0 0.0 0.0 0.0 0.0 0.0 0.0 0.0 0.0 0.0 0.0 1.0 3.0 0.0 0.0 0.0 0.0 1.0 0.0 1.0 190.0 189.0 0.82 0.02 0.01 0.01 0.0 0.0 0.0 0.0
0.0 1887.0 334.0 0.0 0.0 0.0 0.0 0.0 0.0 0.0 0.0 0.0 0.0 0.0 0.0 1.0 1.0 0.0 0.0 0.0 0.0 1.0 0.0 0.0 5.0 191.0 1.0 0.0 0.2 0.02 0.0 0.0 0.0 0.0
0.0 1596.0 333.0 0.0 0.0 0.0 0.0 0.0 0.0 0.0 1.0 0.0 0.0 0.0 0.0 1.0 2.0 0.0 0.0 0.0 0.0 1.0 0.0 1.0 15.0 192.0 1.0 0.0 0.07 0.02 0.0 0.0 0.0 0.0
5.0 973.0 331.0 0.0 0.0 0.0 0.0 0.0 0.0 0.0 0.0 0.0 0.0 0.0 0.0 1.0 2.0 0.0 0.0 0.0 0.0 1.0 0.0 1.0 25.0 199.0 1.0 0.0 0.04 0.02 0.0 0.0 0.0 0.0
12.0 11627.0 1370.0 0.0 0.0 0.0 0.0 0.0 0.0 0.0 0.0 0.0 0.0 0.0 0.0 1.0 1.0 0.0 0.0 0.0 0.0 1.0 0.0 0.0 35.0 201.0 0.97 0.06 0.03 0.01 0.0 0.0 0.0 0.0
6.0 1424.0 404.0 0.0 0.0 2.0 0.0 0.0 0.0 0.0 0.0 0.0 0.0 0.0 0.0 1.0 1.0 0.0 0.0 0.0 0.0 1.0 0.0 0.0 45.0 205.0 0.98 0.04 0.02 0.01 0.0 0.0 0.0 0.0
0.0 383.0 0.0 0.0 0.0 0.0 0.0 0.0 0.0 0.0 0.0 0.0 0.0 0.0 0.0 2.0 3.0 0.0 0.0 0.0 0.0 1.0 0.0 0.67 55.0 30.0 0.05 0.07 0.05 0.1 0.0 0.0 0.0 0.0
0.0 1556.0 0.0 0.0 0.0 0.0 0.0 0.0 0.0 0.0 0.0 0.0 0.0 0.0 0.0 7.0 7.0 0.0 0.0 0.0 0.0 1.0 0.0 0.0 65.0 39.0 0.2 0.06 0.2 0.05 0.0 0.0 0.0 0.0
0.0 15876.0 0.0 0.0 0.0 0.0 0.0 0.0 0.0 0.0 0.0 0.0 0.0 0.0 0.0 17.0 17.0 0.0 0.0 0.0 0.0 1.0 0.0 0.0 75.0 49.0 0.31 0.05 0.31 0.04 0.0 0.0 0.0 0.0
46.0 737.0 332.0 0.0 0.0 0.0 0.0 0.0 0.0 0.0 0.0 0.0 0.0 0.0 0.0 1.0 1.0 0.0 0.0 0.0 0.0 1.0 0.0 0.0 85.0 189.0 0.61 0.05 0.01 0.01 0.0 0.0 0.0 0.0
10.0 2110.0 371.0 0.0 0.0 0.0 0.0 0.0 0.0 0.0 0.0 0.0 0.0 0.0 0.0 1.0 2.0 0.0 0.0 0.0 0.0 1.0 0.0 1.0 95.0 193.0 0.65 0.04 0.01 0.01 0.0 0.0 0.0 0.0
4.0 614.0 332.0 0.0 0.0 0.0 0.0 0.0 0.0 0.0 0.0 0.0 0.0 0.0 0.0 1.0 3.0 0.0 0.0 0.0 0.0 1.0 0.0 1.0 105.0 194.0 0.69 0.04 0.01 0.01 0.0 0.0 0.0 0.0
9.0 1252.0 329.0 0.0 0.0 0.0 0.0 0.0 0.0 0.0 0.0 0.0 0.0 0.0 0.0 1.0 2.0 0.0 0.0 0.0 0.0 1.0 0.0 1.0 115.0 195.0 0.71 0.03 0.01 0.01 0.0 0.0 0.0 0.0
0.0 12165.0 0.0 0.0 0.0 0.0 0.0 0.0 0.0 0.0 0.0 0.0 0.0 0.0 0.0 4.0 4.0 0.0 0.0 0.0 0.0 1.0 0.0 0.0 125.0 62.0 0.32 0.03 0.32 0.03 0.0 0.0 0.0 0.0
2.0 1277.0 338.0 0.0 0.0 0.0 0.0 0.0 0.0 0.0 0.0 0.0 0.0 0.0 0.0 1.0 1.0 0.0 0.0 0.0 0.0 1.0 0.0 0.0 135.0 181.0 0.65 0.03 0.01 0.01 0.0 0.0 0.0 0.0
9.0 1775.0 333.0 0.0 0.0 0.0 0.0 0.0 0.0 0.0 0.0 0.0 0.0 0.0 0.0 1.0 1.0 0.0 0.0 0.0 0.0 1.0 0.0 0.0 145.0 181.0 0.68 0.03 0.01 0.01 0.0 0.0 0.0 0.0
2.0 2103.0 334.0 0.0 0.0 0.0 0.0 0.0 0.0 0.0 0.0 0.0 0.0 0.0 0.0 1.0 1.0 0.0 0.0 0.0 0.0 1.0 0.0 0.0 155.0 181.0 0.7 0.03 0.01 0.01 0.0 0.0 0.0 0.0
0.0 2134.0 331.0 0.0 0.0 0.0 0.0 0.0 0.0 0.0 0.0 0.0 0.0 0.0 0.0 1.0 1.0 0.0 0.0 0.0 0.0 1.0 0.0 0.0 165.0 181.0 0.72 0.02 0.01 0.01 0.0 0.0 0.0 0.0
1.0 1164.0 332.0 0.0 0.0 0.0 0.0 0.0 0.0 0.0 0.0 0.0 0.0 0.0 0.0 1.0 2.0 0.0 0.0 0.0 0.0 1.0 0.0 1.0 175.0 182.0 0.73 0.02 0.01 0.01 0.0 0.0 0.0 0.0
0.0 3286.0 332.0 0.0 0.0 0.0 0.0 0.0 0.0 0.0 0.0 0.0 0.0 0.0 0.0 1.0 2.0 0.0 0.0 0.0 0.0 1.0 0.0 1.0 185.0 183.0 0.75 0.02 0.01 0.01 0.0 0.0 0.0 0.0
0.0 881.0 365.0 0.0 0.0 0.0 0.0 0.0 0.0 0.0 0.0 0.0 0.0 0.0 0.0 1.0 1.0 0.0 0.0 0.0 0.0 1.0 0.0 0.0 195.0 177.0 0.73 0.02 0.01 0.01 0.0 0.0 0.0 0.0
0.0 15377.0 0.0 0.0 0.0 0.0 0.0 0.0 0.0 0.0 0.0 0.0 0.0 0.0 0.0 3.0 3.0 0.0 0.0 0.0 0.0 1.0 0.0 0.0 205.0 81.0 0.29 0.02 0.29 0.02 0.0 0.0 0.0 0.0
0.0 6062.0 0.0 0.0 0.0 0.0 0.0 0.0 0.0 0.0 0.0 0.0 0.0 0.0 0.0 13.0 13.0 0.0 0.0 0.0 0.0 1.0 0.0 0.0 215.0 91.0 0.32 0.02 0.32 0.02 0.0 0.0 0.0 0.0
0.0 59.0 0.0 0.0 0.0 0.0 0.0 0.0 0.0 0.0 0.0 0.0 0.0 0.0 0.0 23.0 23.0 0.0 0.0 0.0 0.0 1.0 0.0 0.0 225.0 94.0 0.35 0.02 0.35 0.02 0.0 0.0 0.0 0.0
0.0 641.0 0.0 0.0 0.0 0.0 0.0 0.0 0.0 0.0 0.0 0.0 0.0 0.0 0.0 1.0 1.0 0.0 0.0 0.0 0.0 1.0 0.0 0.0 235.0 90.0 0.36 0.02 0.36 0.02 0.0 0.0 0.0 0.0
0.0 7233.0 0.0 0.0 0.0 0.0 0.0 0.0 0.0 0.0 0.0 0.0 0.0 0.0 0.0 9.0 9.0 0.0 0.0 0.0 0.0 1.0 0.0 0.0 245.0 95.0 0.39 0.02 0.39 0.0 0.0 0.0 0.0 0.0
2.0 1634.0 331.0 0.0 0.0 0.0 0.0 0.0 0.0 0.0 0.0 1.0 0.0 0.0 0.0 1.0 1.0 0.0 0.0 0.0 0.0 1.0 0.0 0.0 1.0 149.0 1.0 0.0 1.0 0.01 0.0 0.0 0.0 0.0
2.0 1642.0 328.0 0.0 0.0 0.0 0.0 0.0 0.0 0.0 0.0 0.0 0.0 0.0 0.0 1.0 2.0 0.0 0.0 0.0 0.0 1.0 0.0 1.0 11.0 143.0 0.45 0.18 0.09 0.01 0.0 0.0 0.0 0.0
0.0 192.0 0.0 0.0 0.0 0.0 0.0 0.0 0.0 0.0 0.0 0.0 0.0 0.0 0.0 2.0 2.0 0.0 0.0 0.0 0.0 1.0 0.0 0.0 21.0 112.0 0.48 0.14 0.48 0.02 0.0 0.0 0.0 0.0
0.0 11376.0 0.0 0.0 0.0 0.0 0.0 0.0 0.0 0.0 0.0 0.0 0.0 0.0 0.0 8.0 8.0 0.0 0.0 0.0 0.0 1.0 0.0 0.0 31.0 122.0 0.65 0.1 0.65 0.02 0.0 0.0 0.0 0.0
0.0 14052.0 0.0 0.0 0.0 0.0 0.0 0.0 0.0 0.0 0.0 0.0 0.0 0.0 0.0 18.0 18.0 0.0 0.0 0.0 0.0 1.0 0.0 0.0 41.0 132.0 0.73 0.07 0.73 0.02 0.0 0.0 0.0 0.0
0.0 1444.0 330.0 0.0 0.0 0.0 0.0 0.0 0.0 0.0 0.0 0.0 0.0 0.0 0.0 1.0 1.0 0.0 0.0 0.0 0.0 1.0 0.0 0.0 51.0 120.0 0.39 0.06 0.02 0.02 0.0 0.0 0.0 0.0
0.0 960.0 0.0 0.0 0.0 0.0 0.0 0.0 0.0 0.0 0.0 0.0 0.0 0.0 0.0 2.0 2.0 0.0 0.0 0.0 0.0 1.0 0.0 0.0 61.0 130.0 0.59 0.05 0.59 0.02 0.0 0.0 0.0 0.0
0.0 10261.0 0.0 0.0 0.0 0.0 0.0 0.0 0.0 0.0 0.0 0.0 0.0 0.0 0.0 10.0 10.0 0.0 0.0 0.0 0.0 1.0 0.0 0.0 71.0 130.0 0.65 0.04 0.65 0.02 0.0 0.0 0.0 0.0
2.0 1590.0 328.0 0.0 0.0 0.0 0.0 0.0 0.0 0.0 0.0 0.0 0.0 0.0 0.0 1.0 1.0 0.0 0.0 0.0 0.0 1.0 0.0 0.0 81.0 129.0 0.38 0.04 0.01 0.02 0.0 0.0 0.0 0.0
10.0 1622.0 327.0 0.0 0.0 0.0 0.0 0.0 0.0 0.0 0.0 0.0 0.0 0.0 0.0 1.0 2.0 0.0 0.0 0.0 0.0 1.0 0.0 1.0 91.0 132.0 0.45 0.03 0.01 0.02 0.0 0.0 0.0 0.0
1.0 936.0 335.0 0.0 0.0 0.0 0.0 0.0 0.0 0.0 0.0 0.0 0.0 0.0 0.0 1.0 3.0 0.0 0.0 0.0 0.0 1.0 0.0 1.0 101.0 131.0 0.5 0.03 0.01 0.02 0.0 0.0 0.0 0.0
0.0 748.0 0.0 0.0 0.0 0.0 0.0 0.0 0.0 0.0 9.0 0.0 0.0 0.0 0.0 1.0 1.0 0.0 0.0 0.0 0.0 1.0 0.0 0.0 111.0 122.0 0.45 0.03 0.45 0.02 0.0 0.0 0.0 0.0
30.0 675.0 329.0 0.0 0.0 0.0 0.0 0.0 0.0 0.0 0.0 0.0 0.0 0.0 0.0 1.0 3.0 0.0 0.0 0.0 0.0 1.0 0.0 1.0 121.0 129.0 0.52 0.02 0.01 0.02 0.0 0.0 0.0 0.0
2.0 2007.0 328.0 0.0 0.0 0.0 0.0 0.0 0.0 0.0 0.0 0.0 0.0 0.0 0.0 1.0 4.0 0.0 0.25 0.0 0.0 1.0 0.0 0.75 131.0 138.0 0.56 0.02 0.01 0.01 0.0 0.0 0.0 0.0
1.0 637.0 331.0 0.0 0.0 0.0 0.0 0.0 0.0 0.0 0.0 0.0 0.0 0.0 0.0 1.0 3.0 0.0 0.0 0.0 0.0 1.0 0.0 0.67 141.0 138.0 0.59 0.02 0.01 0.01 0.0 0.0 0.0 0.0
15.0 1896.0 446.0 0.0 0.0 0.0 0.0 0.0 0.0 0.0 0.0 0.0 0.0 0.0 0.0 1.0 1.0 0.0 0.0 0.0 0.0 1.0 0.0 0.0 151.0 138.0 0.62 0.02 0.01 0.01 0.0 0.0 0.0 0.0
1.0 1260.0 476.0 0.0 0.0 0.0 0.0 0.0 0.0 0.0 0.0 0.0 0.0 0.0 0.0 1.0 3.0 0.0 0.0 0.0 0.0 1.0 0.0 1.0 161.0 138.0 0.64 0.02 0.01 0.01 0.0 0.0 0.0 0.0
0.0 1920.0 329.0 0.0 0.0 0.0 0.0 0.0 0.0 0.0 0.0 0.0 0.0 0.0 0.0 1.0 1.0 0.0 0.0 0.0 0.0 1.0 0.0 0.0 171.0 138.0 0.66 0.02 0.01 0.01 0.0 0.0 0.0 0.0
1.0 809.0 331.0 0.0 0.0 0.0 0.0 0.0 0.0 0.0 0.0 0.0 0.0 0.0 0.0 1.0 1.0 0.0 0.0 0.0 0.0 1.0 0.0 0.0 181.0 138.0 0.68 0.02 0.01 0.01 0.0 0.0 0.0 0.0
0.0 994.0 327.0 0.0 0.0 0.0 0.0 0.0 0.0 0.0 0.0 0.0 0.0 0.0 0.0 1.0 1.0 0.0 0.0 0.0 0.0 1.0 0.0 0.0 191.0 138.0 0.69 0.02 0.01 0.01 0.0 0.0 0.0 0.0
