5.0 105.0 146.0 0.0 0.0 0.0 0.0 0.0 0.0 0.0 0.0 0.0 0.0 0.0 0.0 2.0 2.0 0.0 0.0 0.0 0.0 1.0 0.0 0.0 255.0 237.0 0.93 0.01 0.01 0.0 0.0 0.0 0.0 0.0
14.0 105.0 146.0 0.0 0.0 0.0 0.0 0.0 0.0 0.0 0.0 0.0 0.0 0.0 0.0 2.0 2.0 0.0 0.0 0.0 0.0 1.0 0.0 0.0 255.0 237.0 0.93 0.01 0.01 0.0 0.0 0.0 0.0 0.0
0.0 105.0 146.0 0.0 0.0 0.0 0.0 0.0 0.0 0.0 0.0 0.0 0.0 0.0 0.0 1.0 1.0 0.0 0.0 0.0 0.0 1.0 0.0 0.0 255.0 234.0 0.92 0.01 0.0 0.0 0.0 0.0 0.0 0.0
14.0 105.0 146.0 0.0 0.0 0.0 0.0 0.0 0.0 0.0 0.0 0.0 0.0 0.0 0.0 2.0 2.0 0.0 0.0 0.0 0.0 1.0 0.0 0.0 255.0 235.0 0.92 0.01 0.01 0.0 0.0 0.0 0.0 0.0
0.0 105.0 0.0 0.0 0.0 0.0 0.0 0.0 0.0 0.0 0.0 0.0 0.0 0.0 0.0 1.0 1.0 0.0 0.0 0.0 0.0 1.0 0.0 0.0 255.0 235.0 0.92 0.01 0.0 0.0 0.0 0.0 0.0 0.0
0.0 105.0 0.0 0.0 0.0 0.0 0.0 0.0 0.0 0.0 0.0 0.0 0.0 0.0 0.0 2.0 2.0 0.0 0.0 0.0 0.0 1.0 0.0 0.0 255.0 235.0 0.92 0.01 0.01 0.0 0.0 0.0 0.0 0.0
14.0 105.0 146.0 0.0 0.0 0.0 0.0 0.0 0.0 0.0 0.0 0.0 0.0 0.0 0.0 2.0 2.0 0.0 0.0 0.0 0.0 1.0 0.0 0.0 255.0 234.0 0.92 0.01 0.02 0.0 0.0 0.0 0.0 0.0
14.0 105.0 146.0 0.0 0.0 0.0 0.0 0.0 0.0 0.0 0.0 0.0 0.0 0.0 0.0 2.0 2.0 0.0 0.0 0.0 0.0 1.0 0.0 0.0 255.0 233.0 0.91 0.01 0.01 0.0 0.0 0.0 0.0 0.0
5.0 105.0 146.0 0.0 0.0 0.0 0.0 0.0 0.0 0.0 0.0 0.0 0.0 0.0 0.0 2.0 2.0 0.0 0.0 0.0 0.0 1.0 0.0 0.0 255.0 238.0 0.93 0.01 0.01 0.0 0.0 0.0 0.0 0.0
0.0 105.0 0.0 0.0 0.0 0.0 0.0 0.0 0.0 0.0 0.0 0.0 0.0 0.0 0.0 1.0 1.0 0.0 0.0 0.0 0.0 1.0 0.0 0.0 255.0 238.0 0.93 0.01 0.0 0.0 0.0 0.0 0.0 0.0
0.0 105.0 0.0 0.0 0.0 0.0 0.0 0.0 0.0 0.0 0.0 0.0 0.0 0.0 0.0 1.0 1.0 0.0 0.0 0.0 0.0 1.0 0.0 0.0 255.0 239.0 0.94 0.01 0.0 0.0 0.0 0.0 0.0 0.0
0.0 182.0 0.0 0.0 0.0 0.0 0.0 0.0 0.0 0.0 0.0 0.0 0.0 0.0 0.0 7.0 6.0 0.0 0.0 0.0 0.0 0.86 0.29 0.0 255.0 17.0 0.07 0.01 0.08 0.0 0.0 0.0 0.0 0.0
5.0 105.0 146.0 0.0 0.0 0.0 0.0 0.0 0.0 0.0 0.0 0.0 0.0 0.0 0.0 2.0 2.0 0.0 0.0 0.0 0.0 1.0 0.0 0.0 255.0 235.0 0.92 0.01 0.01 0.0 0.0 0.0 0.0 0.0
0.0 105.0 0.0 0.0 0.0 0.0 0.0 0.0 0.0 0.0 0.0 0.0 0.0 0.0 0.0 2.0 2.0 0.0 0.0 0.0 0.0 1.0 0.0 0.0 255.0 235.0 0.92 0.01 0.01 0.0 0.0 0.0 0.0 0.0
0.0 105.0 146.0 0.0 0.0 0.0 0.0 0.0 0.0 0.0 0.0 0.0 0.0 0.0 0.0 2.0 1.0 0.0 0.0 0.0 0.0 0.5 1.0 0.0 255.0 236.0 0.93 0.01 0.01 0.0 0.0 0.0 0.0 0.0
5.0 105.0 146.0 0.0 0.0 0.0 0.0 0.0 0.0 0.0 0.0 0.0 0.0 0.0 0.0 2.0 2.0 0.0 0.0 0.0 0.0 1.0 0.0 0.0 255.0 236.0 0.93 0.01 0.01 0.0 0.0 0.0 0.0 0.0
5.0 105.0 146.0 0.0 0.0 0.0 0.0 0.0 0.0 0.0 0.0 0.0 0.0 0.0 0.0 2.0 2.0 0.0 0.0 0.0 0.0 1.0 0.0 0.0 255.0 236.0 0.93 0.01 0.01 0.0 0.0 0.0 0.0 0.0
5.0 105.0 146.0 0.0 0.0 0.0 0.0 0.0 0.0 0.0 0.0 0.0 0.0 0.0 0.0 3.0 3.0 0.0 0.0 0.0 0.0 1.0 0.0 0.0 255.0 236.0 0.93 0.01 0.01 0.0 0.0 0.0 0.0 0.0
0.0 105.0 0.0 0.0 0.0 0.0 0.0 0.0 0.0 0.0 0.0 0.0 0.0 0.0 0.0 1.0 1.0 0.0 0.0 0.0 0.0 1.0 0.0 0.0 255.0 240.0 0.94 0.01 0.0 0.0 0.0 0.0 0.0 0.0
0.0 105.0 146.0 0.0 0.0 0.0 0.0 0.0 0.0 0.0 0.0 0.0 0.0 0.0 0.0 1.0 1.0 0.0 0.0 0.0 0.0 1.0 0.0 0.0 255.0 239.0 0.94 0.01 0.0 0.0 0.0 0.0 0.0 0.0
0.0 182.0 0.0 0.0 0.0 0.0 0.0 0.0 0.0 0.0 0.0 0.0 0.0 0.0 0.0 6.0 5.0 0.0 0.0 0.0 0.0 0.83 0.33 0.0 255.0 16.0 0.06 0.01 0.08 0.0 0.0 0.0 0.0 0.0
14.0 105.0 146.0 0.0 0.0 0.0 0.0 0.0 0.0 0.0 0.0 0.0 0.0 0.0 0.0 2.0 2.0 0.0 0.0 0.0 0.0 1.0 0.0 0.0 255.0 234.0 0.92 0.01 0.01 0.0 0.0 0.0 0.0 0.0
0.0 105.0 0.0 0.0 0.0 0.0 0.0 0.0 0.0 0.0 0.0 0.0 0.0 0.0 0.0 1.0 1.0 0.0 0.0 0.0 0.0 1.0 0.0 0.0 255.0 234.0 0.92 0.01 0.0 0.0 0.0 0.0 0.0 0.0
0.0 105.0 0.0 0.0 0.0 0.0 0.0 0.0 0.0 0.0 0.0 0.0 0.0 0.0 0.0 1.0 1.0 0.0 0.0 0.0 0.0 1.0 0.0 0.0 255.0 235.0 0.92 0.01 0.0 0.0 0.0 0.0 0.0 0.0
14.0 105.0 146.0 0.0 0.0 0.0 0.0 0.0 0.0 0.0 0.0 0.0 0.0 0.0 0.0 2.0 2.0 0.0 0.0 0.0 0.0 1.0 0.0 0.0 255.0 236.0 0.93 0.01 0.01 0.0 0.0 0.0 0.0 0.0
0.0 105.0 146.0 0.0 0.0 0.0 0.0 0.0 0.0 0.0 0.0 0.0 0.0 0.0 0.0 1.0 1.0 0.0 0.0 0.0 0.0 1.0 0.0 0.0 255.0 236.0 0.93 0.01 0.0 0.0 0.0 0.0 0.0 0.0
0.0 105.0 146.0 0.0 0.0 0.0 0.0 0.0 0.0 0.0 0.0 0.0 0.0 0.0 0.0 1.0 1.0 0.0 0.0 0.0 0.0 1.0 0.0 0.0 255.0 235.0 0.92 0.01 0.0 0.0 0.0 0.0 0.0 0.0
0.0 30.0 0.0 0.0 0.0 0.0 0.0 0.0 0.0 0.0 0.0 0.0 0.0 0.0 0.0 1.0 1.0 0.0 0.0 0.0 0.0 1.0 0.0 0.0 255.0 4.0 0.02 0.01 0.07 0.0 0.0 0.0 0.0 0.0
5.0 105.0 146.0 0.0 0.0 0.0 0.0 0.0 0.0 0.0 0.0 0.0 0.0 0.0 0.0 2.0 2.0 0.0 0.0 0.0 0.0 1.0 0.0 0.0 255.0 239.0 0.94 0.01 0.01 0.0 0.0 0.0 0.0 0.0
0.0 105.0 146.0 0.0 0.0 0.0 0.0 0.0 0.0 0.0 0.0 0.0 0.0 0.0 0.0 1.0 1.0 0.0 0.0 0.0 0.0 1.0 0.0 0.0 255.0 239.0 0.94 0.01 0.0 0.0 0.0 0.0 0.0 0.0
0.0 182.0 0.0 0.0 0.0 0.0 0.0 0.0 0.0 0.0 0.0 0.0 0.0 0.0 0.0 6.0 5.0 0.0 0.0 0.0 0.0 0.83 0.33 0.0 255.0 15.0 0.06 0.01 0.07 0.0 0.0 0.0 0.0 0.0
0.0 105.0 0.0 0.0 0.0 0.0 0.0 0.0 0.0 0.0 0.0 0.0 0.0 0.0 0.0 1.0 1.0 0.0 0.0 0.0 0.0 1.0 0.0 0.0 255.0 236.0 0.93 0.01 0.0 0.0 0.0 0.0 0.0 0.0
5.0 105.0 146.0 0.0 0.0 0.0 0.0 0.0 0.0 0.0 0.0 0.0 0.0 0.0 0.0 2.0 2.0 0.0 0.0 0.0 0.0 1.0 0.0 0.0 255.0 237.0 0.93 0.01 0.01 0.0 0.0 0.0 0.0 0.0
0.0 105.0 146.0 0.0 0.0 0.0 0.0 0.0 0.0 0.0 0.0 0.0 0.0 0.0 0.0 1.0 1.0 0.0 0.0 0.0 0.0 1.0 0.0 0.0 255.0 236.0 0.93 0.01 0.0 0.0 0.0 0.0 0.0 0.0
0.0 105.0 0.0 0.0 0.0 0.0 0.0 0.0 0.0 0.0 0.0 0.0 0.0 0.0 0.0 4.0 4.0 0.0 0.0 0.0 0.0 1.0 0.0 0.0 255.0 236.0 0.93 0.01 0.01 0.0 0.0 0.0 0.0 0.0
0.0 105.0 0.0 0.0 0.0 0.0 0.0 0.0 0.0 0.0 0.0 0.0 0.0 0.0 0.0 1.0 1.0 0.0 0.0 0.0 0.0 1.0 0.0 0.0 255.0 235.0 0.92 0.01 0.0 0.0 0.0 0.0 0.0 0.0
0.0 105.0 146.0 0.0 0.0 0.0 0.0 0.0 0.0 0.0 0.0 0.0 0.0 0.0 0.0 1.0 1.0 0.0 0.0 0.0 0.0 1.0 0.0 0.0 255.0 235.0 0.92 0.01 0.0 0.0 0.0 0.0 0.0 0.0
0.0 105.0 146.0 0.0 0.0 0.0 0.0 0.0 0.0 0.0 0.0 0.0 0.0 0.0 0.0 1.0 1.0 0.0 0.0 0.0 0.0 1.0 0.0 0.0 255.0 239.0 0.94 0.01 0.0 0.0 0.0 0.0 0.0 0.0
0.0 182.0 0.0 0.0 0.0 0.0 0.0 0.0 0.0 0.0 0.0 0.0 0.0 0.0 0.0 3.0 3.0 0.0 0.0 0.0 0.0 1.0 0.0 0.0 255.0 14.0 0.05 0.01 0.07 0.0 0.0 0.0 0.0 0.0
0.0 105.0 0.0 0.0 0.0 0.0 0.0 0.0 0.0 0.0 0.0 0.0 0.0 0.0 0.0 1.0 1.0 0.0 0.0 0.0 0.0 1.0 0.0 0.0 255.0 235.0 0.92 0.01 0.0 0.0 0.0 0.0 0.0 0.0
0.0 105.0 146.0 0.0 0.0 0.0 0.0 0.0 0.0 0.0 0.0 0.0 0.0 0.0 0.0 1.0 1.0 0.0 0.0 0.0 0.0 1.0 0.0 0.0 255.0 234.0 0.92 0.01 0.0 0.0 0.0 0.0 0.0 0.0
0.0 105.0 146.0 0.0 0.0 0.0 0.0 0.0 0.0 0.0 0.0 0.0 0.0 0.0 0.0 1.0 1.0 0.0 0.0 0.0 0.0 1.0 0.0 0.0 255.0 234.0 0.92 0.01 0.01 0.0 0.0 0.0 0.0 0.0
0.0 105.0 146.0 0.0 0.0 0.0 0.0 0.0 0.0 0.0 0.0 0.0 0.0 0.0 0.0 1.0 1.0 0.0 0.0 0.0 0.0 1.0 0.0 0.0 255.0 235.0 0.92 0.01 0.01 0.0 0.0 0.0 0.0 0.0
0.0 105.0 146.0 0.0 0.0 0.0 0.0 0.0 0.0 0.0 0.0 0.0 0.0 0.0 0.0 1.0 1.0 0.0 0.0 0.0 0.0 1.0 0.0 0.0 255.0 233.0 0.91 0.01 0.0 0.0 0.0 0.0 0.0 0.0
0.0 105.0 146.0 0.0 0.0 0.0 0.0 0.0 0.0 0.0 0.0 0.0 0.0 0.0 0.0 1.0 1.0 0.0 0.0 0.0 0.0 1.0 0.0 0.0 255.0 233.0 0.91 0.01 0.01 0.0 0.0 0.0 0.0 0.0
0.0 105.0 146.0 0.0 0.0 0.0 0.0 0.0 0.0 0.0 0.0 0.0 0.0 0.0 0.0 1.0 1.0 0.0 0.0 0.0 0.0 1.0 0.0 0.0 255.0 234.0 0.92 0.01 0.01 0.0 0.0 0.0 0.0 0.0
0.0 105.0 146.0 0.0 0.0 0.0 0.0 0.0 0.0 0.0 0.0 0.0 0.0 0.0 0.0 2.0 1.0 0.0 0.0 0.0 0.0 0.5 1.0 0.0 255.0 236.0 0.93 0.01 0.01 0.0 0.0 0.0 0.0 0.0
5.0 105.0 146.0 0.0 0.0 0.0 0.0 0.0 0.0 0.0 0.0 0.0 0.0 0.0 0.0 2.0 2.0 0.0 0.0 0.0 0.0 1.0 0.0 0.0 255.0 236.0 0.93 0.01 0.02 0.0 0.0 0.0 0.0 0.0
0.0 105.0 146.0 0.0 0.0 0.0 0.0 0.0 0.0 0.0 0.0 0.0 0.0 0.0 0.0 1.0 1.0 0.0 0.0 0.0 0.0 1.0 0.0 0.0 255.0 232.0 0.91 0.01 0.01 0.0 0.0 0.0 0.0 0.0
0.0 105.0 146.0 0.0 0.0 0.0 0.0 0.0 0.0 0.0 0.0 0.0 0.0 0.0 0.0 1.0 1.0 0.0 0.0 0.0 0.0 1.0 0.0 0.0 255.0 232.0 0.91 0.01 0.01 0.0 0.0 0.0 0.0 0.0
0.0 182.0 0.0 0.0 0.0 0.0 0.0 0.0 0.0 0.0 0.0 0.0 0.0 0.0 0.0 3.0 2.0 0.0 0.0 0.0 0.0 0.67 0.67 0.0 255.0 19.0 0.07 0.01 0.1 0.0 0.0 0.0 0.0 0.0
14.0 105.0 146.0 0.0 0.0 0.0 0.0 0.0 0.0 0.0 0.0 0.0 0.0 0.0 0.0 2.0 2.0 0.0 0.0 0.0 0.0 1.0 0.0 0.0 255.0 230.0 0.9 0.01 0.01 0.0 0.0 0.0 0.0 0.0
0.0 182.0 0.0 0.0 0.0 0.0 0.0 0.0 0.0 0.0 0.0 0.0 0.0 0.0 0.0 2.0 1.0 0.0 0.0 0.0 0.0 0.5 1.0 0.0 255.0 19.0 0.07 0.01 0.1 0.0 0.0 0.0 0.0 0.0
0.0 105.0 146.0 0.0 0.0 0.0 0.0 0.0 0.0 0.0 0.0 0.0 0.0 0.0 0.0 1.0 1.0 0.0 0.0 0.0 0.0 1.0 0.0 0.0 255.0 230.0 0.9 0.01 0.01 0.0 0.0 0.0 0.0 0.0
0.0 105.0 146.0 0.0 0.0 0.0 0.0 0.0 0.0 0.0 0.0 0.0 0.0 0.0 0.0 1.0 1.0 0.0 0.0 0.0 0.0 1.0 0.0 0.0 255.0 230.0 0.9 0.01 0.01 0.0 0.0 0.0 0.0 0.0
0.0 105.0 146.0 0.0 0.0 0.0 0.0 0.0 0.0 0.0 0.0 0.0 0.0 0.0 0.0 1.0 1.0 0.0 0.0 0.0 0.0 1.0 0.0 0.0 255.0 230.0 0.9 0.01 0.01 0.0 0.0 0.0 0.0 0.0
0.0 182.0 0.0 0.0 0.0 0.0 0.0 0.0 0.0 0.0 0.0 0.0 0.0 0.0 0.0 4.0 4.0 0.0 0.0 0.0 0.0 1.0 0.0 0.0 255.0 18.0 0.07 0.01 0.09 0.0 0.0 0.0 0.0 0.0
0.0 105.0 146.0 0.0 0.0 0.0 0.0 0.0 0.0 0.0 0.0 0.0 0.0 0.0 0.0 1.0 1.0 0.0 0.0 0.0 0.0 1.0 0.0 0.0 255.0 229.0 0.9 0.01 0.01 0.0 0.0 0.0 0.0 0.0
0.0 105.0 146.0 0.0 0.0 0.0 0.0 0.0 0.0 0.0 0.0 0.0 0.0 0.0 0.0 1.0 1.0 0.0 0.0 0.0 0.0 1.0 0.0 0.0 255.0 230.0 0.9 0.01 0.01 0.0 0.0 0.0 0.0 0.0
14.0 105.0 146.0 0.0 0.0 0.0 0.0 0.0 0.0 0.0 0.0 0.0 0.0 0.0 0.0 2.0 2.0 0.0 0.0 0.0 0.0 1.0 0.0 0.0 255.0 229.0 0.9 0.01 0.01 0.0 0.0 0.0 0.0 0.0
0.0 182.0 0.0 0.0 0.0 0.0 0.0 0.0 0.0 0.0 0.0 0.0 0.0 0.0 0.0 1.0 1.0 0.0 0.0 0.0 0.0 1.0 0.0 0.0 255.0 20.0 0.08 0.01 0.1 0.0 0.0 0.0 0.0 0.0
0.0 105.0 146.0 0.0 0.0 0.0 0.0 0.0 0.0 0.0 0.0 0.0 0.0 0.0 0.0 1.0 1.0 0.0 0.0 0.0 0.0 1.0 0.0 0.0 255.0 229.0 0.9 0.01 0.01 0.0 0.0 0.0 0.0 0.0
0.0 105.0 146.0 0.0 0.0 0.0 0.0 0.0 0.0 0.0 0.0 0.0 0.0 0.0 0.0 1.0 1.0 0.0 0.0 0.0 0.0 1.0 0.0 0.0 255.0 229.0 0.9 0.01 0.0 0.0 0.0 0.0 0.0 0.0
0.0 105.0 146.0 0.0 0.0 0.0 0.0 0.0 0.0 0.0 0.0 0.0 0.0 0.0 0.0 1.0 1.0 0.0 0.0 0.0 0.0 1.0 0.0 0.0 255.0 229.0 0.9 0.01 0.0 0.0 0.0 0.0 0.0 0.0
0.0 105.0 0.0 0.0 0.0 0.0 0.0 0.0 0.0 0.0 0.0 0.0 0.0 0.0 0.0 1.0 1.0 0.0 0.0 0.0 0.0 1.0 0.0 0.0 255.0 234.0 0.92 0.01 0.0 0.0 0.0 0.0 0.0 0.0
0.0 182.0 0.0 0.0 0.0 0.0 0.0 0.0 0.0 0.0 0.0 0.0 0.0 0.0 0.0 7.0 6.0 0.0 0.0 0.0 0.0 0.86 0.29 0.0 255.0 19.0 0.07 0.01 0.09 0.0 0.0 0.0 0.0 0.0
0.0 105.0 0.0 0.0 0.0 0.0 0.0 0.0 0.0 0.0 0.0 0.0 0.0 0.0 0.0 1.0 1.0 0.0 0.0 0.0 0.0 1.0 0.0 0.0 255.0 231.0 0.91 0.01 0.0 0.0 0.0 0.0 0.0 0.0
0.0 105.0 146.0 0.0 0.0 0.0 0.0 0.0 0.0 0.0 0.0 0.0 0.0 0.0 0.0 1.0 1.0 0.0 0.0 0.0 0.0 1.0 0.0 0.0 255.0 230.0 0.9 0.01 0.0 0.0 0.0 0.0 0.0 0.0
0.0 105.0 146.0 0.0 0.0 0.0 0.0 0.0 0.0 0.0 0.0 0.0 0.0 0.0 0.0 1.0 1.0 0.0 0.0 0.0 0.0 1.0 0.0 0.0 255.0 230.0 0.9 0.01 0.0 0.0 0.0 0.0 0.0 0.0
0.0 105.0 146.0 0.0 0.0 0.0 0.0 0.0 0.0 0.0 0.0 0.0 0.0 0.0 0.0 1.0 1.0 0.0 0.0 0.0 0.0 1.0 0.0 0.0 255.0 232.0 0.91 0.01 0.0 0.0 0.0 0.0 0.0 0.0
0.0 105.0 0.0 0.0 0.0 0.0 0.0 0.0 0.0 0.0 0.0 0.0 0.0 0.0 0.0 2.0 2.0 0.0 0.0 0.0 0.0 1.0 0.0 0.0 255.0 232.0 0.91 0.01 0.01 0.0 0.0 0.0 0.0 0.0
0.0 105.0 146.0 0.0 0.0 0.0 0.0 0.0 0.0 0.0 0.0 0.0 0.0 0.0 0.0 1.0 1.0 0.0 0.0 0.0 0.0 1.0 0.0 0.0 255.0 232.0 0.91 0.01 0.0 0.0 0.0 0.0 0.0 0.0
0.0 105.0 146.0 0.0 0.0 0.0 0.0 0.0 0.0 0.0 0.0 0.0 0.0 0.0 0.0 1.0 1.0 0.0 0.0 0.0 0.0 1.0 0.0 0.0 255.0 234.0 0.92 0.01 0.0 0.0 0.0 0.0 0.0 0.0
0.0 105.0 146.0 0.0 0.0 0.0 0.0 0.0 0.0 0.0 0.0 0.0 0.0 0.0 0.0 1.0 1.0 0.0 0.0 0.0 0.0 1.0 0.0 0.0 255.0 238.0 0.93 0.01 0.02 0.0 0.0 0.0 0.0 0.0
0.0 105.0 0.0 0.0 0.0 0.0 0.0 0.0 0.0 0.0 0.0 0.0 0.0 0.0 0.0 1.0 1.0 0.0 0.0 0.0 0.0 1.0 0.0 0.0 255.0 237.0 0.93 0.01 0.0 0.0 0.0 0.0 0.0 0.0
14.0 105.0 146.0 0.0 0.0 0.0 0.0 0.0 0.0 0.0 0.0 0.0 0.0 0.0 0.0 2.0 2.0 0.0 0.0 0.0 0.0 1.0 0.0 0.0 255.0 237.0 0.93 0.01 0.01 0.0 0.0 0.0 0.0 0.0
0.0 105.0 146.0 0.0 0.0 0.0 0.0 0.0 0.0 0.0 0.0 0.0 0.0 0.0 0.0 1.0 1.0 0.0 0.0 0.0 0.0 1.0 0.0 0.0 255.0 234.0 0.92 0.01 0.0 0.0 0.0 0.0 0.0 0.0
0.0 105.0 146.0 0.0 0.0 0.0 0.0 0.0 0.0 0.0 0.0 0.0 0.0 0.0 0.0 1.0 1.0 0.0 0.0 0.0 0.0 1.0 0.0 0.0 255.0 234.0 0.92 0.01 0.0 0.0 0.0 0.0 0.0 0.0
0.0 105.0 146.0 0.0 0.0 0.0 0.0 0.0 0.0 0.0 0.0 0.0 0.0 0.0 0.0 1.0 1.0 0.0 0.0 0.0 0.0 1.0 0.0 0.0 255.0 236.0 0.93 0.01 0.0 0.0 0.0 0.0 0.0 0.0
0.0 105.0 146.0 0.0 0.0 0.0 0.0 0.0 0.0 0.0 0.0 0.0 0.0 0.0 0.0 1.0 1.0 0.0 0.0 0.0 0.0 1.0 0.0 0.0 255.0 236.0 0.93 0.01 0.01 0.0 0.0 0.0 0.0 0.0
0.0 105.0 146.0 0.0 0.0 0.0 0.0 0.0 0.0 0.0 0.0 0.0 0.0 0.0 0.0 1.0 1.0 0.0 0.0 0.0 0.0 1.0 0.0 0.0 255.0 236.0 0.93 0.01 0.0 0.0 0.0 0.0 0.0 0.0
0.0 105.0 0.0 0.0 0.0 0.0 0.0 0.0 0.0 0.0 0.0 0.0 0.0 0.0 0.0 1.0 1.0 0.0 0.0 0.0 0.0 1.0 0.0 0.0 255.0 233.0 0.91 0.01 0.0 0.0 0.0 0.0 0.0 0.0
5.0 105.0 146.0 0.0 0.0 0.0 0.0 0.0 0.0 0.0 0.0 0.0 0.0 0.0 0.0 2.0 2.0 0.0 0.0 0.0 0.0 1.0 0.0 0.0 255.0 237.0 0.93 0.01 0.01 0.0 0.0 0.0 0.0 0.0
0.0 105.0 146.0 0.0 0.0 0.0 0.0 0.0 0.0 0.0 0.0 0.0 0.0 0.0 0.0 1.0 1.0 0.0 0.0 0.0 0.0 1.0 0.0 0.0 255.0 237.0 0.93 0.01 0.0 0.0 0.0 0.0 0.0 0.0
0.0 182.0 0.0 0.0 0.0 0.0 0.0 0.0 0.0 0.0 0.0 0.0 0.0 0.0 0.0 5.0 5.0 0.0 0.0 0.0 0.0 1.0 0.0 0.0 255.0 17.0 0.07 0.01 0.08 0.0 0.0 0.0 0.0 0.0
0.0 105.0 0.0 0.0 0.0 0.0 0.0 0.0 0.0 0.0 0.0 0.0 0.0 0.0 0.0 2.0 2.0 0.0 0.0 0.0 0.0 1.0 0.0 0.0 255.0 234.0 0.92 0.01 0.01 0.0 0.0 0.0 0.0 0.0
5.0 105.0 146.0 0.0 0.0 0.0 0.0 0.0 0.0 0.0 0.0 0.0 0.0 0.0 0.0 2.0 2.0 0.0 0.0 0.0 0.0 1.0 0.0 0.0 255.0 235.0 0.92 0.01 0.01 0.0 0.0 0.0 0.0 0.0
5.0 105.0 146.0 0.0 0.0 0.0 0.0 0.0 0.0 0.0 0.0 0.0 0.0 0.0 0.0 2.0 2.0 0.0 0.0 0.0 0.0 1.0 0.0 0.0 255.0 234.0 0.92 0.01 0.01 0.0 0.0 0.0 0.0 0.0
5.0 105.0 146.0 0.0 0.0 0.0 0.0 0.0 0.0 0.0 0.0 0.0 0.0 0.0 0.0 2.0 2.0 0.0 0.0 0.0 0.0 1.0 0.0 0.0 255.0 233.0 0.91 0.01 0.01 0.0 0.0 0.0 0.0 0.0
0.0 182.0 0.0 0.0 0.0 0.0 0.0 0.0 0.0 0.0 0.0 0.0 0.0 0.0 0.0 1.0 1.0 0.0 0.0 0.0 0.0 1.0 0.0 0.0 255.0 18.0 0.07 0.01 0.09 0.0 0.0 0.0 0.0 0.0
0.0 105.0 146.0 0.0 0.0 0.0 0.0 0.0 0.0 0.0 0.0 0.0 0.0 0.0 0.0 1.0 1.0 0.0 0.0 0.0 0.0 1.0 0.0 0.0 255.0 232.0 0.91 0.01 0.0 0.0 0.0 0.0 0.0 0.0
0.0 105.0 146.0 0.0 0.0 0.0 0.0 0.0 0.0 0.0 0.0 0.0 0.0 0.0 0.0 1.0 1.0 0.0 0.0 0.0 0.0 1.0 0.0 0.0 255.0 236.0 0.93 0.01 0.0 0.0 0.0 0.0 0.0 0.0
14.0 105.0 146.0 0.0 0.0 0.0 0.0 0.0 0.0 0.0 0.0 0.0 0.0 0.0 0.0 2.0 2.0 0.0 0.0 0.0 0.0 1.0 0.0 0.0 255.0 237.0 0.93 0.01 0.01 0.0 0.0 0.0 0.0 0.0
0.0 30.0 0.0 0.0 0.0 0.0 0.0 0.0 0.0 0.0 0.0 0.0 0.0 0.0 0.0 1.0 1.0 0.0 0.0 0.0 0.0 1.0 0.0 0.0 255.0 5.0 0.02 0.01 0.09 0.0 0.0 0.0 0.0 0.0
0.0 105.0 0.0 0.0 0.0 0.0 0.0 0.0 0.0 0.0 0.0 0.0 0.0 0.0 0.0 1.0 1.0 0.0 0.0 0.0 0.0 1.0 0.0 0.0 255.0 231.0 0.91 0.01 0.0 0.0 0.0 0.0 0.0 0.0
6.0 105.0 146.0 0.0 0.0 0.0 0.0 0.0 0.0 0.0 0.0 0.0 0.0 0.0 0.0 2.0 2.0 0.0 0.0 0.0 0.0 1.0 0.0 0.0 255.0 231.0 0.91 0.01 0.01 0.0 0.0 0.0 0.0 0.0
14.0 105.0 146.0 0.0 0.0 0.0 0.0 0.0 0.0 0.0 0.0 0.0 0.0 0.0 0.0 2.0 2.0 0.0 0.0 0.0 0.0 1.0 0.0 0.0 255.0 231.0 0.91 0.01 0.01 0.0 0.0 0.0 0.0 0.0
5.0 105.0 146.0 0.0 0.0 0.0 0.0 0.0 0.0 0.0 0.0 0.0 0.0 0.0 0.0 2.0 2.0 0.0 0.0 0.0 0.0 1.0 0.0 0.0 255.0 231.0 0.91 0.01 0.01 0.0 0.0 0.0 0.0 0.0
0.0 105.0 146.0 0.0 0.0 0.0 0.0 0.0 0.0 0.0 0.0 0.0 0.0 0.0 0.0 1.0 1.0 0.0 0.0 0.0 0.0 1.0 0.0 0.0 255.0 231.0 0.91 0.01 0.0 0.0 0.0 0.0 0.0 0.0
0.0 105.0 146.0 0.0 0.0 0.0 0.0 0.0 0.0 0.0 0.0 0.0 0.0 0.0 0.0 1.0 1.0 0.0 0.0 0.0 0.0 1.0 0.0 0.0 255.0 230.0 0.9 0.01 0.0 0.0 0.0 0.0 0.0 0.0
14.0 105.0 146.0 0.0 0.0 0.0 0.0 0.0 0.0 0.0 0.0 0.0 0.0 0.0 0.0 2.0 2.0 0.0 0.0 0.0 0.0 1.0 0.0 0.0 255.0 231.0 0.91 0.01 0.01 0.0 0.0 0.0 0.0 0.0
0.0 105.0 146.0 0.0 0.0 0.0 0.0 0.0 0.0 0.0 0.0 0.0 0.0 0.0 0.0 1.0 1.0 0.0 0.0 0.0 0.0 1.0 0.0 0.0 255.0 229.0 0.9 0.01 0.0 0.0 0.0 0.0 0.0 0.0
0.0 105.0 146.0 0.0 0.0 0.0 0.0 0.0 0.0 0.0 0.0 0.0 0.0 0.0 0.0 1.0 1.0 0.0 0.0 0.0 0.0 1.0 0.0 0.0 255.0 232.0 0.91 0.01 0.0 0.0 0.0 0.0 0.0 0.0
0.0 105.0 145.0 0.0 0.0 0.0 0.0 0.0 0.0 0.0 0.0 0.0 0.0 0.0 0.0 4.0 1.0 0.0 0.0 0.0 0.0 0.25 0.5 0.0 255.0 232.0 0.91 0.01 0.0 0.0 0.0 0.0 0.0 0.0
0.0 105.0 146.0 0.0 0.0 0.0 0.0 0.0 0.0 0.0 0.0 0.0 0.0 0.0 0.0 1.0 1.0 0.0 0.0 0.0 0.0 1.0 0.0 0.0 255.0 232.0 0.91 0.01 0.0 0.0 0.0 0.0 0.0 0.0
0.0 105.0 146.0 0.0 0.0 0.0 0.0 0.0 0.0 0.0 0.0 0.0 0.0 0.0 0.0 1.0 1.0 0.0 0.0 0.0 0.0 1.0 0.0 0.0 255.0 232.0 0.91 0.01 0.0 0.0 0.0 0.0 0.0 0.0
0.0 105.0 146.0 0.0 0.0 0.0 0.0 0.0 0.0 0.0 0.0 0.0 0.0 0.0 0.0 1.0 1.0 0.0 0.0 0.0 0.0 1.0 0.0 0.0 255.0 231.0 0.91 0.01 0.0 0.0 0.0 0.0 0.0 0.0
14.0 105.0 146.0 0.0 0.0 0.0 0.0 0.0 0.0 0.0 0.0 0.0 0.0 0.0 0.0 2.0 2.0 0.0 0.0 0.0 0.0 1.0 0.0 0.0 255.0 234.0 0.92 0.01 0.01 0.0 0.0 0.0 0.0 0.0
0.0 105.0 0.0 0.0 0.0 0.0 0.0 0.0 0.0 0.0 0.0 0.0 0.0 0.0 0.0 2.0 2.0 0.0 0.0 0.0 0.0 1.0 0.0 0.0 255.0 235.0 0.92 0.01 0.01 0.0 0.0 0.0 0.0 0.0
0.0 105.0 0.0 0.0 0.0 0.0 0.0 0.0 0.0 0.0 0.0 0.0 0.0 0.0 0.0 1.0 1.0 0.0 0.0 0.0 0.0 1.0 0.0 0.0 255.0 233.0 0.91 0.01 0.0 0.0 0.0 0.0 0.0 0.0
0.0 105.0 146.0 0.0 0.0 0.0 0.0 0.0 0.0 0.0 0.0 0.0 0.0 0.0 0.0 1.0 1.0 0.0 0.0 0.0 0.0 1.0 0.0 0.0 255.0 237.0 0.93 0.01 0.0 0.0 0.0 0.0 0.0 0.0
0.0 105.0 146.0 0.0 0.0 0.0 0.0 0.0 0.0 0.0 0.0 0.0 0.0 0.0 0.0 1.0 1.0 0.0 0.0 0.0 0.0 1.0 0.0 0.0 255.0 237.0 0.93 0.01 0.0 0.0 0.0 0.0 0.0 0.0
0.0 182.0 0.0 0.0 0.0 0.0 0.0 0.0 0.0 0.0 0.0 0.0 0.0 0.0 0.0 4.0 4.0 0.0 0.0 0.0 0.0 1.0 0.0 0.0 255.0 16.0 0.06 0.01 0.08 0.0 0.0 0.0 0.0 0.0
0.0 105.0 146.0 0.0 0.0 0.0 0.0 0.0 0.0 0.0 0.0 0.0 0.0 0.0 0.0 1.0 1.0 0.0 0.0 0.0 0.0 1.0 0.0 0.0 255.0 234.0 0.92 0.01 0.0 0.0 0.0 0.0 0.0 0.0
0.0 105.0 146.0 0.0 0.0 0.0 0.0 0.0 0.0 0.0 0.0 0.0 0.0 0.0 0.0 2.0 1.0 0.0 0.0 0.0 0.0 0.5 1.0 0.0 255.0 233.0 0.91 0.01 0.0 0.0 0.0 0.0 0.0 0.0
0.0 105.0 0.0 0.0 0.0 0.0 0.0 0.0 0.0 0.0 0.0 0.0 0.0 0.0 0.0 2.0 2.0 0.0 0.0 0.0 0.0 1.0 0.0 0.0 255.0 234.0 0.92 0.01 0.01 0.0 0.0 0.0 0.0 0.0
14.0 105.0 146.0 0.0 0.0 0.0 0.0 0.0 0.0 0.0 0.0 0.0 0.0 0.0 0.0 2.0 2.0 0.0 0.0 0.0 0.0 1.0 0.0 0.0 255.0 234.0 0.92 0.01 0.01 0.0 0.0 0.0 0.0 0.0
0.0 105.0 146.0 0.0 0.0 0.0 0.0 0.0 0.0 0.0 0.0 0.0 0.0 0.0 0.0 1.0 1.0 0.0 0.0 0.0 0.0 1.0 0.0 0.0 255.0 233.0 0.91 0.01 0.0 0.0 0.0 0.0 0.0 0.0
5.0 105.0 146.0 0.0 0.0 0.0 0.0 0.0 0.0 0.0 0.0 0.0 0.0 0.0 0.0 2.0 2.0 0.0 0.0 0.0 0.0 1.0 0.0 0.0 255.0 236.0 0.93 0.01 0.01 0.0 0.0 0.0 0.0 0.0
0.0 105.0 0.0 0.0 0.0 0.0 0.0 0.0 0.0 0.0 0.0 0.0 0.0 0.0 0.0 1.0 1.0 0.0 0.0 0.0 0.0 1.0 0.0 0.0 255.0 239.0 0.94 0.01 0.0 0.0 0.0 0.0 0.0 0.0
0.0 105.0 146.0 0.0 0.0 0.0 0.0 0.0 0.0 0.0 0.0 0.0 0.0 0.0 0.0 1.0 1.0 0.0 0.0 0.0 0.0 1.0 0.0 0.0 255.0 239.0 0.94 0.01 0.0 0.0 0.0 0.0 0.0 0.0
0.0 105.0 0.0 0.0 0.0 0.0 0.0 0.0 0.0 0.0 0.0 0.0 0.0 0.0 0.0 2.0 2.0 0.0 0.0 0.0 0.0 1.0 0.0 0.0 255.0 239.0 0.94 0.01 0.01 0.0 0.0 0.0 0.0 0.0
0.0 105.0 146.0 0.0 0.0 0.0 0.0 0.0 0.0 0.0 0.0 0.0 0.0 0.0 0.0 1.0 1.0 0.0 0.0 0.0 0.0 1.0 0.0 0.0 255.0 235.0 0.92 0.01 0.0 0.0 0.0 0.0 0.0 0.0
5.0 105.0 146.0 0.0 0.0 0.0 0.0 0.0 0.0 0.0 0.0 0.0 0.0 0.0 0.0 2.0 2.0 0.0 0.0 0.0 0.0 1.0 0.0 0.0 255.0 235.0 0.92 0.01 0.01 0.0 0.0 0.0 0.0 0.0
14.0 105.0 146.0 0.0 0.0 0.0 0.0 0.0 0.0 0.0 0.0 0.0 0.0 0.0 0.0 2.0 2.0 0.0 0.0 0.0 0.0 1.0 0.0 0.0 255.0 235.0 0.92 0.01 0.01 0.0 0.0 0.0 0.0 0.0
0.0 105.0 0.0 0.0 0.0 0.0 0.0 0.0 0.0 0.0 0.0 0.0 0.0 0.0 0.0 1.0 1.0 0.0 0.0 0.0 0.0 1.0 0.0 0.0 255.0 236.0 0.93 0.01 0.0 0.0 0.0 0.0 0.0 0.0
0.0 105.0 146.0 0.0 0.0 0.0 0.0 0.0 0.0 0.0 0.0 0.0 0.0 0.0 0.0 1.0 1.0 0.0 0.0 0.0 0.0 1.0 0.0 0.0 255.0 239.0 0.94 0.01 0.0 0.0 0.0 0.0 0.0 0.0
0.0 105.0 0.0 0.0 0.0 0.0 0.0 0.0 0.0 0.0 0.0 0.0 0.0 0.0 0.0 1.0 1.0 0.0 0.0 0.0 0.0 1.0 0.0 0.0 255.0 239.0 0.94 0.01 0.0 0.0 0.0 0.0 0.0 0.0
14.0 105.0 146.0 0.0 0.0 0.0 0.0 0.0 0.0 0.0 0.0 0.0 0.0 0.0 0.0 2.0 2.0 0.0 0.0 0.0 0.0 1.0 0.0 0.0 255.0 239.0 0.94 0.01 0.01 0.0 0.0 0.0 0.0 0.0
0.0 105.0 146.0 0.0 0.0 0.0 0.0 0.0 0.0 0.0 0.0 0.0 0.0 0.0 0.0 1.0 1.0 0.0 0.0 0.0 0.0 1.0 0.0 0.0 255.0 238.0 0.93 0.01 0.0 0.0 0.0 0.0 0.0 0.0
0.0 105.0 146.0 0.0 0.0 0.0 0.0 0.0 0.0 0.0 0.0 0.0 0.0 0.0 0.0 1.0 1.0 0.0 0.0 0.0 0.0 1.0 0.0 0.0 255.0 238.0 0.93 0.01 0.0 0.0 0.0 0.0 0.0 0.0
0.0 182.0 0.0 0.0 0.0 0.0 0.0 0.0 0.0 0.0 0.0 0.0 0.0 0.0 0.0 6.0 5.0 0.0 0.0 0.0 0.0 0.83 0.33 0.0 255.0 16.0 0.06 0.01 0.08 0.0 0.0 0.0 0.0 0.0
0.0 105.0 146.0 0.0 0.0 0.0 0.0 0.0 0.0 0.0 0.0 0.0 0.0 0.0 0.0 1.0 1.0 0.0 0.0 0.0 0.0 1.0 0.0 0.0 255.0 234.0 0.92 0.01 0.01 0.0 0.0 0.0 0.0 0.0
14.0 105.0 146.0 0.0 0.0 0.0 0.0 0.0 0.0 0.0 0.0 0.0 0.0 0.0 0.0 2.0 2.0 0.0 0.0 0.0 0.0 1.0 0.0 0.0 255.0 234.0 0.92 0.01 0.01 0.0 0.0 0.0 0.0 0.0
5.0 105.0 146.0 0.0 0.0 0.0 0.0 0.0 0.0 0.0 0.0 0.0 0.0 0.0 0.0 2.0 2.0 0.0 0.0 0.0 0.0 1.0 0.0 0.0 255.0 236.0 0.93 0.01 0.01 0.0 0.0 0.0 0.0 0.0
0.0 182.0 0.0 0.0 0.0 0.0 0.0 0.0 0.0 0.0 0.0 0.0 0.0 0.0 0.0 3.0 2.0 0.0 0.0 0.0 0.0 0.67 0.67 0.0 255.0 18.0 0.07 0.01 0.09 0.0 0.0 0.0 0.0 0.0
14.0 105.0 146.0 0.0 0.0 0.0 0.0 0.0 0.0 0.0 0.0 0.0 0.0 0.0 0.0 2.0 2.0 0.0 0.0 0.0 0.0 1.0 0.0 0.0 255.0 233.0 0.91 0.01 0.01 0.0 0.0 0.0 0.0 0.0
0.0 105.0 0.0 0.0 0.0 0.0 0.0 0.0 0.0 0.0 0.0 0.0 0.0 0.0 0.0 1.0 1.0 0.0 0.0 0.0 0.0 1.0 0.0 0.0 255.0 233.0 0.91 0.01 0.0 0.0 0.0 0.0 0.0 0.0
0.0 182.0 0.0 0.0 0.0 0.0 0.0 0.0 0.0 0.0 0.0 0.0 0.0 0.0 0.0 4.0 4.0 0.0 0.0 0.0 0.0 1.0 0.0 0.0 255.0 15.0 0.06 0.01 0.07 0.0 0.0 0.0 0.0 0.0
0.0 105.0 146.0 0.0 0.0 0.0 0.0 0.0 0.0 0.0 0.0 0.0 0.0 0.0 0.0 2.0 1.0 0.0 0.0 0.0 0.0 0.5 1.0 0.0 255.0 234.0 0.92 0.01 0.0 0.0 0.0 0.0 0.0 0.0
0.0 30.0 0.0 0.0 0.0 0.0 0.0 0.0 0.0 0.0 0.0 0.0 0.0 0.0 0.0 1.0 1.0 0.0 0.0 0.0 0.0 1.0 0.0 0.0 255.0 4.0 0.02 0.01 0.08 0.0 0.0 0.0 0.0 0.0
5.0 105.0 146.0 0.0 0.0 0.0 0.0 0.0 0.0 0.0 0.0 0.0 0.0 0.0 0.0 2.0 2.0 0.0 0.0 0.0 0.0 1.0 0.0 0.0 255.0 234.0 0.92 0.01 0.01 0.0 0.0 0.0 0.0 0.0
0.0 105.0 146.0 0.0 0.0 0.0 0.0 0.0 0.0 0.0 0.0 0.0 0.0 0.0 0.0 2.0 1.0 0.0 0.0 0.0 0.0 0.5 1.0 0.0 255.0 234.0 0.92 0.01 0.0 0.0 0.0 0.0 0.0 0.0
0.0 105.0 146.0 0.0 0.0 0.0 0.0 0.0 0.0 0.0 0.0 0.0 0.0 0.0 0.0 1.0 1.0 0.0 0.0 0.0 0.0 1.0 0.0 0.0 255.0 234.0 0.92 0.01 0.01 0.0 0.0 0.0 0.0 0.0
0.0 105.0 146.0 0.0 0.0 0.0 0.0 0.0 0.0 0.0 0.0 0.0 0.0 0.0 0.0 1.0 1.0 0.0 0.0 0.0 0.0 1.0 0.0 0.0 255.0 234.0 0.92 0.01 0.0 0.0 0.0 0.0 0.0 0.0
0.0 105.0 146.0 0.0 0.0 0.0 0.0 0.0 0.0 0.0 0.0 0.0 0.0 0.0 0.0 1.0 1.0 0.0 0.0 0.0 0.0 1.0 0.0 0.0 255.0 234.0 0.92 0.01 0.0 0.0 0.0 0.0 0.0 0.0
0.0 182.0 0.0 0.0 0.0 0.0 0.0 0.0 0.0 0.0 0.0 0.0 0.0 0.0 0.0 4.0 2.0 0.0 0.0 0.0 0.0 0.5 0.75 0.0 255.0 18.0 0.07 0.01 0.09 0.0 0.0 0.0 0.0 0.0
0.0 105.0 0.0 0.0 0.0 0.0 0.0 0.0 0.0 0.0 0.0 0.0 0.0 0.0 0.0 1.0 1.0 0.0 0.0 0.0 0.0 1.0 0.0 0.0 255.0 230.0 0.9 0.01 0.0 0.0 0.0 0.0 0.0 0.0
0.0 105.0 0.0 0.0 0.0 0.0 0.0 0.0 0.0 0.0 0.0 0.0 0.0 0.0 0.0 1.0 1.0 0.0 0.0 0.0 0.0 1.0 0.0 0.0 255.0 233.0 0.91 0.01 0.0 0.0 0.0 0.0 0.0 0.0
0.0 105.0 146.0 0.0 0.0 0.0 0.0 0.0 0.0 0.0 0.0 0.0 0.0 0.0 0.0 1.0 1.0 0.0 0.0 0.0 0.0 1.0 0.0 0.0 255.0 233.0 0.91 0.01 0.0 0.0 0.0 0.0 0.0 0.0
0.0 105.0 146.0 0.0 0.0 0.0 0.0 0.0 0.0 0.0 0.0 0.0 0.0 0.0 0.0 1.0 1.0 0.0 0.0 0.0 0.0 1.0 0.0 0.0 255.0 233.0 0.91 0.01 0.0 0.0 0.0 0.0 0.0 0.0
0.0 105.0 146.0 0.0 0.0 0.0 0.0 0.0 0.0 0.0 0.0 0.0 0.0 0.0 0.0 1.0 1.0 0.0 0.0 0.0 0.0 1.0 0.0 0.0 255.0 233.0 0.91 0.01 0.0 0.0 0.0 0.0 0.0 0.0
0.0 105.0 146.0 0.0 0.0 0.0 0.0 0.0 0.0 0.0 0.0 0.0 0.0 0.0 0.0 1.0 1.0 0.0 0.0 0.0 0.0 1.0 0.0 0.0 255.0 231.0 0.91 0.01 0.0 0.0 0.0 0.0 0.0 0.0
0.0 105.0 146.0 0.0 0.0 0.0 0.0 0.0 0.0 0.0 0.0 0.0 0.0 0.0 0.0 1.0 1.0 0.0 0.0 0.0 0.0 1.0 0.0 0.0 255.0 232.0 0.91 0.01 0.0 0.0 0.0 0.0 0.0 0.0
0.0 105.0 146.0 0.0 0.0 0.0 0.0 0.0 0.0 0.0 0.0 0.0 0.0 0.0 0.0 1.0 1.0 0.0 0.0 0.0 0.0 1.0 0.0 0.0 255.0 232.0 0.91 0.01 0.0 0.0 0.0 0.0 0.0 0.0
14.0 105.0 146.0 0.0 0.0 0.0 0.0 0.0 0.0 0.0 0.0 0.0 0.0 0.0 0.0 2.0 2.0 0.0 0.0 0.0 0.0 1.0 0.0 0.0 255.0 232.0 0.91 0.01 0.01 0.0 0.0 0.0 0.0 0.0
0.0 105.0 146.0 0.0 0.0 0.0 0.0 0.0 0.0 0.0 0.0 0.0 0.0 0.0 0.0 1.0 1.0 0.0 0.0 0.0 0.0 1.0 0.0 0.0 255.0 228.0 0.89 0.01 0.0 0.0 0.0 0.0 0.0 0.0
0.0 105.0 0.0 0.0 0.0 0.0 0.0 0.0 0.0 0.0 0.0 0.0 0.0 0.0 0.0 1.0 1.0 0.0 0.0 0.0 0.0 1.0 0.0 0.0 255.0 233.0 0.91 0.01 0.0 0.0 0.0 0.0 0.0 0.0
0.0 105.0 0.0 0.0 0.0 0.0 0.0 0.0 0.0 0.0 0.0 0.0 0.0 0.0 0.0 1.0 1.0 0.0 0.0 0.0 0.0 1.0 0.0 0.0 255.0 233.0 0.91 0.01 0.0 0.0 0.0 0.0 0.0 0.0
0.0 105.0 146.0 0.0 0.0 0.0 0.0 0.0 0.0 0.0 0.0 0.0 0.0 0.0 0.0 1.0 1.0 0.0 0.0 0.0 0.0 1.0 0.0 0.0 255.0 232.0 0.91 0.01 0.0 0.0 0.0 0.0 0.0 0.0
5.0 105.0 146.0 0.0 0.0 0.0 0.0 0.0 0.0 0.0 0.0 0.0 0.0 0.0 0.0 2.0 2.0 0.0 0.0 0.0 0.0 1.0 0.0 0.0 255.0 232.0 0.91 0.01 0.01 0.0 0.0 0.0 0.0 0.0
0.0 105.0 146.0 0.0 0.0 0.0 0.0 0.0 0.0 0.0 0.0 0.0 0.0 0.0 0.0 1.0 1.0 0.0 0.0 0.0 0.0 1.0 0.0 0.0 255.0 234.0 0.92 0.01 0.0 0.0 0.0 0.0 0.0 0.0
0.0 105.0 0.0 0.0 0.0 0.0 0.0 0.0 0.0 0.0 0.0 0.0 0.0 0.0 0.0 1.0 1.0 0.0 0.0 0.0 0.0 1.0 0.0 0.0 255.0 234.0 0.92 0.01 0.0 0.0 0.0 0.0 0.0 0.0
0.0 105.0 146.0 0.0 0.0 0.0 0.0 0.0 0.0 0.0 0.0 0.0 0.0 0.0 0.0 1.0 1.0 0.0 0.0 0.0 0.0 1.0 0.0 0.0 255.0 229.0 0.9 0.01 0.0 0.0 0.0 0.0 0.0 0.0
0.0 30.0 0.0 0.0 0.0 0.0 0.0 0.0 0.0 0.0 0.0 0.0 0.0 0.0 0.0 2.0 1.0 0.0 0.0 0.0 0.0 0.5 1.0 0.0 255.0 5.0 0.02 0.01 0.09 0.0 0.0 0.0 0.0 0.0
0.0 105.0 146.0 0.0 0.0 0.0 0.0 0.0 0.0 0.0 0.0 0.0 0.0 0.0 0.0 1.0 1.0 0.0 0.0 0.0 0.0 1.0 0.0 0.0 255.0 231.0 0.91 0.01 0.0 0.0 0.0 0.0 0.0 0.0
0.0 105.0 146.0 0.0 0.0 0.0 0.0 0.0 0.0 0.0 0.0 0.0 0.0 0.0 0.0 1.0 1.0 0.0 0.0 0.0 0.0 1.0 0.0 0.0 255.0 230.0 0.9 0.01 0.0 0.0 0.0 0.0 0.0 0.0
14.0 105.0 146.0 0.0 0.0 0.0 0.0 0.0 0.0 0.0 0.0 0.0 0.0 0.0 0.0 2.0 2.0 0.0 0.0 0.0 0.0 1.0 0.0 0.0 255.0 228.0 0.89 0.01 0.01 0.0 0.0 0.0 0.0 0.0
0.0 105.0 0.0 0.0 0.0 0.0 0.0 0.0 0.0 0.0 0.0 0.0 0.0 0.0 0.0 1.0 1.0 0.0 0.0 0.0 0.0 1.0 0.0 0.0 255.0 223.0 0.87 0.01 0.01 0.0 0.0 0.0 0.0 0.0
0.0 105.0 0.0 0.0 0.0 0.0 0.0 0.0 0.0 0.0 0.0 0.0 0.0 0.0 0.0 1.0 1.0 0.0 0.0 0.0 0.0 1.0 0.0 0.0 255.0 223.0 0.87 0.01 0.0 0.0 0.0 0.0 0.0 0.0
0.0 30.0 0.0 0.0 0.0 0.0 0.0 0.0 0.0 0.0 0.0 0.0 0.0 0.0 0.0 1.0 1.0 0.0 0.0 0.0 0.0 1.0 0.0 0.0 255.0 8.0 0.03 0.01 0.13 0.0 0.0 0.0 0.0 0.0
0.0 105.0 146.0 0.0 0.0 0.0 0.0 0.0 0.0 0.0 0.0 0.0 0.0 0.0 0.0 1.0 1.0 0.0 0.0 0.0 0.0 1.0 0.0 0.0 255.0 218.0 0.85 0.01 0.0 0.0 0.0 0.0 0.0 0.0
0.0 105.0 146.0 0.0 0.0 0.0 0.0 0.0 0.0 0.0 0.0 0.0 0.0 0.0 0.0 1.0 1.0 0.0 0.0 0.0 0.0 1.0 0.0 0.0 255.0 224.0 0.88 0.01 0.0 0.0 0.0 0.0 0.0 0.0
0.0 105.0 146.0 0.0 0.0 0.0 0.0 0.0 0.0 0.0 0.0 0.0 0.0 0.0 0.0 1.0 1.0 0.0 0.0 0.0 0.0 1.0 0.0 0.0 255.0 224.0 0.88 0.01 0.0 0.0 0.0 0.0 0.0 0.0
0.0 105.0 146.0 0.0 0.0 0.0 0.0 0.0 0.0 0.0 0.0 0.0 0.0 0.0 0.0 1.0 1.0 0.0 0.0 0.0 0.0 1.0 0.0 0.0 255.0 224.0 0.88 0.01 0.0 0.0 0.0 0.0 0.0 0.0
0.0 105.0 146.0 0.0 0.0 0.0 0.0 0.0 0.0 0.0 0.0 0.0 0.0 0.0 0.0 1.0 1.0 0.0 0.0 0.0 0.0 1.0 0.0 0.0 255.0 224.0 0.88 0.01 0.0 0.0 0.0 0.0 0.0 0.0
0.0 182.0 0.0 0.0 0.0 0.0 0.0 0.0 0.0 0.0 0.0 0.0 0.0 0.0 0.0 2.0 2.0 0.0 0.0 0.0 0.0 1.0 0.0 0.0 255.0 26.0 0.1 0.01 0.13 0.0 0.0 0.0 0.0 0.0
0.0 105.0 146.0 0.0 0.0 0.0 0.0 0.0 0.0 0.0 0.0 0.0 0.0 0.0 0.0 1.0 1.0 0.0 0.0 0.0 0.0 1.0 0.0 0.0 255.0 218.0 0.85 0.01 0.0 0.0 0.0 0.0 0.0 0.0
0.0 105.0 0.0 0.0 0.0 0.0 0.0 0.0 0.0 0.0 0.0 0.0 0.0 0.0 0.0 1.0 1.0 0.0 0.0 0.0 0.0 1.0 0.0 0.0 255.0 219.0 0.86 0.01 0.0 0.0 0.0 0.0 0.0 0.0
0.0 105.0 0.0 0.0 0.0 0.0 0.0 0.0 0.0 0.0 0.0 0.0 0.0 0.0 0.0 1.0 1.0 0.0 0.0 0.0 0.0 1.0 0.0 0.0 255.0 220.0 0.86 0.01 0.0 0.0 0.0 0.0 0.0 0.0
0.0 105.0 146.0 0.0 0.0 0.0 0.0 0.0 0.0 0.0 0.0 0.0 0.0 0.0 0.0 1.0 1.0 0.0 0.0 0.0 0.0 1.0 0.0 0.0 255.0 220.0 0.86 0.01 0.0 0.0 0.0 0.0 0.0 0.0
0.0 105.0 0.0 0.0 0.0 0.0 0.0 0.0 0.0 0.0 0.0 0.0 0.0 0.0 0.0 1.0 1.0 0.0 0.0 0.0 0.0 1.0 0.0 0.0 255.0 221.0 0.87 0.01 0.0 0.0 0.0 0.0 0.0 0.0
0.0 105.0 146.0 0.0 0.0 0.0 0.0 0.0 0.0 0.0 0.0 0.0 0.0 0.0 0.0 1.0 1.0 0.0 0.0 0.0 0.0 1.0 0.0 0.0 255.0 222.0 0.87 0.01 0.0 0.0 0.0 0.0 0.0 0.0
14.0 105.0 146.0 0.0 0.0 0.0 0.0 0.0 0.0 0.0 0.0 0.0 0.0 0.0 0.0 2.0 2.0 0.0 0.0 0.0 0.0 1.0 0.0 0.0 255.0 222.0 0.87 0.01 0.01 0.0 0.0 0.0 0.0 0.0
14.0 105.0 146.0 0.0 0.0 0.0 0.0 0.0 0.0 0.0 0.0 0.0 0.0 0.0 0.0 2.0 2.0 0.0 0.0 0.0 0.0 1.0 0.0 0.0 255.0 221.0 0.87 0.01 0.01 0.0 0.0 0.0 0.0 0.0
0.0 105.0 146.0 0.0 0.0 0.0 0.0 0.0 0.0 0.0 0.0 0.0 0.0 0.0 0.0 1.0 1.0 0.0 0.0 0.0 0.0 1.0 0.0 0.0 255.0 218.0 0.85 0.01 0.0 0.0 0.0 0.0 0.0 0.0
0.0 105.0 146.0 0.0 0.0 0.0 0.0 0.0 0.0 0.0 0.0 0.0 0.0 0.0 0.0 3.0 1.0 0.0 0.0 0.0 0.0 0.33 0.67 0.0 255.0 219.0 0.86 0.01 0.0 0.0 0.0 0.0 0.0 0.0
0.0 105.0 146.0 0.0 0.0 0.0 0.0 0.0 0.0 0.0 0.0 0.0 0.0 0.0 0.0 1.0 1.0 0.0 0.0 0.0 0.0 1.0 0.0 0.0 255.0 219.0 0.86 0.01 0.0 0.0 0.0 0.0 0.0 0.0
0.0 105.0 0.0 0.0 0.0 0.0 0.0 0.0 0.0 0.0 0.0 0.0 0.0 0.0 0.0 1.0 1.0 0.0 0.0 0.0 0.0 1.0 0.0 0.0 255.0 219.0 0.86 0.01 0.0 0.0 0.0 0.0 0.0 0.0
5.0 105.0 146.0 0.0 0.0 0.0 0.0 0.0 0.0 0.0 0.0 0.0 0.0 0.0 0.0 2.0 2.0 0.0 0.0 0.0 0.0 1.0 0.0 0.0 255.0 222.0 0.87 0.01 0.01 0.0 0.0 0.0 0.0 0.0
14.0 105.0 146.0 0.0 0.0 0.0 0.0 0.0 0.0 0.0 0.0 0.0 0.0 0.0 0.0 2.0 2.0 0.0 0.0 0.0 0.0 1.0 0.0 0.0 255.0 223.0 0.87 0.01 0.01 0.0 0.0 0.0 0.0 0.0
0.0 105.0 146.0 0.0 0.0 0.0 0.0 0.0 0.0 0.0 0.0 0.0 0.0 0.0 0.0 1.0 1.0 0.0 0.0 0.0 0.0 1.0 0.0 0.0 255.0 221.0 0.87 0.01 0.0 0.0 0.0 0.0 0.0 0.0
14.0 105.0 146.0 0.0 0.0 0.0 0.0 0.0 0.0 0.0 0.0 0.0 0.0 0.0 0.0 2.0 2.0 0.0 0.0 0.0 0.0 1.0 0.0 0.0 255.0 221.0 0.87 0.01 0.01 0.0 0.0 0.0 0.0 0.0
0.0 30.0 0.0 0.0 0.0 0.0 0.0 0.0 0.0 0.0 0.0 0.0 0.0 0.0 0.0 1.0 1.0 0.0 0.0 0.0 0.0 1.0 0.0 0.0 255.0 5.0 0.02 0.01 0.12 0.0 0.0 0.0 0.0 0.0
5.0 105.0 146.0 0.0 0.0 0.0 0.0 0.0 0.0 0.0 0.0 0.0 0.0 0.0 0.0 2.0 2.0 0.0 0.0 0.0 0.0 1.0 0.0 0.0 255.0 228.0 0.89 0.01 0.01 0.0 0.0 0.0 0.0 0.0
0.0 105.0 0.0 0.0 0.0 0.0 0.0 0.0 0.0 0.0 0.0 0.0 0.0 0.0 0.0 2.0 2.0 0.0 0.0 0.0 0.0 1.0 0.0 0.0 255.0 226.0 0.89 0.01 0.01 0.0 0.0 0.0 0.0 0.0
0.0 105.0 146.0 0.0 0.0 0.0 0.0 0.0 0.0 0.0 0.0 0.0 0.0 0.0 0.0 1.0 1.0 0.0 0.0 0.0 0.0 1.0 0.0 0.0 255.0 227.0 0.89 0.01 0.01 0.0 0.0 0.0 0.0 0.0
0.0 105.0 146.0 0.0 0.0 0.0 0.0 0.0 0.0 0.0 0.0 0.0 0.0 0.0 0.0 1.0 1.0 0.0 0.0 0.0 0.0 1.0 0.0 0.0 255.0 231.0 0.91 0.01 0.01 0.0 0.0 0.0 0.0 0.0
0.0 182.0 0.0 0.0 0.0 0.0 0.0 0.0 0.0 0.0 0.0 0.0 0.0 0.0 0.0 6.0 5.0 0.0 0.0 0.0 0.0 0.83 0.33 0.0 255.0 23.0 0.09 0.01 0.11 0.0 0.0 0.0 0.0 0.0
0.0 30.0 0.0 0.0 0.0 0.0 0.0 0.0 0.0 0.0 0.0 0.0 0.0 0.0 0.0 2.0 1.0 0.0 0.0 0.0 0.0 0.5 1.0 0.0 255.0 5.0 0.02 0.01 0.11 0.0 0.0 0.0 0.0 0.0
