0.0 105.0 147.0 0.0 0.0 0.0 0.0 0.0 0.0 0.0 0.0 0.0 0.0 0.0 0.0 1.0 1.0 0.0 0.0 0.0 0.0 1.0 0.0 0.0 255.0 231.0 0.91 0.01 0.0 0.0 0.0 0.0 0.0 0.0
5.0 105.0 147.0 0.0 0.0 0.0 0.0 0.0 0.0 0.0 0.0 0.0 0.0 0.0 0.0 2.0 2.0 0.0 0.0 0.0 0.0 1.0 0.0 0.0 255.0 232.0 0.91 0.01 0.01 0.0 0.0 0.0 0.0 0.0
0.0 105.0 147.0 0.0 0.0 0.0 0.0 0.0 0.0 0.0 0.0 0.0 0.0 0.0 0.0 1.0 1.0 0.0 0.0 0.0 0.0 1.0 0.0 0.0 255.0 233.0 0.91 0.01 0.0 0.0 0.0 0.0 0.0 0.0
14.0 105.0 147.0 0.0 0.0 0.0 0.0 0.0 0.0 0.0 0.0 0.0 0.0 0.0 0.0 2.0 2.0 0.0 0.0 0.0 0.0 1.0 0.0 0.0 255.0 232.0 0.91 0.01 0.01 0.0 0.0 0.0 0.0 0.0
14.0 105.0 147.0 0.0 0.0 0.0 0.0 0.0 0.0 0.0 0.0 0.0 0.0 0.0 0.0 2.0 2.0 0.0 0.0 0.0 0.0 1.0 0.0 0.0 255.0 233.0 0.91 0.01 0.01 0.0 0.0 0.0 0.0 0.0
0.0 105.0 147.0 0.0 0.0 0.0 0.0 0.0 0.0 0.0 0.0 0.0 0.0 0.0 0.0 2.0 1.0 0.0 0.0 0.0 0.0 0.5 1.0 0.0 255.0 233.0 0.91 0.01 0.0 0.0 0.0 0.0 0.0 0.0
0.0 183.0 0.0 0.0 0.0 0.0 0.0 0.0 0.0 0.0 0.0 0.0 0.0 0.0 0.0 2.0 2.0 0.0 0.0 0.0 0.0 1.0 0.0 0.0 255.0 20.0 0.08 0.01 0.09 0.0 0.0 0.0 0.0 0.0
14.0 105.0 147.0 0.0 0.0 0.0 0.0 0.0 0.0 0.0 0.0 0.0 0.0 0.0 0.0 2.0 2.0 0.0 0.0 0.0 0.0 1.0 0.0 0.0 255.0 228.0 0.89 0.01 0.01 0.0 0.0 0.0 0.0 0.0
0.0 105.0 0.0 0.0 0.0 0.0 0.0 0.0 0.0 0.0 0.0 0.0 0.0 0.0 0.0 1.0 1.0 0.0 0.0 0.0 0.0 1.0 0.0 0.0 255.0 228.0 0.89 0.01 0.0 0.0 0.0 0.0 0.0 0.0
0.0 105.0 147.0 0.0 0.0 0.0 0.0 0.0 0.0 0.0 0.0 0.0 0.0 0.0 0.0 1.0 1.0 0.0 0.0 0.0 0.0 1.0 0.0 0.0 255.0 228.0 0.89 0.01 0.0 0.0 0.0 0.0 0.0 0.0
0.0 105.0 0.0 0.0 0.0 0.0 0.0 0.0 0.0 0.0 0.0 0.0 0.0 0.0 0.0 1.0 1.0 0.0 0.0 0.0 0.0 1.0 0.0 0.0 255.0 231.0 0.91 0.01 0.0 0.0 0.0 0.0 0.0 0.0
14.0 105.0 147.0 0.0 0.0 0.0 0.0 0.0 0.0 0.0 0.0 0.0 0.0 0.0 0.0 2.0 2.0 0.0 0.0 0.0 0.0 1.0 0.0 0.0 255.0 232.0 0.91 0.01 0.01 0.0 0.0 0.0 0.0 0.0
0.0 105.0 147.0 0.0 0.0 0.0 0.0 0.0 0.0 0.0 0.0 0.0 0.0 0.0 0.0 1.0 1.0 0.0 0.0 0.0 0.0 1.0 0.0 0.0 255.0 232.0 0.91 0.01 0.0 0.0 0.0 0.0 0.0 0.0
0.0 105.0 147.0 0.0 0.0 0.0 0.0 0.0 0.0 0.0 0.0 0.0 0.0 0.0 0.0 1.0 1.0 0.0 0.0 0.0 0.0 1.0 0.0 0.0 255.0 232.0 0.91 0.01 0.0 0.0 0.0 0.0 0.0 0.0
0.0 105.0 147.0 0.0 0.0 0.0 0.0 0.0 0.0 0.0 0.0 0.0 0.0 0.0 0.0 1.0 1.0 0.0 0.0 0.0 0.0 1.0 0.0 0.0 255.0 232.0 0.91 0.01 0.0 0.0 0.0 0.0 0.0 0.0
5.0 105.0 147.0 0.0 0.0 0.0 0.0 0.0 0.0 0.0 0.0 0.0 0.0 0.0 0.0 2.0 2.0 0.0 0.0 0.0 0.0 1.0 0.0 0.0 255.0 232.0 0.91 0.01 0.01 0.0 0.0 0.0 0.0 0.0
0.0 105.0 0.0 0.0 0.0 0.0 0.0 0.0 0.0 0.0 0.0 0.0 0.0 0.0 0.0 1.0 1.0 0.0 0.0 0.0 0.0 1.0 0.0 0.0 255.0 228.0 0.89 0.01 0.0 0.0 0.0 0.0 0.0 0.0
0.0 105.0 0.0 0.0 0.0 0.0 0.0 0.0 0.0 0.0 0.0 0.0 0.0 0.0 0.0 1.0 1.0 0.0 0.0 0.0 0.0 1.0 0.0 0.0 255.0 228.0 0.89 0.01 0.0 0.0 0.0 0.0 0.0 0.0
0.0 105.0 0.0 0.0 0.0 0.0 0.0 0.0 0.0 0.0 0.0 0.0 0.0 0.0 0.0 2.0 2.0 0.0 0.0 0.0 0.0 1.0 0.0 0.0 255.0 228.0 0.89 0.01 0.01 0.0 0.0 0.0 0.0 0.0
0.0 105.0 0.0 0.0 0.0 0.0 0.0 0.0 0.0 0.0 0.0 0.0 0.0 0.0 0.0 1.0 1.0 0.0 0.0 0.0 0.0 1.0 0.0 0.0 255.0 228.0 0.89 0.01 0.0 0.0 0.0 0.0 0.0 0.0
0.0 105.0 0.0 0.0 0.0 0.0 0.0 0.0 0.0 0.0 0.0 0.0 0.0 0.0 0.0 1.0 1.0 0.0 0.0 0.0 0.0 1.0 0.0 0.0 255.0 233.0 0.91 0.01 0.0 0.0 0.0 0.0 0.0 0.0
0.0 183.0 0.0 0.0 0.0 0.0 0.0 0.0 0.0 0.0 0.0 0.0 0.0 0.0 0.0 4.0 4.0 0.0 0.0 0.0 0.0 1.0 0.0 0.0 255.0 22.0 0.09 0.01 0.1 0.0 0.0 0.0 0.0 0.0
0.0 105.0 0.0 0.0 0.0 0.0 0.0 0.0 0.0 0.0 0.0 0.0 0.0 0.0 0.0 1.0 1.0 0.0 0.0 0.0 0.0 1.0 0.0 0.0 255.0 227.0 0.89 0.01 0.0 0.0 0.0 0.0 0.0 0.0
0.0 105.0 0.0 0.0 0.0 0.0 0.0 0.0 0.0 0.0 0.0 0.0 0.0 0.0 0.0 2.0 2.0 0.0 0.0 0.0 0.0 1.0 0.0 0.0 255.0 226.0 0.89 0.01 0.01 0.0 0.0 0.0 0.0 0.0
0.0 105.0 0.0 0.0 0.0 0.0 0.0 0.0 0.0 0.0 0.0 0.0 0.0 0.0 0.0 1.0 1.0 0.0 0.0 0.0 0.0 1.0 0.0 0.0 255.0 226.0 0.89 0.01 0.0 0.0 0.0 0.0 0.0 0.0
0.0 105.0 0.0 0.0 0.0 0.0 0.0 0.0 0.0 0.0 0.0 0.0 0.0 0.0 0.0 1.0 1.0 0.0 0.0 0.0 0.0 1.0 0.0 0.0 255.0 226.0 0.89 0.01 0.0 0.0 0.0 0.0 0.0 0.0
0.0 183.0 0.0 0.0 0.0 0.0 0.0 0.0 0.0 0.0 0.0 0.0 0.0 0.0 0.0 1.0 1.0 0.0 0.0 0.0 0.0 1.0 0.0 0.0 255.0 25.0 0.1 0.01 0.12 0.0 0.0 0.0 0.0 0.0
5.0 105.0 147.0 0.0 0.0 0.0 0.0 0.0 0.0 0.0 0.0 0.0 0.0 0.0 0.0 2.0 2.0 0.0 0.0 0.0 0.0 1.0 0.0 0.0 255.0 228.0 0.89 0.01 0.01 0.0 0.0 0.0 0.0 0.0
0.0 105.0 147.0 0.0 0.0 0.0 0.0 0.0 0.0 0.0 0.0 0.0 0.0 0.0 0.0 1.0 1.0 0.0 0.0 0.0 0.0 1.0 0.0 0.0 255.0 230.0 0.9 0.01 0.0 0.0 0.0 0.0 0.0 0.0
0.0 105.0 147.0 0.0 0.0 0.0 0.0 0.0 0.0 0.0 0.0 0.0 0.0 0.0 0.0 1.0 1.0 0.0 0.0 0.0 0.0 1.0 0.0 0.0 255.0 231.0 0.91 0.01 0.0 0.0 0.0 0.0 0.0 0.0
0.0 105.0 147.0 0.0 0.0 0.0 0.0 0.0 0.0 0.0 0.0 0.0 0.0 0.0 0.0 1.0 1.0 0.0 0.0 0.0 0.0 1.0 0.0 0.0 255.0 226.0 0.89 0.01 0.0 0.0 0.0 0.0 0.0 0.0
0.0 105.0 147.0 0.0 0.0 0.0 0.0 0.0 0.0 0.0 0.0 0.0 0.0 0.0 0.0 1.0 1.0 0.0 0.0 0.0 0.0 1.0 0.0 0.0 255.0 225.0 0.88 0.01 0.0 0.0 0.0 0.0 0.0 0.0
0.0 105.0 147.0 0.0 0.0 0.0 0.0 0.0 0.0 0.0 0.0 0.0 0.0 0.0 0.0 1.0 1.0 0.0 0.0 0.0 0.0 1.0 0.0 0.0 255.0 231.0 0.91 0.01 0.0 0.0 0.0 0.0 0.0 0.0
0.0 105.0 0.0 0.0 0.0 0.0 0.0 0.0 0.0 0.0 0.0 0.0 0.0 0.0 0.0 1.0 1.0 0.0 0.0 0.0 0.0 1.0 0.0 0.0 255.0 231.0 0.91 0.01 0.01 0.0 0.0 0.0 0.0 0.0
0.0 105.0 147.0 0.0 0.0 0.0 0.0 0.0 0.0 0.0 0.0 0.0 0.0 0.0 0.0 1.0 1.0 0.0 0.0 0.0 0.0 1.0 0.0 0.0 255.0 231.0 0.91 0.01 0.01 0.0 0.0 0.0 0.0 0.0
0.0 105.0 0.0 0.0 0.0 0.0 0.0 0.0 0.0 0.0 0.0 0.0 0.0 0.0 0.0 1.0 1.0 0.0 0.0 0.0 0.0 1.0 0.0 0.0 255.0 232.0 0.91 0.01 0.0 0.0 0.0 0.0 0.0 0.0
0.0 183.0 0.0 0.0 0.0 0.0 0.0 0.0 0.0 0.0 0.0 0.0 0.0 0.0 0.0 6.0 6.0 0.0 0.0 0.0 0.0 1.0 0.0 0.0 255.0 24.0 0.09 0.01 0.11 0.0 0.0 0.0 0.0 0.0
0.0 105.0 147.0 0.0 0.0 0.0 0.0 0.0 0.0 0.0 0.0 0.0 0.0 0.0 0.0 1.0 1.0 0.0 0.0 0.0 0.0 1.0 0.0 0.0 255.0 227.0 0.89 0.01 0.0 0.0 0.0 0.0 0.0 0.0
0.0 105.0 147.0 0.0 0.0 0.0 0.0 0.0 0.0 0.0 0.0 0.0 0.0 0.0 0.0 1.0 1.0 0.0 0.0 0.0 0.0 1.0 0.0 0.0 255.0 226.0 0.89 0.01 0.0 0.0 0.0 0.0 0.0 0.0
0.0 105.0 0.0 0.0 0.0 0.0 0.0 0.0 0.0 0.0 0.0 0.0 0.0 0.0 0.0 1.0 1.0 0.0 0.0 0.0 0.0 1.0 0.0 0.0 255.0 226.0 0.89 0.01 0.0 0.0 0.0 0.0 0.0 0.0
5.0 105.0 147.0 0.0 0.0 0.0 0.0 0.0 0.0 0.0 0.0 0.0 0.0 0.0 0.0 2.0 2.0 0.0 0.0 0.0 0.0 1.0 0.0 0.0 255.0 226.0 0.89 0.01 0.01 0.0 0.0 0.0 0.0 0.0
0.0 183.0 0.0 0.0 0.0 0.0 0.0 0.0 0.0 0.0 0.0 0.0 0.0 0.0 0.0 2.0 1.0 0.0 0.0 0.0 0.0 0.5 1.0 0.0 255.0 21.0 0.08 0.01 0.1 0.0 0.0 0.0 0.0 0.0
0.0 105.0 147.0 0.0 0.0 0.0 0.0 0.0 0.0 0.0 0.0 0.0 0.0 0.0 0.0 1.0 1.0 0.0 0.0 0.0 0.0 1.0 0.0 0.0 255.0 231.0 0.91 0.01 0.0 0.0 0.0 0.0 0.0 0.0
0.0 105.0 147.0 0.0 0.0 0.0 0.0 0.0 0.0 0.0 0.0 0.0 0.0 0.0 0.0 1.0 1.0 0.0 0.0 0.0 0.0 1.0 0.0 0.0 255.0 231.0 0.91 0.01 0.0 0.0 0.0 0.0 0.0 0.0
0.0 105.0 147.0 0.0 0.0 0.0 0.0 0.0 0.0 0.0 0.0 0.0 0.0 0.0 0.0 1.0 1.0 0.0 0.0 0.0 0.0 1.0 0.0 0.0 255.0 231.0 0.91 0.01 0.0 0.0 0.0 0.0 0.0 0.0
0.0 183.0 0.0 0.0 0.0 0.0 0.0 0.0 0.0 0.0 0.0 0.0 0.0 0.0 0.0 3.0 2.0 0.0 0.0 0.0 0.0 0.67 0.67 0.0 255.0 21.0 0.08 0.01 0.1 0.0 0.0 0.0 0.0 0.0
0.0 105.0 147.0 0.0 0.0 0.0 0.0 0.0 0.0 0.0 0.0 0.0 0.0 0.0 0.0 1.0 1.0 0.0 0.0 0.0 0.0 1.0 0.0 0.0 255.0 225.0 0.88 0.01 0.0 0.0 0.0 0.0 0.0 0.0
14.0 105.0 147.0 0.0 0.0 0.0 0.0 0.0 0.0 0.0 0.0 0.0 0.0 0.0 0.0 2.0 2.0 0.0 0.0 0.0 0.0 1.0 0.0 0.0 255.0 231.0 0.91 0.01 0.01 0.0 0.0 0.0 0.0 0.0
0.0 105.0 0.0 0.0 0.0 0.0 0.0 0.0 0.0 0.0 0.0 0.0 0.0 0.0 0.0 1.0 1.0 0.0 0.0 0.0 0.0 1.0 0.0 0.0 255.0 232.0 0.91 0.01 0.0 0.0 0.0 0.0 0.0 0.0
0.0 105.0 0.0 0.0 0.0 0.0 0.0 0.0 0.0 0.0 0.0 0.0 0.0 0.0 0.0 2.0 2.0 0.0 0.0 0.0 0.0 1.0 0.0 0.0 255.0 233.0 0.91 0.01 0.01 0.0 0.0 0.0 0.0 0.0
0.0 183.0 0.0 0.0 0.0 0.0 0.0 0.0 0.0 0.0 0.0 0.0 0.0 0.0 0.0 2.0 2.0 0.0 0.0 0.0 0.0 1.0 0.0 0.0 255.0 20.0 0.08 0.01 0.09 0.0 0.0 0.0 0.0 0.0
0.0 105.0 0.0 0.0 0.0 0.0 0.0 0.0 0.0 0.0 0.0 0.0 0.0 0.0 0.0 2.0 2.0 0.0 0.0 0.0 0.0 1.0 0.0 0.0 255.0 228.0 0.89 0.01 0.01 0.0 0.0 0.0 0.0 0.0
0.0 105.0 0.0 0.0 0.0 0.0 0.0 0.0 0.0 0.0 0.0 0.0 0.0 0.0 0.0 1.0 1.0 0.0 0.0 0.0 0.0 1.0 0.0 0.0 255.0 228.0 0.89 0.01 0.0 0.0 0.0 0.0 0.0 0.0
14.0 105.0 147.0 0.0 0.0 0.0 0.0 0.0 0.0 0.0 0.0 0.0 0.0 0.0 0.0 2.0 2.0 0.0 0.0 0.0 0.0 1.0 0.0 0.0 255.0 228.0 0.89 0.01 0.01 0.0 0.0 0.0 0.0 0.0
0.0 105.0 147.0 0.0 0.0 0.0 0.0 0.0 0.0 0.0 0.0 0.0 0.0 0.0 0.0 1.0 1.0 0.0 0.0 0.0 0.0 1.0 0.0 0.0 255.0 228.0 0.89 0.01 0.0 0.0 0.0 0.0 0.0 0.0
0.0 105.0 147.0 0.0 0.0 0.0 0.0 0.0 0.0 0.0 0.0 0.0 0.0 0.0 0.0 1.0 1.0 0.0 0.0 0.0 0.0 1.0 0.0 0.0 255.0 228.0 0.89 0.01 0.0 0.0 0.0 0.0 0.0 0.0
0.0 105.0 147.0 0.0 0.0 0.0 0.0 0.0 0.0 0.0 0.0 0.0 0.0 0.0 0.0 1.0 1.0 0.0 0.0 0.0 0.0 1.0 0.0 0.0 255.0 232.0 0.91 0.01 0.0 0.0 0.0 0.0 0.0 0.0
0.0 105.0 0.0 0.0 0.0 0.0 0.0 0.0 0.0 0.0 0.0 0.0 0.0 0.0 0.0 1.0 1.0 0.0 0.0 0.0 0.0 1.0 0.0 0.0 255.0 233.0 0.91 0.01 0.0 0.0 0.0 0.0 0.0 0.0
0.0 105.0 147.0 0.0 0.0 0.0 0.0 0.0 0.0 0.0 0.0 0.0 0.0 0.0 0.0 1.0 1.0 0.0 0.0 0.0 0.0 1.0 0.0 0.0 255.0 232.0 0.91 0.01 0.0 0.0 0.0 0.0 0.0 0.0
0.0 183.0 0.0 0.0 0.0 0.0 0.0 0.0 0.0 0.0 0.0 0.0 0.0 0.0 0.0 6.0 6.0 0.0 0.0 0.0 0.0 1.0 0.0 0.0 255.0 24.0 0.09 0.01 0.11 0.0 0.0 0.0 0.0 0.0
0.0 105.0 147.0 0.0 0.0 0.0 0.0 0.0 0.0 0.0 0.0 0.0 0.0 0.0 0.0 1.0 1.0 0.0 0.0 0.0 0.0 1.0 0.0 0.0 255.0 227.0 0.89 0.01 0.0 0.0 0.0 0.0 0.0 0.0
5.0 105.0 147.0 0.0 0.0 0.0 0.0 0.0 0.0 0.0 0.0 0.0 0.0 0.0 0.0 2.0 2.0 0.0 0.0 0.0 0.0 1.0 0.0 0.0 255.0 228.0 0.89 0.01 0.01 0.0 0.0 0.0 0.0 0.0
5.0 105.0 147.0 0.0 0.0 0.0 0.0 0.0 0.0 0.0 0.0 0.0 0.0 0.0 0.0 2.0 2.0 0.0 0.0 0.0 0.0 1.0 0.0 0.0 255.0 233.0 0.91 0.01 0.01 0.0 0.0 0.0 0.0 0.0
0.0 105.0 147.0 0.0 0.0 0.0 0.0 0.0 0.0 0.0 0.0 0.0 0.0 0.0 0.0 3.0 1.0 0.0 0.0 0.0 0.0 0.33 0.67 0.0 255.0 233.0 0.91 0.01 0.0 0.0 0.0 0.0 0.0 0.0
0.0 183.0 0.0 0.0 0.0 0.0 0.0 0.0 0.0 0.0 0.0 0.0 0.0 0.0 0.0 4.0 4.0 0.0 0.0 0.0 0.0 1.0 0.0 0.0 255.0 22.0 0.09 0.01 0.1 0.0 0.0 0.0 0.0 0.0
14.0 105.0 147.0 0.0 0.0 0.0 0.0 0.0 0.0 0.0 0.0 0.0 0.0 0.0 0.0 2.0 2.0 0.0 0.0 0.0 0.0 1.0 0.0 0.0 255.0 227.0 0.89 0.01 0.01 0.0 0.0 0.0 0.0 0.0
0.0 105.0 0.0 0.0 0.0 0.0 0.0 0.0 0.0 0.0 0.0 0.0 0.0 0.0 0.0 1.0 1.0 0.0 0.0 0.0 0.0 1.0 0.0 0.0 255.0 227.0 0.89 0.01 0.0 0.0 0.0 0.0 0.0 0.0
0.0 105.0 0.0 0.0 0.0 0.0 0.0 0.0 0.0 0.0 0.0 0.0 0.0 0.0 0.0 1.0 1.0 0.0 0.0 0.0 0.0 1.0 0.0 0.0 255.0 228.0 0.89 0.01 0.0 0.0 0.0 0.0 0.0 0.0
5.0 105.0 147.0 0.0 0.0 0.0 0.0 0.0 0.0 0.0 0.0 0.0 0.0 0.0 0.0 2.0 2.0 0.0 0.0 0.0 0.0 1.0 0.0 0.0 255.0 228.0 0.89 0.01 0.01 0.0 0.0 0.0 0.0 0.0
0.0 105.0 147.0 0.0 0.0 0.0 0.0 0.0 0.0 0.0 0.0 0.0 0.0 0.0 0.0 1.0 1.0 0.0 0.0 0.0 0.0 1.0 0.0 0.0 255.0 227.0 0.89 0.01 0.0 0.0 0.0 0.0 0.0 0.0
0.0 105.0 147.0 0.0 0.0 0.0 0.0 0.0 0.0 0.0 0.0 0.0 0.0 0.0 0.0 1.0 1.0 0.0 0.0 0.0 0.0 1.0 0.0 0.0 255.0 228.0 0.89 0.01 0.0 0.0 0.0 0.0 0.0 0.0
0.0 105.0 147.0 0.0 0.0 0.0 0.0 0.0 0.0 0.0 0.0 0.0 0.0 0.0 0.0 1.0 1.0 0.0 0.0 0.0 0.0 1.0 0.0 0.0 255.0 232.0 0.91 0.01 0.0 0.0 0.0 0.0 0.0 0.0
5.0 105.0 147.0 0.0 0.0 0.0 0.0 0.0 0.0 0.0 0.0 0.0 0.0 0.0 0.0 2.0 2.0 0.0 0.0 0.0 0.0 1.0 0.0 0.0 255.0 232.0 0.91 0.01 0.01 0.0 0.0 0.0 0.0 0.0
14.0 105.0 147.0 0.0 0.0 0.0 0.0 0.0 0.0 0.0 0.0 0.0 0.0 0.0 0.0 2.0 2.0 0.0 0.0 0.0 0.0 1.0 0.0 0.0 255.0 227.0 0.89 0.01 0.01 0.0 0.0 0.0 0.0 0.0
0.0 105.0 0.0 0.0 0.0 0.0 0.0 0.0 0.0 0.0 0.0 0.0 0.0 0.0 0.0 1.0 1.0 0.0 0.0 0.0 0.0 1.0 0.0 0.0 255.0 227.0 0.89 0.01 0.0 0.0 0.0 0.0 0.0 0.0
0.0 105.0 147.0 0.0 0.0 0.0 0.0 0.0 0.0 0.0 0.0 0.0 0.0 0.0 0.0 1.0 1.0 0.0 0.0 0.0 0.0 1.0 0.0 0.0 255.0 227.0 0.89 0.01 0.0 0.0 0.0 0.0 0.0 0.0
5.0 105.0 147.0 0.0 0.0 0.0 0.0 0.0 0.0 0.0 0.0 0.0 0.0 0.0 0.0 2.0 2.0 0.0 0.0 0.0 0.0 1.0 0.0 0.0 255.0 233.0 0.91 0.01 0.01 0.0 0.0 0.0 0.0 0.0
0.0 183.0 0.0 0.0 0.0 0.0 0.0 0.0 0.0 0.0 0.0 0.0 0.0 0.0 0.0 2.0 1.0 0.0 0.0 0.0 0.0 0.5 1.0 0.0 255.0 19.0 0.07 0.01 0.09 0.0 0.0 0.0 0.0 0.0
0.0 105.0 147.0 0.0 0.0 0.0 0.0 0.0 0.0 0.0 0.0 0.0 0.0 0.0 0.0 1.0 1.0 0.0 0.0 0.0 0.0 1.0 0.0 0.0 255.0 227.0 0.89 0.01 0.0 0.0 0.0 0.0 0.0 0.0
0.0 105.0 147.0 0.0 0.0 0.0 0.0 0.0 0.0 0.0 0.0 0.0 0.0 0.0 0.0 1.0 1.0 0.0 0.0 0.0 0.0 1.0 0.0 0.0 255.0 227.0 0.89 0.01 0.0 0.0 0.0 0.0 0.0 0.0
0.0 105.0 147.0 0.0 0.0 0.0 0.0 0.0 0.0 0.0 0.0 0.0 0.0 0.0 0.0 1.0 1.0 0.0 0.0 0.0 0.0 1.0 0.0 0.0 255.0 227.0 0.89 0.01 0.0 0.0 0.0 0.0 0.0 0.0
0.0 105.0 147.0 0.0 0.0 0.0 0.0 0.0 0.0 0.0 0.0 0.0 0.0 0.0 0.0 1.0 1.0 0.0 0.0 0.0 0.0 1.0 0.0 0.0 255.0 228.0 0.89 0.01 0.0 0.0 0.0 0.0 0.0 0.0
0.0 105.0 0.0 0.0 0.0 0.0 0.0 0.0 0.0 0.0 0.0 0.0 0.0 0.0 0.0 1.0 1.0 0.0 0.0 0.0 0.0 1.0 0.0 0.0 255.0 228.0 0.89 0.01 0.0 0.0 0.0 0.0 0.0 0.0
0.0 105.0 0.0 0.0 0.0 0.0 0.0 0.0 0.0 0.0 0.0 0.0 0.0 0.0 0.0 1.0 1.0 0.0 0.0 0.0 0.0 1.0 0.0 0.0 255.0 228.0 0.89 0.01 0.0 0.0 0.0 0.0 0.0 0.0
0.0 105.0 0.0 0.0 0.0 0.0 0.0 0.0 0.0 0.0 0.0 0.0 0.0 0.0 0.0 1.0 1.0 0.0 0.0 0.0 0.0 1.0 0.0 0.0 255.0 227.0 0.89 0.01 0.0 0.0 0.0 0.0 0.0 0.0
0.0 105.0 147.0 0.0 0.0 0.0 0.0 0.0 0.0 0.0 0.0 0.0 0.0 0.0 0.0 1.0 1.0 0.0 0.0 0.0 0.0 1.0 0.0 0.0 255.0 232.0 0.91 0.01 0.0 0.0 0.0 0.0 0.0 0.0
0.0 183.0 0.0 0.0 0.0 0.0 0.0 0.0 0.0 0.0 0.0 0.0 0.0 0.0 0.0 2.0 2.0 0.0 0.0 0.0 0.0 1.0 0.0 0.0 255.0 20.0 0.08 0.01 0.09 0.0 0.0 0.0 0.0 0.0
14.0 105.0 147.0 0.0 0.0 0.0 0.0 0.0 0.0 0.0 0.0 0.0 0.0 0.0 0.0 2.0 2.0 0.0 0.0 0.0 0.0 1.0 0.0 0.0 255.0 227.0 0.89 0.01 0.01 0.0 0.0 0.0 0.0 0.0
0.0 105.0 147.0 0.0 0.0 0.0 0.0 0.0 0.0 0.0 0.0 0.0 0.0 0.0 0.0 2.0 1.0 0.0 0.0 0.0 0.0 0.5 1.0 0.0 255.0 227.0 0.89 0.01 0.0 0.0 0.0 0.0 0.0 0.0
5.0 105.0 147.0 0.0 0.0 0.0 0.0 0.0 0.0 0.0 0.0 0.0 0.0 0.0 0.0 2.0 2.0 0.0 0.0 0.0 0.0 1.0 0.0 0.0 255.0 227.0 0.89 0.01 0.01 0.0 0.0 0.0 0.0 0.0
0.0 105.0 0.0 0.0 0.0 0.0 0.0 0.0 0.0 0.0 0.0 0.0 0.0 0.0 0.0 2.0 2.0 0.0 0.0 0.0 0.0 1.0 0.0 0.0 255.0 233.0 0.91 0.01 0.01 0.0 0.0 0.0 0.0 0.0
14.0 105.0 147.0 0.0 0.0 0.0 0.0 0.0 0.0 0.0 0.0 0.0 0.0 0.0 0.0 2.0 2.0 0.0 0.0 0.0 0.0 1.0 0.0 0.0 255.0 233.0 0.91 0.01 0.01 0.0 0.0 0.0 0.0 0.0
14.0 105.0 147.0 0.0 0.0 0.0 0.0 0.0 0.0 0.0 0.0 0.0 0.0 0.0 0.0 2.0 2.0 0.0 0.0 0.0 0.0 1.0 0.0 0.0 255.0 227.0 0.89 0.01 0.01 0.0 0.0 0.0 0.0 0.0
0.0 105.0 0.0 0.0 0.0 0.0 0.0 0.0 0.0 0.0 0.0 0.0 0.0 0.0 0.0 2.0 2.0 0.0 0.0 0.0 0.0 1.0 0.0 0.0 255.0 227.0 0.89 0.01 0.01 0.0 0.0 0.0 0.0 0.0
0.0 105.0 0.0 0.0 0.0 0.0 0.0 0.0 0.0 0.0 0.0 0.0 0.0 0.0 0.0 1.0 1.0 0.0 0.0 0.0 0.0 1.0 0.0 0.0 255.0 228.0 0.89 0.01 0.0 0.0 0.0 0.0 0.0 0.0
0.0 105.0 147.0 0.0 0.0 0.0 0.0 0.0 0.0 0.0 0.0 0.0 0.0 0.0 0.0 1.0 1.0 0.0 0.0 0.0 0.0 1.0 0.0 0.0 255.0 228.0 0.89 0.01 0.0 0.0 0.0 0.0 0.0 0.0
0.0 183.0 0.0 0.0 0.0 0.0 0.0 0.0 0.0 0.0 0.0 0.0 0.0 0.0 0.0 4.0 3.0 0.0 0.0 0.0 0.0 0.75 0.5 0.0 255.0 26.0 0.1 0.01 0.11 0.0 0.0 0.0 0.0 0.0
14.0 105.0 147.0 0.0 0.0 0.0 0.0 0.0 0.0 0.0 0.0 0.0 0.0 0.0 0.0 2.0 2.0 0.0 0.0 0.0 0.0 1.0 0.0 0.0 255.0 223.0 0.87 0.01 0.01 0.0 0.0 0.0 0.0 0.0
14.0 105.0 147.0 0.0 0.0 0.0 0.0 0.0 0.0 0.0 0.0 0.0 0.0 0.0 0.0 2.0 2.0 0.0 0.0 0.0 0.0 1.0 0.0 0.0 255.0 227.0 0.89 0.01 0.01 0.0 0.0 0.0 0.0 0.0
0.0 105.0 147.0 0.0 0.0 0.0 0.0 0.0 0.0 0.0 0.0 0.0 0.0 0.0 0.0 1.0 1.0 0.0 0.0 0.0 0.0 1.0 0.0 0.0 255.0 227.0 0.89 0.01 0.0 0.0 0.0 0.0 0.0 0.0
0.0 105.0 147.0 0.0 0.0 0.0 0.0 0.0 0.0 0.0 0.0 0.0 0.0 0.0 0.0 1.0 1.0 0.0 0.0 0.0 0.0 1.0 0.0 0.0 255.0 227.0 0.89 0.01 0.0 0.0 0.0 0.0 0.0 0.0
0.0 183.0 0.0 0.0 0.0 0.0 0.0 0.0 0.0 0.0 0.0 0.0 0.0 0.0 0.0 2.0 1.0 0.0 0.0 0.0 0.0 0.5 1.0 0.0 255.0 25.0 0.1 0.01 0.11 0.0 0.0 0.0 0.0 0.0
5.0 105.0 147.0 0.0 0.0 0.0 0.0 0.0 0.0 0.0 0.0 0.0 0.0 0.0 0.0 2.0 2.0 0.0 0.0 0.0 0.0 1.0 0.0 0.0 255.0 221.0 0.87 0.01 0.01 0.0 0.0 0.0 0.0 0.0
5.0 105.0 147.0 0.0 0.0 0.0 0.0 0.0 0.0 0.0 0.0 0.0 0.0 0.0 0.0 2.0 2.0 0.0 0.0 0.0 0.0 1.0 0.0 0.0 255.0 227.0 0.89 0.01 0.01 0.0 0.0 0.0 0.0 0.0
0.0 105.0 147.0 0.0 0.0 0.0 0.0 0.0 0.0 0.0 0.0 0.0 0.0 0.0 0.0 1.0 1.0 0.0 0.0 0.0 0.0 1.0 0.0 0.0 255.0 223.0 0.87 0.01 0.0 0.0 0.0 0.0 0.0 0.0
14.0 105.0 147.0 0.0 0.0 0.0 0.0 0.0 0.0 0.0 0.0 0.0 0.0 0.0 0.0 2.0 2.0 0.0 0.0 0.0 0.0 1.0 0.0 0.0 255.0 222.0 0.87 0.01 0.01 0.0 0.0 0.0 0.0 0.0
0.0 105.0 0.0 0.0 0.0 0.0 0.0 0.0 0.0 0.0 0.0 0.0 0.0 0.0 0.0 2.0 2.0 0.0 0.0 0.0 0.0 1.0 0.0 0.0 255.0 222.0 0.87 0.01 0.01 0.0 0.0 0.0 0.0 0.0
0.0 105.0 147.0 0.0 0.0 0.0 0.0 0.0 0.0 0.0 0.0 0.0 0.0 0.0 0.0 1.0 1.0 0.0 0.0 0.0 0.0 1.0 0.0 0.0 255.0 216.0 0.85 0.01 0.0 0.0 0.0 0.0 0.0 0.0
0.0 105.0 0.0 0.0 0.0 0.0 0.0 0.0 0.0 0.0 0.0 0.0 0.0 0.0 0.0 1.0 1.0 0.0 0.0 0.0 0.0 1.0 0.0 0.0 255.0 217.0 0.85 0.01 0.0 0.0 0.0 0.0 0.0 0.0
0.0 105.0 147.0 0.0 0.0 0.0 0.0 0.0 0.0 0.0 0.0 0.0 0.0 0.0 0.0 1.0 1.0 0.0 0.0 0.0 0.0 1.0 0.0 0.0 255.0 217.0 0.85 0.01 0.01 0.0 0.0 0.0 0.0 0.0
0.0 105.0 0.0 0.0 0.0 0.0 0.0 0.0 0.0 0.0 0.0 0.0 0.0 0.0 0.0 1.0 1.0 0.0 0.0 0.0 0.0 1.0 0.0 0.0 255.0 218.0 0.85 0.01 0.0 0.0 0.0 0.0 0.0 0.0
0.0 105.0 0.0 0.0 0.0 0.0 0.0 0.0 0.0 0.0 0.0 0.0 0.0 0.0 0.0 1.0 1.0 0.0 0.0 0.0 0.0 1.0 0.0 0.0 255.0 217.0 0.85 0.01 0.0 0.0 0.0 0.0 0.0 0.0
0.0 183.0 0.0 0.0 0.0 0.0 0.0 0.0 0.0 0.0 0.0 0.0 0.0 0.0 0.0 6.0 6.0 0.0 0.0 0.0 0.0 1.0 0.0 0.0 255.0 35.0 0.14 0.01 0.15 0.0 0.0 0.0 0.0 0.0
0.0 105.0 147.0 0.0 0.0 0.0 0.0 0.0 0.0 0.0 0.0 0.0 0.0 0.0 0.0 1.0 1.0 0.0 0.0 0.0 0.0 1.0 0.0 0.0 255.0 216.0 0.85 0.01 0.0 0.0 0.0 0.0 0.0 0.0
14.0 105.0 147.0 0.0 0.0 0.0 0.0 0.0 0.0 0.0 0.0 0.0 0.0 0.0 0.0 2.0 2.0 0.0 0.0 0.0 0.0 1.0 0.0 0.0 255.0 216.0 0.85 0.01 0.01 0.0 0.0 0.0 0.0 0.0
0.0 105.0 0.0 0.0 0.0 0.0 0.0 0.0 0.0 0.0 0.0 0.0 0.0 0.0 0.0 1.0 1.0 0.0 0.0 0.0 0.0 1.0 0.0 0.0 255.0 216.0 0.85 0.01 0.0 0.0 0.0 0.0 0.0 0.0
0.0 105.0 0.0 0.0 0.0 0.0 0.0 0.0 0.0 0.0 0.0 0.0 0.0 0.0 0.0 2.0 2.0 0.0 0.0 0.0 0.0 1.0 0.0 0.0 255.0 217.0 0.85 0.01 0.01 0.0 0.0 0.0 0.0 0.0
0.0 105.0 0.0 0.0 0.0 0.0 0.0 0.0 0.0 0.0 0.0 0.0 0.0 0.0 0.0 1.0 1.0 0.0 0.0 0.0 0.0 1.0 0.0 0.0 255.0 214.0 0.84 0.01 0.0 0.0 0.0 0.0 0.0 0.0
0.0 105.0 0.0 0.0 0.0 0.0 0.0 0.0 0.0 0.0 0.0 0.0 0.0 0.0 0.0 2.0 2.0 0.0 0.0 0.0 0.0 1.0 0.0 0.0 255.0 216.0 0.85 0.01 0.01 0.0 0.0 0.0 0.0 0.0
0.0 105.0 0.0 0.0 0.0 0.0 0.0 0.0 0.0 0.0 0.0 0.0 0.0 0.0 0.0 1.0 1.0 0.0 0.0 0.0 0.0 1.0 0.0 0.0 255.0 216.0 0.85 0.01 0.0 0.0 0.0 0.0 0.0 0.0
0.0 105.0 147.0 0.0 0.0 0.0 0.0 0.0 0.0 0.0 0.0 0.0 0.0 0.0 0.0 1.0 1.0 0.0 0.0 0.0 0.0 1.0 0.0 0.0 255.0 216.0 0.85 0.01 0.0 0.0 0.0 0.0 0.0 0.0
0.0 183.0 0.0 0.0 0.0 0.0 0.0 0.0 0.0 0.0 0.0 0.0 0.0 0.0 0.0 2.0 2.0 0.0 0.0 0.0 0.0 1.0 0.0 0.0 255.0 37.0 0.15 0.01 0.16 0.0 0.0 0.0 0.0 0.0
0.0 105.0 147.0 0.0 0.0 0.0 0.0 0.0 0.0 0.0 0.0 0.0 0.0 0.0 0.0 1.0 1.0 0.0 0.0 0.0 0.0 1.0 0.0 0.0 255.0 216.0 0.85 0.01 0.0 0.0 0.0 0.0 0.0 0.0
0.0 105.0 147.0 0.0 0.0 0.0 0.0 0.0 0.0 0.0 0.0 0.0 0.0 0.0 0.0 1.0 1.0 0.0 0.0 0.0 0.0 1.0 0.0 0.0 255.0 217.0 0.85 0.01 0.0 0.0 0.0 0.0 0.0 0.0
0.0 105.0 0.0 0.0 0.0 0.0 0.0 0.0 0.0 0.0 0.0 0.0 0.0 0.0 0.0 1.0 1.0 0.0 0.0 0.0 0.0 1.0 0.0 0.0 255.0 216.0 0.85 0.01 0.0 0.0 0.0 0.0 0.0 0.0
0.0 105.0 147.0 0.0 0.0 0.0 0.0 0.0 0.0 0.0 0.0 0.0 0.0 0.0 0.0 1.0 1.0 0.0 0.0 0.0 0.0 1.0 0.0 0.0 255.0 216.0 0.85 0.01 0.0 0.0 0.0 0.0 0.0 0.0
0.0 183.0 0.0 0.0 0.0 0.0 0.0 0.0 0.0 0.0 0.0 0.0 0.0 0.0 0.0 4.0 4.0 0.0 0.0 0.0 0.0 1.0 0.0 0.0 255.0 39.0 0.15 0.01 0.17 0.0 0.0 0.0 0.0 0.0
0.0 105.0 147.0 0.0 0.0 0.0 0.0 0.0 0.0 0.0 0.0 0.0 0.0 0.0 0.0 1.0 1.0 0.0 0.0 0.0 0.0 1.0 0.0 0.0 255.0 216.0 0.85 0.01 0.0 0.0 0.0 0.0 0.0 0.0
0.0 105.0 147.0 0.0 0.0 0.0 0.0 0.0 0.0 0.0 0.0 0.0 0.0 0.0 0.0 1.0 1.0 0.0 0.0 0.0 0.0 1.0 0.0 0.0 255.0 216.0 0.85 0.01 0.01 0.0 0.0 0.0 0.0 0.0
0.0 105.0 147.0 0.0 0.0 0.0 0.0 0.0 0.0 0.0 0.0 0.0 0.0 0.0 0.0 1.0 1.0 0.0 0.0 0.0 0.0 1.0 0.0 0.0 255.0 218.0 0.85 0.01 0.0 0.0 0.0 0.0 0.0 0.0
0.0 105.0 0.0 0.0 0.0 0.0 0.0 0.0 0.0 0.0 0.0 0.0 0.0 0.0 0.0 2.0 2.0 0.0 0.0 0.0 0.0 1.0 0.0 0.0 255.0 222.0 0.87 0.01 0.01 0.0 0.0 0.0 0.0 0.0
5.0 105.0 147.0 0.0 0.0 0.0 0.0 0.0 0.0 0.0 0.0 0.0 0.0 0.0 0.0 2.0 2.0 0.0 0.0 0.0 0.0 1.0 0.0 0.0 255.0 221.0 0.87 0.01 0.01 0.0 0.0 0.0 0.0 0.0
0.0 105.0 0.0 0.0 0.0 0.0 0.0 0.0 0.0 0.0 0.0 0.0 0.0 0.0 0.0 1.0 1.0 0.0 0.0 0.0 0.0 1.0 0.0 0.0 255.0 218.0 0.85 0.01 0.0 0.0 0.0 0.0 0.0 0.0
0.0 105.0 147.0 0.0 0.0 0.0 0.0 0.0 0.0 0.0 0.0 0.0 0.0 0.0 0.0 1.0 1.0 0.0 0.0 0.0 0.0 1.0 0.0 0.0 255.0 221.0 0.87 0.01 0.01 0.0 0.0 0.0 0.0 0.0
0.0 105.0 0.0 0.0 0.0 0.0 0.0 0.0 0.0 0.0 0.0 0.0 0.0 0.0 0.0 1.0 1.0 0.0 0.0 0.0 0.0 1.0 0.0 0.0 255.0 221.0 0.87 0.01 0.0 0.0 0.0 0.0 0.0 0.0
0.0 183.0 0.0 0.0 0.0 0.0 0.0 0.0 0.0 0.0 0.0 0.0 0.0 0.0 0.0 2.0 2.0 0.0 0.0 0.0 0.0 1.0 0.0 0.0 255.0 32.0 0.13 0.01 0.14 0.0 0.0 0.0 0.0 0.0
14.0 105.0 147.0 0.0 0.0 0.0 0.0 0.0 0.0 0.0 0.0 0.0 0.0 0.0 0.0 2.0 2.0 0.0 0.0 0.0 0.0 1.0 0.0 0.0 255.0 215.0 0.84 0.01 0.01 0.0 0.0 0.0 0.0 0.0
0.0 105.0 0.0 0.0 0.0 0.0 0.0 0.0 0.0 0.0 0.0 0.0 0.0 0.0 0.0 1.0 1.0 0.0 0.0 0.0 0.0 1.0 0.0 0.0 255.0 216.0 0.85 0.01 0.0 0.0 0.0 0.0 0.0 0.0
0.0 105.0 147.0 0.0 0.0 0.0 0.0 0.0 0.0 0.0 0.0 0.0 0.0 0.0 0.0 1.0 1.0 0.0 0.0 0.0 0.0 1.0 0.0 0.0 255.0 221.0 0.87 0.01 0.0 0.0 0.0 0.0 0.0 0.0
0.0 105.0 0.0 0.0 0.0 0.0 0.0 0.0 0.0 0.0 0.0 0.0 0.0 0.0 0.0 1.0 1.0 0.0 0.0 0.0 0.0 1.0 0.0 0.0 255.0 221.0 0.87 0.01 0.0 0.0 0.0 0.0 0.0 0.0
0.0 183.0 0.0 0.0 0.0 0.0 0.0 0.0 0.0 0.0 0.0 0.0 0.0 0.0 0.0 6.0 6.0 0.0 0.0 0.0 0.0 1.0 0.0 0.0 255.0 36.0 0.14 0.01 0.16 0.0 0.0 0.0 0.0 0.0
14.0 105.0 147.0 0.0 0.0 0.0 0.0 0.0 0.0 0.0 0.0 0.0 0.0 0.0 0.0 2.0 2.0 0.0 0.0 0.0 0.0 1.0 0.0 0.0 255.0 215.0 0.84 0.01 0.01 0.0 0.0 0.0 0.0 0.0
5.0 105.0 147.0 0.0 0.0 0.0 0.0 0.0 0.0 0.0 0.0 0.0 0.0 0.0 0.0 2.0 2.0 0.0 0.0 0.0 0.0 1.0 0.0 0.0 255.0 217.0 0.85 0.01 0.01 0.0 0.0 0.0 0.0 0.0
14.0 105.0 147.0 0.0 0.0 0.0 0.0 0.0 0.0 0.0 0.0 0.0 0.0 0.0 0.0 2.0 2.0 0.0 0.0 0.0 0.0 1.0 0.0 0.0 255.0 220.0 0.86 0.01 0.01 0.0 0.0 0.0 0.0 0.0
0.0 183.0 0.0 0.0 0.0 0.0 0.0 0.0 0.0 0.0 0.0 0.0 0.0 0.0 0.0 1.0 1.0 0.0 0.0 0.0 0.0 1.0 0.0 0.0 255.0 31.0 0.12 0.01 0.14 0.0 0.0 0.0 0.0 0.0
0.0 105.0 147.0 0.0 0.0 0.0 0.0 0.0 0.0 0.0 0.0 0.0 0.0 0.0 0.0 1.0 1.0 0.0 0.0 0.0 0.0 1.0 0.0 0.0 255.0 214.0 0.84 0.01 0.0 0.0 0.0 0.0 0.0 0.0
0.0 105.0 0.0 0.0 0.0 0.0 0.0 0.0 0.0 0.0 0.0 0.0 0.0 0.0 0.0 1.0 1.0 0.0 0.0 0.0 0.0 1.0 0.0 0.0 255.0 214.0 0.84 0.01 0.0 0.0 0.0 0.0 0.0 0.0
0.0 105.0 147.0 0.0 0.0 0.0 0.0 0.0 0.0 0.0 0.0 0.0 0.0 0.0 0.0 2.0 1.0 0.0 0.0 0.0 0.0 0.5 1.0 0.0 255.0 220.0 0.86 0.01 0.0 0.0 0.0 0.0 0.0 0.0
0.0 105.0 0.0 0.0 0.0 0.0 0.0 0.0 0.0 0.0 0.0 0.0 0.0 0.0 0.0 1.0 1.0 0.0 0.0 0.0 0.0 1.0 0.0 0.0 255.0 219.0 0.86 0.01 0.0 0.0 0.0 0.0 0.0 0.0
0.0 105.0 147.0 0.0 0.0 0.0 0.0 0.0 0.0 0.0 0.0 0.0 0.0 0.0 0.0 1.0 1.0 0.0 0.0 0.0 0.0 1.0 0.0 0.0 255.0 214.0 0.84 0.01 0.0 0.0 0.0 0.0 0.0 0.0
0.0 105.0 147.0 0.0 0.0 0.0 0.0 0.0 0.0 0.0 0.0 0.0 0.0 0.0 0.0 1.0 1.0 0.0 0.0 0.0 0.0 1.0 0.0 0.0 255.0 214.0 0.84 0.01 0.0 0.0 0.0 0.0 0.0 0.0
5.0 105.0 147.0 0.0 0.0 0.0 0.0 0.0 0.0 0.0 0.0 0.0 0.0 0.0 0.0 2.0 2.0 0.0 0.0 0.0 0.0 1.0 0.0 0.0 255.0 214.0 0.84 0.01 0.01 0.0 0.0 0.0 0.0 0.0
0.0 105.0 0.0 0.0 0.0 0.0 0.0 0.0 0.0 0.0 0.0 0.0 0.0 0.0 0.0 1.0 1.0 0.0 0.0 0.0 0.0 1.0 0.0 0.0 255.0 220.0 0.86 0.01 0.0 0.0 0.0 0.0 0.0 0.0
0.0 183.0 0.0 0.0 0.0 0.0 0.0 0.0 0.0 0.0 0.0 0.0 0.0 0.0 0.0 7.0 6.0 0.0 0.0 0.0 0.0 0.86 0.29 0.0 255.0 36.0 0.14 0.01 0.16 0.0 0.0 0.0 0.0 0.0
0.0 105.0 147.0 0.0 0.0 0.0 0.0 0.0 0.0 0.0 0.0 0.0 0.0 0.0 0.0 1.0 1.0 0.0 0.0 0.0 0.0 1.0 0.0 0.0 255.0 213.0 0.84 0.01 0.01 0.0 0.0 0.0 0.0 0.0
0.0 105.0 147.0 0.0 0.0 0.0 0.0 0.0 0.0 0.0 0.0 0.0 0.0 0.0 0.0 1.0 1.0 0.0 0.0 0.0 0.0 1.0 0.0 0.0 255.0 213.0 0.84 0.01 0.0 0.0 0.0 0.0 0.0 0.0
0.0 105.0 147.0 0.0 0.0 0.0 0.0 0.0 0.0 0.0 0.0 0.0 0.0 0.0 0.0 1.0 1.0 0.0 0.0 0.0 0.0 1.0 0.0 0.0 255.0 214.0 0.84 0.01 0.0 0.0 0.0 0.0 0.0 0.0
0.0 105.0 0.0 0.0 0.0 0.0 0.0 0.0 0.0 0.0 0.0 0.0 0.0 0.0 0.0 1.0 1.0 0.0 0.0 0.0 0.0 1.0 0.0 0.0 255.0 218.0 0.85 0.01 0.0 0.0 0.0 0.0 0.0 0.0
14.0 105.0 147.0 0.0 0.0 0.0 0.0 0.0 0.0 0.0 0.0 0.0 0.0 0.0 0.0 2.0 2.0 0.0 0.0 0.0 0.0 1.0 0.0 0.0 255.0 214.0 0.84 0.01 0.01 0.0 0.0 0.0 0.0 0.0
0.0 105.0 0.0 0.0 0.0 0.0 0.0 0.0 0.0 0.0 0.0 0.0 0.0 0.0 0.0 1.0 1.0 0.0 0.0 0.0 0.0 1.0 0.0 0.0 255.0 214.0 0.84 0.01 0.0 0.0 0.0 0.0 0.0 0.0
14.0 105.0 147.0 0.0 0.0 0.0 0.0 0.0 0.0 0.0 0.0 0.0 0.0 0.0 0.0 2.0 2.0 0.0 0.0 0.0 0.0 1.0 0.0 0.0 255.0 213.0 0.84 0.01 0.01 0.0 0.0 0.0 0.0 0.0
0.0 105.0 147.0 0.0 0.0 0.0 0.0 0.0 0.0 0.0 0.0 0.0 0.0 0.0 0.0 1.0 1.0 0.0 0.0 0.0 0.0 1.0 0.0 0.0 255.0 219.0 0.86 0.01 0.01 0.0 0.0 0.0 0.0 0.0
0.0 183.0 0.0 0.0 0.0 0.0 0.0 0.0 0.0 0.0 0.0 0.0 0.0 0.0 0.0 6.0 6.0 0.0 0.0 0.0 0.0 1.0 0.0 0.0 255.0 36.0 0.14 0.01 0.16 0.0 0.0 0.0 0.0 0.0
0.0 105.0 147.0 0.0 0.0 0.0 0.0 0.0 0.0 0.0 0.0 0.0 0.0 0.0 0.0 1.0 1.0 0.0 0.0 0.0 0.0 1.0 0.0 0.0 255.0 214.0 0.84 0.01 0.0 0.0 0.0 0.0 0.0 0.0
0.0 105.0 0.0 0.0 0.0 0.0 0.0 0.0 0.0 0.0 0.0 0.0 0.0 0.0 0.0 1.0 1.0 0.0 0.0 0.0 0.0 1.0 0.0 0.0 255.0 214.0 0.84 0.01 0.0 0.0 0.0 0.0 0.0 0.0
5.0 105.0 147.0 0.0 0.0 0.0 0.0 0.0 0.0 0.0 0.0 0.0 0.0 0.0 0.0 2.0 2.0 0.0 0.0 0.0 0.0 1.0 0.0 0.0 255.0 215.0 0.84 0.01 0.01 0.0 0.0 0.0 0.0 0.0
0.0 183.0 0.0 0.0 0.0 0.0 0.0 0.0 0.0 0.0 0.0 0.0 0.0 0.0 0.0 2.0 2.0 0.0 0.0 0.0 0.0 1.0 0.0 0.0 255.0 32.0 0.13 0.01 0.15 0.0 0.0 0.0 0.0 0.0
0.0 105.0 0.0 0.0 0.0 0.0 0.0 0.0 0.0 0.0 0.0 0.0 0.0 0.0 0.0 1.0 1.0 0.0 0.0 0.0 0.0 1.0 0.0 0.0 255.0 214.0 0.84 0.01 0.0 0.0 0.0 0.0 0.0 0.0
14.0 105.0 147.0 0.0 0.0 0.0 0.0 0.0 0.0 0.0 0.0 0.0 0.0 0.0 0.0 2.0 2.0 0.0 0.0 0.0 0.0 1.0 0.0 0.0 255.0 215.0 0.84 0.01 0.01 0.0 0.0 0.0 0.0 0.0
5.0 105.0 147.0 0.0 0.0 0.0 0.0 0.0 0.0 0.0 0.0 0.0 0.0 0.0 0.0 2.0 2.0 0.0 0.0 0.0 0.0 1.0 0.0 0.0 255.0 215.0 0.84 0.01 0.01 0.0 0.0 0.0 0.0 0.0
5.0 105.0 147.0 0.0 0.0 0.0 0.0 0.0 0.0 0.0 0.0 0.0 0.0 0.0 0.0 2.0 2.0 0.0 0.0 0.0 0.0 1.0 0.0 0.0 255.0 221.0 0.87 0.01 0.01 0.0 0.0 0.0 0.0 0.0
0.0 105.0 0.0 0.0 0.0 0.0 0.0 0.0 0.0 0.0 0.0 0.0 0.0 0.0 0.0 1.0 1.0 0.0 0.0 0.0 0.0 1.0 0.0 0.0 255.0 215.0 0.84 0.01 0.0 0.0 0.0 0.0 0.0 0.0
5.0 105.0 147.0 0.0 0.0 0.0 0.0 0.0 0.0 0.0 0.0 0.0 0.0 0.0 0.0 2.0 2.0 0.0 0.0 0.0 0.0 1.0 0.0 0.0 255.0 214.0 0.84 0.01 0.01 0.0 0.0 0.0 0.0 0.0
0.0 105.0 0.0 0.0 0.0 0.0 0.0 0.0 0.0 0.0 0.0 0.0 0.0 0.0 0.0 1.0 1.0 0.0 0.0 0.0 0.0 1.0 0.0 0.0 255.0 214.0 0.84 0.01 0.0 0.0 0.0 0.0 0.0 0.0
0.0 183.0 0.0 0.0 0.0 0.0 0.0 0.0 0.0 0.0 0.0 0.0 0.0 0.0 0.0 4.0 3.0 0.0 0.0 0.0 0.0 0.75 0.5 0.0 255.0 35.0 0.14 0.01 0.15 0.0 0.0 0.0 0.0 0.0
5.0 105.0 147.0 0.0 0.0 0.0 0.0 0.0 0.0 0.0 0.0 0.0 0.0 0.0 0.0 2.0 2.0 0.0 0.0 0.0 0.0 1.0 0.0 0.0 255.0 215.0 0.84 0.01 0.01 0.0 0.0 0.0 0.0 0.0
0.0 105.0 0.0 0.0 0.0 0.0 0.0 0.0 0.0 0.0 0.0 0.0 0.0 0.0 0.0 1.0 1.0 0.0 0.0 0.0 0.0 1.0 0.0 0.0 255.0 215.0 0.84 0.01 0.0 0.0 0.0 0.0 0.0 0.0
5.0 105.0 147.0 0.0 0.0 0.0 0.0 0.0 0.0 0.0 0.0 0.0 0.0 0.0 0.0 2.0 2.0 0.0 0.0 0.0 0.0 1.0 0.0 0.0 255.0 215.0 0.84 0.01 0.01 0.0 0.0 0.0 0.0 0.0
0.0 183.0 0.0 0.0 0.0 0.0 0.0 0.0 0.0 0.0 0.0 0.0 0.0 0.0 0.0 2.0 2.0 0.0 0.0 0.0 0.0 1.0 0.0 0.0 255.0 37.0 0.15 0.01 0.16 0.0 0.0 0.0 0.0 0.0
0.0 105.0 147.0 0.0 0.0 0.0 0.0 0.0 0.0 0.0 0.0 0.0 0.0 0.0 0.0 1.0 1.0 0.0 0.0 0.0 0.0 1.0 0.0 0.0 255.0 215.0 0.84 0.01 0.0 0.0 0.0 0.0 0.0 0.0
0.0 105.0 0.0 0.0 0.0 0.0 0.0 0.0 0.0 0.0 0.0 0.0 0.0 0.0 0.0 2.0 2.0 0.0 0.0 0.0 0.0 1.0 0.0 0.0 255.0 215.0 0.84 0.01 0.01 0.0 0.0 0.0 0.0 0.0
14.0 105.0 147.0 0.0 0.0 0.0 0.0 0.0 0.0 0.0 0.0 0.0 0.0 0.0 0.0 2.0 2.0 0.0 0.0 0.0 0.0 1.0 0.0 0.0 255.0 215.0 0.84 0.01 0.01 0.0 0.0 0.0 0.0 0.0
0.0 105.0 147.0 0.0 0.0 0.0 0.0 0.0 0.0 0.0 0.0 0.0 0.0 0.0 0.0 1.0 1.0 0.0 0.0 0.0 0.0 1.0 0.0 0.0 255.0 215.0 0.84 0.01 0.0 0.0 0.0 0.0 0.0 0.0
14.0 105.0 147.0 0.0 0.0 0.0 0.0 0.0 0.0 0.0 0.0 0.0 0.0 0.0 0.0 2.0 2.0 0.0 0.0 0.0 0.0 1.0 0.0 0.0 255.0 218.0 0.85 0.01 0.01 0.0 0.0 0.0 0.0 0.0
0.0 105.0 147.0 0.0 0.0 0.0 0.0 0.0 0.0 0.0 0.0 0.0 0.0 0.0 0.0 1.0 1.0 0.0 0.0 0.0 0.0 1.0 0.0 0.0 255.0 221.0 0.87 0.01 0.0 0.0 0.0 0.0 0.0 0.0
0.0 105.0 0.0 0.0 0.0 0.0 0.0 0.0 0.0 0.0 0.0 0.0 0.0 0.0 0.0 2.0 2.0 0.0 0.0 0.0 0.0 1.0 0.0 0.0 255.0 221.0 0.87 0.01 0.01 0.0 0.0 0.0 0.0 0.0
0.0 105.0 147.0 0.0 0.0 0.0 0.0 0.0 0.0 0.0 0.0 0.0 0.0 0.0 0.0 1.0 1.0 0.0 0.0 0.0 0.0 1.0 0.0 0.0 255.0 222.0 0.87 0.01 0.0 0.0 0.0 0.0 0.0 0.0
0.0 105.0 0.0 0.0 0.0 0.0 0.0 0.0 0.0 0.0 0.0 0.0 0.0 0.0 0.0 1.0 1.0 0.0 0.0 0.0 0.0 1.0 0.0 0.0 255.0 223.0 0.87 0.01 0.0 0.0 0.0 0.0 0.0 0.0
0.0 105.0 147.0 0.0 0.0 0.0 0.0 0.0 0.0 0.0 0.0 0.0 0.0 0.0 0.0 1.0 1.0 0.0 0.0 0.0 0.0 1.0 0.0 0.0 255.0 223.0 0.87 0.01 0.0 0.0 0.0 0.0 0.0 0.0
0.0 105.0 0.0 0.0 0.0 0.0 0.0 0.0 0.0 0.0 0.0 0.0 0.0 0.0 0.0 1.0 1.0 0.0 0.0 0.0 0.0 1.0 0.0 0.0 255.0 222.0 0.87 0.01 0.0 0.0 0.0 0.0 0.0 0.0
0.0 105.0 147.0 0.0 0.0 0.0 0.0 0.0 0.0 0.0 0.0 0.0 0.0 0.0 0.0 1.0 1.0 0.0 0.0 0.0 0.0 1.0 0.0 0.0 255.0 222.0 0.87 0.01 0.0 0.0 0.0 0.0 0.0 0.0
0.0 105.0 147.0 0.0 0.0 0.0 0.0 0.0 0.0 0.0 0.0 0.0 0.0 0.0 0.0 1.0 1.0 0.0 0.0 0.0 0.0 1.0 0.0 0.0 255.0 223.0 0.87 0.01 0.0 0.0 0.0 0.0 0.0 0.0
0.0 105.0 147.0 0.0 0.0 0.0 0.0 0.0 0.0 0.0 0.0 0.0 0.0 0.0 0.0 1.0 1.0 0.0 0.0 0.0 0.0 1.0 0.0 0.0 255.0 229.0 0.9 0.01 0.0 0.0 0.0 0.0 0.0 0.0
0.0 105.0 147.0 0.0 0.0 0.0 0.0 0.0 0.0 0.0 0.0 0.0 0.0 0.0 0.0 2.0 1.0 0.0 0.0 0.0 0.0 0.5 1.0 0.0 255.0 229.0 0.9 0.01 0.01 0.0 0.0 0.0 0.0 0.0
0.0 105.0 147.0 0.0 0.0 0.0 0.0 0.0 0.0 0.0 0.0 0.0 0.0 0.0 0.0 1.0 1.0 0.0 0.0 0.0 0.0 1.0 0.0 0.0 255.0 229.0 0.9 0.01 0.0 0.0 0.0 0.0 0.0 0.0
5.0 105.0 147.0 0.0 0.0 0.0 0.0 0.0 0.0 0.0 0.0 0.0 0.0 0.0 0.0 2.0 2.0 0.0 0.0 0.0 0.0 1.0 0.0 0.0 255.0 229.0 0.9 0.01 0.01 0.0 0.0 0.0 0.0 0.0
0.0 105.0 147.0 0.0 0.0 0.0 0.0 0.0 0.0 0.0 0.0 0.0 0.0 0.0 0.0 1.0 1.0 0.0 0.0 0.0 0.0 1.0 0.0 0.0 255.0 234.0 0.92 0.01 0.0 0.0 0.0 0.0 0.0 0.0
0.0 105.0 147.0 0.0 0.0 0.0 0.0 0.0 0.0 0.0 0.0 0.0 0.0 0.0 0.0 2.0 1.0 0.0 0.0 0.0 0.0 0.5 1.0 0.0 255.0 234.0 0.92 0.01 0.0 0.0 0.0 0.0 0.0 0.0
0.0 105.0 147.0 0.0 0.0 0.0 0.0 0.0 0.0 0.0 0.0 0.0 0.0 0.0 0.0 1.0 1.0 0.0 0.0 0.0 0.0 1.0 0.0 0.0 255.0 234.0 0.92 0.01 0.01 0.0 0.0 0.0 0.0 0.0
0.0 105.0 147.0 0.0 0.0 0.0 0.0 0.0 0.0 0.0 0.0 0.0 0.0 0.0 0.0 1.0 1.0 0.0 0.0 0.0 0.0 1.0 0.0 0.0 255.0 234.0 0.92 0.01 0.0 0.0 0.0 0.0 0.0 0.0
