2975.0 147.0 105.0 0.0 0.0 0.0 0.0 0.0 0.0 0.0 0.0 0.0 0.0 0.0 0.0 1.0 1.0 0.0 0.0 0.0 0.0 1.0 0.0 0.0 255.0 1.0 0.0 0.85 1.0 0.0 0.0 0.0 0.0 0.0
2975.0 147.0 105.0 0.0 0.0 0.0 0.0 0.0 0.0 0.0 0.0 0.0 0.0 0.0 0.0 5.0 1.0 0.0 0.0 0.0 0.0 0.2 0.6 0.0 255.0 1.0 0.0 0.85 1.0 0.0 0.0 0.0 0.0 0.0
2975.0 147.0 105.0 0.0 0.0 0.0 0.0 0.0 0.0 0.0 0.0 0.0 0.0 0.0 0.0 1.0 1.0 0.0 0.0 0.0 0.0 1.0 0.0 0.0 255.0 1.0 0.0 0.85 1.0 0.0 0.0 0.0 0.0 0.0
2960.0 147.0 105.0 0.0 0.0 0.0 0.0 0.0 0.0 0.0 0.0 0.0 0.0 0.0 0.0 5.0 2.0 0.0 0.0 0.0 0.0 0.4 0.6 0.0 255.0 2.0 0.01 0.84 1.0 0.0 0.0 0.0 0.0 0.0
2960.0 147.0 105.0 0.0 0.0 0.0 0.0 0.0 0.0 0.0 0.0 0.0 0.0 0.0 0.0 2.0 2.0 0.0 0.0 0.0 0.0 1.0 0.0 0.0 255.0 2.0 0.01 0.85 1.0 0.0 0.0 0.0 0.0 0.0
2975.0 147.0 105.0 0.0 0.0 0.0 0.0 0.0 0.0 0.0 0.0 0.0 0.0 0.0 0.0 1.0 1.0 0.0 0.0 0.0 0.0 1.0 0.0 0.0 255.0 1.0 0.0 0.86 1.0 0.0 0.0 0.0 0.0 0.0
2975.0 147.0 105.0 0.0 0.0 0.0 0.0 0.0 0.0 0.0 0.0 0.0 0.0 0.0 0.0 1.0 1.0 0.0 0.0 0.0 0.0 1.0 0.0 0.0 255.0 1.0 0.0 0.85 1.0 0.0 0.0 0.0 0.0 0.0
2975.0 147.0 105.0 0.0 0.0 0.0 0.0 0.0 0.0 0.0 0.0 0.0 0.0 0.0 0.0 1.0 1.0 0.0 0.0 0.0 0.0 1.0 0.0 0.0 255.0 1.0 0.0 0.86 1.0 0.0 0.0 0.0 0.0 0.0
3684.0 147.0 105.0 0.0 0.0 0.0 0.0 0.0 0.0 0.0 0.0 0.0 0.0 0.0 0.0 1.0 1.0 0.0 0.0 0.0 0.0 1.0 0.0 0.0 255.0 1.0 0.0 0.86 1.0 0.0 0.0 0.0 0.0 0.0
4029.0 147.0 105.0 0.0 0.0 0.0 0.0 0.0 0.0 0.0 0.0 0.0 0.0 0.0 0.0 1.0 1.0 0.0 0.0 0.0 0.0 1.0 0.0 0.0 255.0 1.0 0.0 0.85 0.99 0.0 0.0 0.0 0.0 0.0
4535.0 147.0 105.0 0.0 0.0 0.0 0.0 0.0 0.0 0.0 0.0 0.0 0.0 0.0 0.0 2.0 2.0 0.0 0.0 0.0 0.0 1.0 0.0 0.0 255.0 3.0 0.01 0.85 0.99 0.0 0.0 0.0 0.0 0.0
2095.0 147.0 105.0 0.0 0.0 0.0 0.0 0.0 0.0 0.0 0.0 0.0 0.0 0.0 0.0 1.0 1.0 0.0 0.0 0.0 0.0 1.0 0.0 0.0 255.0 1.0 0.0 0.85 0.99 0.0 0.0 0.0 0.0 0.0
7030.0 147.0 105.0 0.0 0.0 0.0 0.0 0.0 0.0 0.0 0.0 0.0 0.0 0.0 0.0 1.0 1.0 0.0 0.0 0.0 0.0 1.0 0.0 0.0 255.0 1.0 0.0 0.85 0.99 0.0 0.0 0.0 0.0 0.0
7019.0 147.0 105.0 0.0 0.0 0.0 0.0 0.0 0.0 0.0 0.0 0.0 0.0 0.0 0.0 2.0 2.0 0.0 0.0 0.0 0.0 1.0 0.0 0.0 255.0 2.0 0.01 0.85 0.99 0.0 0.0 0.0 0.0 0.0
7030.0 147.0 105.0 0.0 0.0 0.0 0.0 0.0 0.0 0.0 0.0 0.0 0.0 0.0 0.0 1.0 1.0 0.0 0.0 0.0 0.0 1.0 0.0 0.0 255.0 1.0 0.0 0.85 0.99 0.0 0.0 0.0 0.0 0.0
7030.0 147.0 105.0 0.0 0.0 0.0 0.0 0.0 0.0 0.0 0.0 0.0 0.0 0.0 0.0 1.0 1.0 0.0 0.0 0.0 0.0 1.0 0.0 0.0 255.0 1.0 0.0 0.84 0.99 0.0 0.0 0.0 0.0 0.0
7030.0 147.0 105.0 0.0 0.0 0.0 0.0 0.0 0.0 0.0 0.0 0.0 0.0 0.0 0.0 5.0 1.0 0.0 0.0 0.0 0.0 0.2 0.6 0.0 255.0 1.0 0.0 0.84 0.99 0.0 0.0 0.0 0.0 0.0
7019.0 147.0 105.0 0.0 0.0 0.0 0.0 0.0 0.0 0.0 0.0 0.0 0.0 0.0 0.0 2.0 2.0 0.0 0.0 0.0 0.0 1.0 0.0 0.0 255.0 2.0 0.01 0.85 0.99 0.0 0.0 0.0 0.0 0.0
7030.0 147.0 105.0 0.0 0.0 0.0 0.0 0.0 0.0 0.0 0.0 0.0 0.0 0.0 0.0 1.0 1.0 0.0 0.0 0.0 0.0 1.0 0.0 0.0 255.0 1.0 0.0 0.84 0.99 0.0 0.0 0.0 0.0 0.0
7030.0 147.0 105.0 0.0 0.0 0.0 0.0 0.0 0.0 0.0 0.0 0.0 0.0 0.0 0.0 1.0 1.0 0.0 0.0 0.0 0.0 1.0 0.0 0.0 255.0 1.0 0.0 0.85 0.99 0.0 0.0 0.0 0.0 0.0
7030.0 147.0 105.0 0.0 0.0 0.0 0.0 0.0 0.0 0.0 0.0 0.0 0.0 0.0 0.0 1.0 1.0 0.0 0.0 0.0 0.0 1.0 0.0 0.0 255.0 1.0 0.0 0.85 0.99 0.0 0.0 0.0 0.0 0.0
0.0 147.0 0.0 0.0 0.0 0.0 0.0 0.0 0.0 0.0 0.0 0.0 0.0 0.0 0.0 1.0 1.0 0.0 0.0 0.0 0.0 1.0 0.0 0.0 255.0 1.0 0.0 0.85 0.99 0.0 0.0 0.0 0.0 0.0
7030.0 147.0 105.0 0.0 0.0 0.0 0.0 0.0 0.0 0.0 0.0 0.0 0.0 0.0 0.0 1.0 1.0 0.0 0.0 0.0 0.0 1.0 0.0 0.0 255.0 1.0 0.0 0.85 0.99 0.0 0.0 0.0 0.0 0.0
7030.0 147.0 105.0 0.0 0.0 0.0 0.0 0.0 0.0 0.0 0.0 0.0 0.0 0.0 0.0 1.0 1.0 0.0 0.0 0.0 0.0 1.0 0.0 0.0 255.0 1.0 0.0 0.85 0.99 0.0 0.0 0.0 0.0 0.0
0.0 147.0 0.0 0.0 0.0 0.0 0.0 0.0 0.0 0.0 0.0 0.0 0.0 0.0 0.0 1.0 1.0 0.0 0.0 0.0 0.0 1.0 0.0 0.0 255.0 1.0 0.0 0.84 0.99 0.0 0.0 0.0 0.0 0.0
7030.0 147.0 105.0 0.0 0.0 0.0 0.0 0.0 0.0 0.0 0.0 0.0 0.0 0.0 0.0 1.0 1.0 0.0 0.0 0.0 0.0 1.0 0.0 0.0 255.0 1.0 0.0 0.84 0.99 0.0 0.0 0.0 0.0 0.0
7030.0 147.0 105.0 0.0 0.0 0.0 0.0 0.0 0.0 0.0 0.0 0.0 0.0 0.0 0.0 1.0 1.0 0.0 0.0 0.0 0.0 1.0 0.0 0.0 255.0 1.0 0.0 0.83 0.99 0.0 0.0 0.0 0.0 0.0
0.0 147.0 0.0 0.0 0.0 0.0 0.0 0.0 0.0 0.0 0.0 0.0 0.0 0.0 0.0 1.0 1.0 0.0 0.0 0.0 0.0 1.0 0.0 0.0 255.0 1.0 0.0 0.83 0.99 0.0 0.0 0.0 0.0 0.0
7030.0 147.0 105.0 0.0 0.0 0.0 0.0 0.0 0.0 0.0 0.0 0.0 0.0 0.0 0.0 1.0 1.0 0.0 0.0 0.0 0.0 1.0 0.0 0.0 255.0 1.0 0.0 0.82 0.99 0.0 0.0 0.0 0.0 0.0
7030.0 147.0 105.0 0.0 0.0 0.0 0.0 0.0 0.0 0.0 0.0 0.0 0.0 0.0 0.0 1.0 1.0 0.0 0.0 0.0 0.0 1.0 0.0 0.0 255.0 1.0 0.0 0.82 0.99 0.0 0.0 0.0 0.0 0.0
0.0 147.0 0.0 0.0 0.0 0.0 0.0 0.0 0.0 0.0 0.0 0.0 0.0 0.0 0.0 1.0 1.0 0.0 0.0 0.0 0.0 1.0 0.0 0.0 255.0 2.0 0.01 0.83 0.99 0.0 0.0 0.0 0.0 0.0
7025.0 147.0 105.0 0.0 0.0 0.0 0.0 0.0 0.0 0.0 0.0 0.0 0.0 0.0 0.0 2.0 2.0 0.0 0.0 0.0 0.0 1.0 0.0 0.0 255.0 2.0 0.01 0.82 0.99 0.0 0.0 0.0 0.0 0.0
7030.0 147.0 105.0 0.0 0.0 0.0 0.0 0.0 0.0 0.0 0.0 0.0 0.0 0.0 0.0 1.0 1.0 0.0 0.0 0.0 0.0 1.0 0.0 0.0 255.0 1.0 0.0 0.82 0.99 0.0 0.0 0.0 0.0 0.0
7030.0 147.0 105.0 0.0 0.0 0.0 0.0 0.0 0.0 0.0 0.0 0.0 0.0 0.0 0.0 1.0 1.0 0.0 0.0 0.0 0.0 1.0 0.0 0.0 255.0 1.0 0.0 0.83 0.99 0.0 0.0 0.0 0.0 0.0
0.0 147.0 0.0 0.0 0.0 0.0 0.0 0.0 0.0 0.0 0.0 0.0 0.0 0.0 0.0 4.0 1.0 0.0 0.0 0.0 0.0 0.25 0.75 0.0 255.0 1.0 0.0 0.85 1.0 0.0 0.0 0.0 0.0 0.0
7030.0 147.0 105.0 0.0 0.0 0.0 0.0 0.0 0.0 0.0 0.0 0.0 0.0 0.0 0.0 1.0 1.0 0.0 0.0 0.0 0.0 1.0 0.0 0.0 255.0 1.0 0.0 0.85 1.0 0.0 0.0 0.0 0.0 0.0
7030.0 147.0 105.0 0.0 0.0 0.0 0.0 0.0 0.0 0.0 0.0 0.0 0.0 0.0 0.0 1.0 1.0 0.0 0.0 0.0 0.0 1.0 0.0 0.0 255.0 1.0 0.0 0.85 1.0 0.0 0.0 0.0 0.0 0.0
7030.0 147.0 105.0 0.0 0.0 0.0 0.0 0.0 0.0 0.0 0.0 0.0 0.0 0.0 0.0 1.0 1.0 0.0 0.0 0.0 0.0 1.0 0.0 0.0 255.0 1.0 0.0 0.84 1.0 0.0 0.0 0.0 0.0 0.0
0.0 147.0 0.0 0.0 0.0 0.0 0.0 0.0 0.0 0.0 0.0 0.0 0.0 0.0 0.0 2.0 1.0 0.0 0.0 0.0 0.0 0.5 1.0 0.0 255.0 1.0 0.0 0.85 1.0 0.0 0.0 0.0 0.0 0.0
7030.0 147.0 105.0 0.0 0.0 0.0 0.0 0.0 0.0 0.0 0.0 0.0 0.0 0.0 0.0 1.0 1.0 0.0 0.0 0.0 0.0 1.0 0.0 0.0 255.0 1.0 0.0 0.85 1.0 0.0 0.0 0.0 0.0 0.0
7030.0 147.0 105.0 0.0 0.0 0.0 0.0 0.0 0.0 0.0 0.0 0.0 0.0 0.0 0.0 1.0 1.0 0.0 0.0 0.0 0.0 1.0 0.0 0.0 255.0 1.0 0.0 0.85 1.0 0.0 0.0 0.0 0.0 0.0
7030.0 147.0 105.0 0.0 0.0 0.0 0.0 0.0 0.0 0.0 0.0 0.0 0.0 0.0 0.0 1.0 1.0 0.0 0.0 0.0 0.0 1.0 0.0 0.0 255.0 1.0 0.0 0.84 1.0 0.0 0.0 0.0 0.0 0.0
7019.0 147.0 105.0 0.0 0.0 0.0 0.0 0.0 0.0 0.0 0.0 0.0 0.0 0.0 0.0 2.0 2.0 0.0 0.0 0.0 0.0 1.0 0.0 0.0 255.0 2.0 0.01 0.85 1.0 0.0 0.0 0.0 0.0 0.0
4934.0 147.0 105.0 0.0 0.0 0.0 0.0 0.0 0.0 0.0 0.0 0.0 0.0 0.0 0.0 1.0 1.0 0.0 0.0 0.0 0.0 1.0 0.0 0.0 255.0 1.0 0.0 0.85 1.0 0.0 0.0 0.0 0.0 0.0
0.0 147.0 0.0 0.0 0.0 0.0 0.0 0.0 0.0 0.0 0.0 0.0 0.0 0.0 0.0 3.0 1.0 0.0 0.0 0.0 0.0 0.33 0.67 0.0 255.0 2.0 0.01 0.84 1.0 0.0 0.0 0.0 0.0 0.0
2625.0 147.0 105.0 0.0 0.0 0.0 0.0 0.0 0.0 0.0 0.0 0.0 0.0 0.0 0.0 4.0 2.0 0.0 0.0 0.0 0.0 0.5 0.5 0.0 255.0 2.0 0.01 0.84 1.0 0.0 0.0 0.0 0.0 0.0
2643.0 147.0 105.0 0.0 0.0 0.0 0.0 0.0 0.0 0.0 0.0 0.0 0.0 0.0 0.0 1.0 1.0 0.0 0.0 0.0 0.0 1.0 0.0 0.0 255.0 1.0 0.0 0.84 1.0 0.0 0.0 0.0 0.0 0.0
2635.0 147.0 105.0 0.0 0.0 0.0 0.0 0.0 0.0 0.0 0.0 0.0 0.0 0.0 0.0 1.0 1.0 0.0 0.0 0.0 0.0 1.0 0.0 0.0 255.0 1.0 0.0 0.84 1.0 0.0 0.0 0.0 0.0 0.0
2630.0 147.0 105.0 0.0 0.0 0.0 0.0 0.0 0.0 0.0 0.0 0.0 0.0 0.0 0.0 4.0 2.0 0.0 0.0 0.0 0.0 0.5 0.5 0.0 255.0 2.0 0.01 0.84 1.0 0.0 0.0 0.0 0.0 0.0
2643.0 147.0 105.0 0.0 0.0 0.0 0.0 0.0 0.0 0.0 0.0 0.0 0.0 0.0 0.0 1.0 1.0 0.0 0.0 0.0 0.0 1.0 0.0 0.0 255.0 1.0 0.0 0.84 1.0 0.0 0.0 0.0 0.0 0.0
2635.0 147.0 105.0 0.0 0.0 0.0 0.0 0.0 0.0 0.0 0.0 0.0 0.0 0.0 0.0 1.0 1.0 0.0 0.0 0.0 0.0 1.0 0.0 0.0 255.0 1.0 0.0 0.85 1.0 0.0 0.0 0.0 0.0 0.0
2630.0 147.0 105.0 0.0 0.0 0.0 0.0 0.0 0.0 0.0 0.0 0.0 0.0 0.0 0.0 4.0 2.0 0.0 0.0 0.0 0.0 0.5 0.5 0.0 255.0 2.0 0.01 0.85 1.0 0.0 0.0 0.0 0.0 0.0
2635.0 147.0 105.0 0.0 0.0 0.0 0.0 0.0 0.0 0.0 0.0 0.0 0.0 0.0 0.0 1.0 1.0 0.0 0.0 0.0 0.0 1.0 0.0 0.0 255.0 1.0 0.0 0.85 1.0 0.0 0.0 0.0 0.0 0.0
2635.0 147.0 105.0 0.0 0.0 0.0 0.0 0.0 0.0 0.0 0.0 0.0 0.0 0.0 0.0 1.0 1.0 0.0 0.0 0.0 0.0 1.0 0.0 0.0 255.0 1.0 0.0 0.85 1.0 0.0 0.0 0.0 0.0 0.0
2644.0 147.0 105.0 0.0 0.0 0.0 0.0 0.0 0.0 0.0 0.0 0.0 0.0 0.0 0.0 1.0 1.0 0.0 0.0 0.0 0.0 1.0 0.0 0.0 255.0 1.0 0.0 0.85 1.0 0.0 0.0 0.0 0.0 0.0
2635.0 147.0 105.0 0.0 0.0 0.0 0.0 0.0 0.0 0.0 0.0 0.0 0.0 0.0 0.0 1.0 1.0 0.0 0.0 0.0 0.0 1.0 0.0 0.0 255.0 1.0 0.0 0.85 1.0 0.0 0.0 0.0 0.0 0.0
2635.0 147.0 105.0 0.0 0.0 0.0 0.0 0.0 0.0 0.0 0.0 0.0 0.0 0.0 0.0 5.0 1.0 0.0 0.0 0.0 0.0 0.2 0.6 0.0 255.0 1.0 0.0 0.85 1.0 0.0 0.0 0.0 0.0 0.0
2644.0 147.0 105.0 0.0 0.0 0.0 0.0 0.0 0.0 0.0 0.0 0.0 0.0 0.0 0.0 1.0 1.0 0.0 0.0 0.0 0.0 1.0 0.0 0.0 255.0 1.0 0.0 0.86 1.0 0.0 0.0 0.0 0.0 0.0
2635.0 146.0 105.0 0.0 0.0 0.0 0.0 0.0 0.0 0.0 0.0 0.0 0.0 0.0 0.0 1.0 1.0 0.0 0.0 0.0 0.0 1.0 0.0 0.0 255.0 1.0 0.0 0.85 1.0 0.0 0.0 0.0 0.0 0.0
2635.0 147.0 105.0 0.0 0.0 0.0 0.0 0.0 0.0 0.0 0.0 0.0 0.0 0.0 0.0 3.0 1.0 0.0 0.0 0.0 0.0 0.33 0.67 0.0 255.0 1.0 0.0 0.85 1.0 0.0 0.0 0.0 0.0 0.0
2635.0 147.0 105.0 0.0 0.0 0.0 0.0 0.0 0.0 0.0 0.0 0.0 0.0 0.0 0.0 1.0 1.0 0.0 0.0 0.0 0.0 1.0 0.0 0.0 255.0 1.0 0.0 0.85 1.0 0.0 0.0 0.0 0.0 0.0
2635.0 147.0 105.0 0.0 0.0 0.0 0.0 0.0 0.0 0.0 0.0 0.0 0.0 0.0 0.0 1.0 1.0 0.0 0.0 0.0 0.0 1.0 0.0 0.0 255.0 1.0 0.0 0.85 1.0 0.0 0.0 0.0 0.0 0.0
2644.0 147.0 105.0 0.0 0.0 0.0 0.0 0.0 0.0 0.0 0.0 0.0 0.0 0.0 0.0 1.0 1.0 0.0 0.0 0.0 0.0 1.0 0.0 0.0 255.0 1.0 0.0 0.86 1.0 0.0 0.0 0.0 0.0 0.0
2633.0 147.0 105.0 0.0 0.0 0.0 0.0 0.0 0.0 0.0 0.0 0.0 0.0 0.0 0.0 1.0 1.0 0.0 0.0 0.0 0.0 1.0 0.0 0.0 255.0 1.0 0.0 0.85 1.0 0.0 0.0 0.0 0.0 0.0
2630.0 147.0 105.0 0.0 0.0 0.0 0.0 0.0 0.0 0.0 0.0 0.0 0.0 0.0 0.0 1.0 1.0 0.0 0.0 0.0 0.0 1.0 0.0 0.0 255.0 1.0 0.0 0.85 1.0 0.0 0.0 0.0 0.0 0.0
2638.0 147.0 105.0 0.0 0.0 0.0 0.0 0.0 0.0 0.0 0.0 0.0 0.0 0.0 0.0 1.0 1.0 0.0 0.0 0.0 0.0 1.0 0.0 0.0 255.0 1.0 0.0 0.86 1.0 0.0 0.0 0.0 0.0 0.0
2630.0 147.0 105.0 0.0 0.0 0.0 0.0 0.0 0.0 0.0 0.0 0.0 0.0 0.0 0.0 1.0 1.0 0.0 0.0 0.0 0.0 1.0 0.0 0.0 255.0 1.0 0.0 0.85 1.0 0.0 0.0 0.0 0.0 0.0
0.0 147.0 0.0 0.0 0.0 0.0 0.0 0.0 0.0 0.0 0.0 0.0 0.0 0.0 0.0 3.0 1.0 0.0 0.0 0.0 0.0 0.33 0.67 0.0 255.0 1.0 0.0 0.85 1.0 0.0 0.0 0.0 0.0 0.0
2630.0 146.0 105.0 0.0 0.0 0.0 0.0 0.0 0.0 0.0 0.0 0.0 0.0 0.0 0.0 1.0 1.0 0.0 0.0 0.0 0.0 1.0 0.0 0.0 255.0 1.0 0.0 0.85 1.0 0.0 0.0 0.0 0.0 0.0
2630.0 147.0 105.0 0.0 0.0 0.0 0.0 0.0 0.0 0.0 0.0 0.0 0.0 0.0 0.0 5.0 1.0 0.0 0.0 0.0 0.0 0.2 0.6 0.0 255.0 1.0 0.0 0.85 1.0 0.0 0.0 0.0 0.0 0.0
2620.0 147.0 105.0 0.0 0.0 0.0 0.0 0.0 0.0 0.0 0.0 0.0 0.0 0.0 0.0 2.0 2.0 0.0 0.0 0.0 0.0 1.0 0.0 0.0 255.0 2.0 0.01 0.85 1.0 0.0 0.0 0.0 0.0 0.0
2630.0 147.0 105.0 0.0 0.0 0.0 0.0 0.0 0.0 0.0 0.0 0.0 0.0 0.0 0.0 1.0 1.0 0.0 0.0 0.0 0.0 1.0 0.0 0.0 255.0 1.0 0.0 0.85 1.0 0.0 0.0 0.0 0.0 0.0
2630.0 147.0 105.0 0.0 0.0 0.0 0.0 0.0 0.0 0.0 0.0 0.0 0.0 0.0 0.0 1.0 1.0 0.0 0.0 0.0 0.0 1.0 0.0 0.0 255.0 1.0 0.0 0.85 1.0 0.0 0.0 0.0 0.0 0.0
0.0 147.0 0.0 0.0 0.0 0.0 0.0 0.0 0.0 0.0 0.0 0.0 0.0 0.0 0.0 1.0 1.0 0.0 0.0 0.0 0.0 1.0 0.0 0.0 255.0 1.0 0.0 0.85 1.0 0.0 0.0 0.0 0.0 0.0
2630.0 147.0 105.0 0.0 0.0 0.0 0.0 0.0 0.0 0.0 0.0 0.0 0.0 0.0 0.0 1.0 1.0 0.0 0.0 0.0 0.0 1.0 0.0 0.0 255.0 1.0 0.0 0.85 1.0 0.0 0.0 0.0 0.0 0.0
2630.0 147.0 105.0 0.0 0.0 0.0 0.0 0.0 0.0 0.0 0.0 0.0 0.0 0.0 0.0 1.0 1.0 0.0 0.0 0.0 0.0 1.0 0.0 0.0 255.0 1.0 0.0 0.85 1.0 0.0 0.0 0.0 0.0 0.0
2634.0 147.0 105.0 0.0 0.0 0.0 0.0 0.0 0.0 0.0 0.0 0.0 0.0 0.0 0.0 1.0 1.0 0.0 0.0 0.0 0.0 1.0 0.0 0.0 255.0 1.0 0.0 0.85 1.0 0.0 0.0 0.0 0.0 0.0
2630.0 147.0 105.0 0.0 0.0 0.0 0.0 0.0 0.0 0.0 0.0 0.0 0.0 0.0 0.0 1.0 1.0 0.0 0.0 0.0 0.0 1.0 0.0 0.0 255.0 1.0 0.0 0.86 1.0 0.0 0.0 0.0 0.0 0.0
0.0 147.0 0.0 0.0 0.0 0.0 0.0 0.0 0.0 0.0 0.0 0.0 0.0 0.0 0.0 2.0 1.0 0.0 0.0 0.0 0.0 0.5 1.0 0.0 255.0 1.0 0.0 0.86 0.99 0.0 0.0 0.0 0.0 0.0
0.0 147.0 0.0 0.0 0.0 0.0 0.0 0.0 0.0 0.0 0.0 0.0 0.0 0.0 0.0 1.0 1.0 0.0 0.0 0.0 0.0 1.0 0.0 0.0 255.0 1.0 0.0 0.86 0.99 0.0 0.0 0.0 0.0 0.0
5315.0 147.0 105.0 0.0 0.0 0.0 0.0 0.0 0.0 0.0 0.0 0.0 0.0 0.0 0.0 4.0 2.0 0.0 0.0 0.0 0.0 0.5 0.5 0.0 255.0 2.0 0.01 0.86 0.98 0.0 0.0 0.0 0.0 0.0
0.0 147.0 0.0 0.0 0.0 0.0 0.0 0.0 0.0 0.0 0.0 0.0 0.0 0.0 0.0 2.0 1.0 0.0 0.0 0.0 0.0 0.5 1.0 0.0 255.0 1.0 0.0 0.86 0.98 0.0 0.0 0.0 0.0 0.0
814.0 147.0 105.0 0.0 0.0 0.0 0.0 0.0 0.0 0.0 0.0 0.0 0.0 0.0 0.0 1.0 1.0 0.0 0.0 0.0 0.0 1.0 0.0 0.0 255.0 1.0 0.0 0.85 0.98 0.0 0.0 0.0 0.0 0.0
0.0 147.0 0.0 0.0 0.0 0.0 0.0 0.0 0.0 0.0 0.0 0.0 0.0 0.0 0.0 2.0 1.0 0.0 0.0 0.0 0.0 0.5 1.0 0.0 255.0 2.0 0.01 0.84 0.98 0.0 0.0 0.0 0.0 0.0
0.0 147.0 0.0 0.0 0.0 0.0 0.0 0.0 0.0 0.0 0.0 0.0 0.0 0.0 0.0 1.0 1.0 0.0 0.0 0.0 0.0 1.0 0.0 0.0 255.0 1.0 0.0 0.84 0.98 0.0 0.0 0.0 0.0 0.0
0.0 147.0 0.0 0.0 0.0 0.0 0.0 0.0 0.0 0.0 0.0 0.0 0.0 0.0 0.0 1.0 1.0 0.0 0.0 0.0 0.0 1.0 0.0 0.0 255.0 2.0 0.01 0.81 0.98 0.0 0.0 0.0 0.0 0.0
0.0 147.0 0.0 0.0 0.0 0.0 0.0 0.0 0.0 0.0 0.0 0.0 0.0 0.0 0.0 1.0 1.0 0.0 0.0 0.0 0.0 1.0 0.0 0.0 255.0 1.0 0.0 0.82 0.98 0.0 0.0 0.0 0.0 0.0
2630.0 147.0 105.0 0.0 0.0 0.0 0.0 0.0 0.0 0.0 0.0 0.0 0.0 0.0 0.0 1.0 1.0 0.0 0.0 0.0 0.0 1.0 0.0 0.0 255.0 1.0 0.0 0.82 0.98 0.0 0.0 0.0 0.0 0.0
2620.0 147.0 105.0 0.0 0.0 0.0 0.0 0.0 0.0 0.0 0.0 0.0 0.0 0.0 0.0 5.0 2.0 0.0 0.0 0.0 0.0 0.4 0.6 0.0 255.0 2.0 0.01 0.82 0.98 0.0 0.0 0.0 0.0 0.0
2620.0 147.0 105.0 0.0 0.0 0.0 0.0 0.0 0.0 0.0 0.0 0.0 0.0 0.0 0.0 4.0 2.0 0.0 0.0 0.0 0.0 0.5 0.5 0.0 255.0 2.0 0.01 0.82 0.98 0.0 0.0 0.0 0.0 0.0
2634.0 147.0 105.0 0.0 0.0 0.0 0.0 0.0 0.0 0.0 0.0 0.0 0.0 0.0 0.0 1.0 1.0 0.0 0.0 0.0 0.0 1.0 0.0 0.0 255.0 1.0 0.0 0.82 0.98 0.0 0.0 0.0 0.0 0.0
2630.0 147.0 105.0 0.0 0.0 0.0 0.0 0.0 0.0 0.0 0.0 0.0 0.0 0.0 0.0 1.0 1.0 0.0 0.0 0.0 0.0 1.0 0.0 0.0 255.0 1.0 0.0 0.83 0.98 0.0 0.0 0.0 0.0 0.0
2625.0 147.0 105.0 0.0 0.0 0.0 0.0 0.0 0.0 0.0 0.0 0.0 0.0 0.0 0.0 4.0 2.0 0.0 0.0 0.0 0.0 0.5 0.5 0.0 255.0 2.0 0.01 0.83 0.98 0.0 0.0 0.0 0.0 0.0
2638.0 147.0 105.0 0.0 0.0 0.0 0.0 0.0 0.0 0.0 0.0 0.0 0.0 0.0 0.0 1.0 1.0 0.0 0.0 0.0 0.0 1.0 0.0 0.0 255.0 1.0 0.0 0.85 0.98 0.0 0.0 0.0 0.0 0.0
2630.0 147.0 105.0 0.0 0.0 0.0 0.0 0.0 0.0 0.0 0.0 0.0 0.0 0.0 0.0 1.0 1.0 0.0 0.0 0.0 0.0 1.0 0.0 0.0 255.0 1.0 0.0 0.84 0.98 0.0 0.0 0.0 0.0 0.0
2625.0 147.0 105.0 0.0 0.0 0.0 0.0 0.0 0.0 0.0 0.0 0.0 0.0 0.0 0.0 5.0 2.0 0.0 0.0 0.0 0.0 0.4 0.6 0.0 255.0 2.0 0.01 0.84 0.98 0.0 0.0 0.0 0.0 0.0
0.0 147.0 0.0 0.0 0.0 0.0 0.0 0.0 0.0 0.0 0.0 0.0 0.0 0.0 0.0 1.0 1.0 0.0 0.0 0.0 0.0 1.0 0.0 0.0 255.0 1.0 0.0 0.85 0.98 0.0 0.0 0.0 0.0 0.0
2630.0 147.0 105.0 0.0 0.0 0.0 0.0 0.0 0.0 0.0 0.0 0.0 0.0 0.0 0.0 1.0 1.0 0.0 0.0 0.0 0.0 1.0 0.0 0.0 255.0 1.0 0.0 0.85 0.98 0.0 0.0 0.0 0.0 0.0
2630.0 147.0 105.0 0.0 0.0 0.0 0.0 0.0 0.0 0.0 0.0 0.0 0.0 0.0 0.0 1.0 1.0 0.0 0.0 0.0 0.0 1.0 0.0 0.0 255.0 1.0 0.0 0.85 0.98 0.0 0.0 0.0 0.0 0.0
2630.0 147.0 105.0 0.0 0.0 0.0 0.0 0.0 0.0 0.0 0.0 0.0 0.0 0.0 0.0 1.0 1.0 0.0 0.0 0.0 0.0 1.0 0.0 0.0 255.0 1.0 0.0 0.86 0.98 0.0 0.0 0.0 0.0 0.0
440.0 147.0 105.0 0.0 0.0 0.0 0.0 0.0 0.0 0.0 0.0 0.0 0.0 0.0 0.0 2.0 2.0 0.0 0.0 0.0 0.0 1.0 0.0 0.0 255.0 2.0 0.01 0.86 0.98 0.0 0.0 0.0 0.0 0.0
2630.0 147.0 105.0 0.0 0.0 0.0 0.0 0.0 0.0 0.0 0.0 0.0 0.0 0.0 0.0 5.0 1.0 0.0 0.0 0.0 0.0 0.2 0.6 0.0 255.0 1.0 0.0 0.86 0.98 0.0 0.0 0.0 0.0 0.0
2625.0 147.0 105.0 0.0 0.0 0.0 0.0 0.0 0.0 0.0 0.0 0.0 0.0 0.0 0.0 2.0 2.0 0.0 0.0 0.0 0.0 1.0 0.0 0.0 255.0 2.0 0.01 0.87 0.98 0.0 0.0 0.0 0.0 0.0
2630.0 147.0 105.0 0.0 0.0 0.0 0.0 0.0 0.0 0.0 0.0 0.0 0.0 0.0 0.0 1.0 1.0 0.0 0.0 0.0 0.0 1.0 0.0 0.0 255.0 1.0 0.0 0.85 0.98 0.0 0.0 0.0 0.0 0.0
2620.0 147.0 105.0 0.0 0.0 0.0 0.0 0.0 0.0 0.0 0.0 0.0 0.0 0.0 0.0 5.0 2.0 0.0 0.0 0.0 0.0 0.4 0.6 0.0 255.0 2.0 0.01 0.85 0.99 0.0 0.0 0.0 0.0 0.0
0.0 147.0 0.0 0.0 0.0 0.0 0.0 0.0 0.0 0.0 0.0 0.0 0.0 0.0 0.0 1.0 1.0 0.0 0.0 0.0 0.0 1.0 0.0 0.0 255.0 1.0 0.0 0.85 1.0 0.0 0.0 0.0 0.0 0.0
2630.0 147.0 105.0 0.0 0.0 0.0 0.0 0.0 0.0 0.0 0.0 0.0 0.0 0.0 0.0 1.0 1.0 0.0 0.0 0.0 0.0 1.0 0.0 0.0 255.0 1.0 0.0 0.85 1.0 0.0 0.0 0.0 0.0 0.0
2630.0 147.0 105.0 0.0 0.0 0.0 0.0 0.0 0.0 0.0 0.0 0.0 0.0 0.0 0.0 1.0 1.0 0.0 0.0 0.0 0.0 1.0 0.0 0.0 255.0 1.0 0.0 0.84 1.0 0.0 0.0 0.0 0.0 0.0
0.0 9.0 38.0 0.0 0.0 0.0 0.0 0.0 0.0 0.0 0.0 0.0 0.0 0.0 0.0 1.0 1.0 0.0 0.0 0.0 0.0 1.0 0.0 0.0 255.0 1.0 0.0 0.85 0.0 0.0 0.0 0.0 0.0 0.0
2630.0 147.0 105.0 0.0 0.0 0.0 0.0 0.0 0.0 0.0 0.0 0.0 0.0 0.0 0.0 1.0 1.0 0.0 0.0 0.0 0.0 1.0 0.0 0.0 255.0 1.0 0.0 0.86 0.99 0.0 0.0 0.0 0.0 0.0
2620.0 147.0 105.0 0.0 0.0 0.0 0.0 0.0 0.0 0.0 0.0 0.0 0.0 0.0 0.0 4.0 2.0 0.0 0.0 0.0 0.0 0.5 0.5 0.0 255.0 2.0 0.01 0.85 0.99 0.0 0.0 0.0 0.0 0.0
2620.0 147.0 105.0 0.0 0.0 0.0 0.0 0.0 0.0 0.0 0.0 0.0 0.0 0.0 0.0 4.0 2.0 0.0 0.0 0.0 0.0 0.5 0.5 0.0 255.0 2.0 0.01 0.85 0.99 0.0 0.0 0.0 0.0 0.0
0.0 147.0 0.0 0.0 0.0 0.0 0.0 0.0 0.0 0.0 0.0 0.0 0.0 0.0 0.0 1.0 1.0 0.0 0.0 0.0 0.0 1.0 0.0 0.0 255.0 1.0 0.0 0.86 0.99 0.0 0.0 0.0 0.0 0.0
2630.0 147.0 105.0 0.0 0.0 0.0 0.0 0.0 0.0 0.0 0.0 0.0 0.0 0.0 0.0 1.0 1.0 0.0 0.0 0.0 0.0 1.0 0.0 0.0 255.0 1.0 0.0 0.85 1.0 0.0 0.0 0.0 0.0 0.0
2630.0 147.0 105.0 0.0 0.0 0.0 0.0 0.0 0.0 0.0 0.0 0.0 0.0 0.0 0.0 1.0 1.0 0.0 0.0 0.0 0.0 1.0 0.0 0.0 255.0 1.0 0.0 0.85 1.0 0.0 0.0 0.0 0.0 0.0
0.0 147.0 0.0 0.0 0.0 0.0 0.0 0.0 0.0 0.0 0.0 0.0 0.0 0.0 0.0 1.0 1.0 0.0 0.0 0.0 0.0 1.0 0.0 0.0 255.0 1.0 0.0 0.86 1.0 0.0 0.0 0.0 0.0 0.0
2630.0 147.0 105.0 0.0 0.0 0.0 0.0 0.0 0.0 0.0 0.0 0.0 0.0 0.0 0.0 1.0 1.0 0.0 0.0 0.0 0.0 1.0 0.0 0.0 255.0 1.0 0.0 0.85 1.0 0.0 0.0 0.0 0.0 0.0
2630.0 147.0 105.0 0.0 0.0 0.0 0.0 0.0 0.0 0.0 0.0 0.0 0.0 0.0 0.0 1.0 1.0 0.0 0.0 0.0 0.0 1.0 0.0 0.0 255.0 1.0 0.0 0.85 1.0 0.0 0.0 0.0 0.0 0.0
2639.0 147.0 105.0 0.0 0.0 0.0 0.0 0.0 0.0 0.0 0.0 0.0 0.0 0.0 0.0 1.0 1.0 0.0 0.0 0.0 0.0 1.0 0.0 0.0 255.0 1.0 0.0 0.86 1.0 0.0 0.0 0.0 0.0 0.0
2630.0 147.0 105.0 0.0 0.0 0.0 0.0 0.0 0.0 0.0 0.0 0.0 0.0 0.0 0.0 1.0 1.0 0.0 0.0 0.0 0.0 1.0 0.0 0.0 255.0 1.0 0.0 0.86 0.99 0.0 0.0 0.0 0.0 0.0
0.0 147.0 0.0 0.0 0.0 0.0 0.0 0.0 0.0 0.0 0.0 0.0 0.0 0.0 0.0 3.0 1.0 0.0 0.0 0.0 0.0 0.33 0.67 0.0 255.0 1.0 0.0 0.85 0.99 0.0 0.0 0.0 0.0 0.0
0.0 147.0 0.0 0.0 0.0 0.0 0.0 0.0 0.0 0.0 0.0 0.0 0.0 0.0 0.0 1.0 1.0 0.0 0.0 0.0 0.0 1.0 0.0 0.0 255.0 1.0 0.0 0.86 0.99 0.0 0.0 0.0 0.0 0.0
2630.0 147.0 105.0 0.0 0.0 0.0 0.0 0.0 0.0 0.0 0.0 0.0 0.0 0.0 0.0 1.0 1.0 0.0 0.0 0.0 0.0 1.0 0.0 0.0 255.0 1.0 0.0 0.86 0.99 0.0 0.0 0.0 0.0 0.0
2625.0 147.0 105.0 0.0 0.0 0.0 0.0 0.0 0.0 0.0 0.0 0.0 0.0 0.0 0.0 5.0 2.0 0.0 0.0 0.0 0.0 0.4 0.6 0.0 255.0 2.0 0.01 0.86 0.99 0.0 0.0 0.0 0.0 0.0
2639.0 147.0 105.0 0.0 0.0 0.0 0.0 0.0 0.0 0.0 0.0 0.0 0.0 0.0 0.0 1.0 1.0 0.0 0.0 0.0 0.0 1.0 0.0 0.0 255.0 1.0 0.0 0.86 0.99 0.0 0.0 0.0 0.0 0.0
2630.0 147.0 105.0 0.0 0.0 0.0 0.0 0.0 0.0 0.0 0.0 0.0 0.0 0.0 0.0 1.0 1.0 0.0 0.0 0.0 0.0 1.0 0.0 0.0 255.0 1.0 0.0 0.86 0.99 0.0 0.0 0.0 0.0 0.0
2630.0 147.0 105.0 0.0 0.0 0.0 0.0 0.0 0.0 0.0 0.0 0.0 0.0 0.0 0.0 1.0 1.0 0.0 0.0 0.0 0.0 1.0 0.0 0.0 255.0 1.0 0.0 0.86 0.99 0.0 0.0 0.0 0.0 0.0
2625.0 147.0 105.0 0.0 0.0 0.0 0.0 0.0 0.0 0.0 0.0 0.0 0.0 0.0 0.0 2.0 2.0 0.0 0.0 0.0 0.0 1.0 0.0 0.0 255.0 2.0 0.01 0.86 0.99 0.0 0.0 0.0 0.0 0.0
2639.0 147.0 105.0 0.0 0.0 0.0 0.0 0.0 0.0 0.0 0.0 0.0 0.0 0.0 0.0 1.0 1.0 0.0 0.0 0.0 0.0 1.0 0.0 0.0 255.0 1.0 0.0 0.87 0.99 0.0 0.0 0.0 0.0 0.0
2630.0 147.0 105.0 0.0 0.0 0.0 0.0 0.0 0.0 0.0 0.0 0.0 0.0 0.0 0.0 1.0 1.0 0.0 0.0 0.0 0.0 1.0 0.0 0.0 255.0 1.0 0.0 0.86 0.99 0.0 0.0 0.0 0.0 0.0
0.0 147.0 0.0 0.0 0.0 0.0 0.0 0.0 0.0 0.0 0.0 0.0 0.0 0.0 0.0 3.0 1.0 0.0 0.0 0.0 0.0 0.33 0.67 0.0 255.0 1.0 0.0 0.86 0.99 0.0 0.0 0.0 0.0 0.0
2630.0 147.0 105.0 0.0 0.0 0.0 0.0 0.0 0.0 0.0 0.0 0.0 0.0 0.0 0.0 1.0 1.0 0.0 0.0 0.0 0.0 1.0 0.0 0.0 255.0 1.0 0.0 0.86 0.99 0.0 0.0 0.0 0.0 0.0
2630.0 147.0 105.0 0.0 0.0 0.0 0.0 0.0 0.0 0.0 0.0 0.0 0.0 0.0 0.0 1.0 1.0 0.0 0.0 0.0 0.0 1.0 0.0 0.0 255.0 1.0 0.0 0.85 0.99 0.0 0.0 0.0 0.0 0.0
2620.0 147.0 105.0 0.0 0.0 0.0 0.0 0.0 0.0 0.0 0.0 0.0 0.0 0.0 0.0 5.0 2.0 0.0 0.0 0.0 0.0 0.4 0.6 0.0 255.0 2.0 0.01 0.85 0.99 0.0 0.0 0.0 0.0 0.0
4430.0 147.0 105.0 0.0 0.0 0.0 0.0 0.0 0.0 0.0 0.0 0.0 0.0 0.0 0.0 1.0 1.0 0.0 0.0 0.0 0.0 1.0 0.0 0.0 255.0 1.0 0.0 0.85 0.99 0.0 0.0 0.0 0.0 0.0
2630.0 147.0 105.0 0.0 0.0 0.0 0.0 0.0 0.0 0.0 0.0 0.0 0.0 0.0 0.0 1.0 1.0 0.0 0.0 0.0 0.0 1.0 0.0 0.0 255.0 1.0 0.0 0.85 0.99 0.0 0.0 0.0 0.0 0.0
2620.0 147.0 105.0 0.0 0.0 0.0 0.0 0.0 0.0 0.0 0.0 0.0 0.0 0.0 0.0 5.0 2.0 0.0 0.0 0.0 0.0 0.4 0.6 0.0 255.0 2.0 0.01 0.85 0.99 0.0 0.0 0.0 0.0 0.0
3704.0 147.0 105.0 0.0 0.0 0.0 0.0 0.0 0.0 0.0 0.0 0.0 0.0 0.0 0.0 1.0 1.0 0.0 0.0 0.0 0.0 1.0 0.0 0.0 255.0 1.0 0.0 0.85 0.99 0.0 0.0 0.0 0.0 0.0
2630.0 147.0 105.0 0.0 0.0 0.0 0.0 0.0 0.0 0.0 0.0 0.0 0.0 0.0 0.0 1.0 1.0 0.0 0.0 0.0 0.0 1.0 0.0 0.0 255.0 1.0 0.0 0.85 0.99 0.0 0.0 0.0 0.0 0.0
2620.0 147.0 105.0 0.0 0.0 0.0 0.0 0.0 0.0 0.0 0.0 0.0 0.0 0.0 0.0 4.0 2.0 0.0 0.0 0.0 0.0 0.5 0.5 0.0 255.0 2.0 0.01 0.85 0.99 0.0 0.0 0.0 0.0 0.0
2634.0 147.0 105.0 0.0 0.0 0.0 0.0 0.0 0.0 0.0 0.0 0.0 0.0 0.0 0.0 1.0 1.0 0.0 0.0 0.0 0.0 1.0 0.0 0.0 255.0 1.0 0.0 0.85 0.99 0.0 0.0 0.0 0.0 0.0
2630.0 147.0 105.0 0.0 0.0 0.0 0.0 0.0 0.0 0.0 0.0 0.0 0.0 0.0 0.0 1.0 1.0 0.0 0.0 0.0 0.0 1.0 0.0 0.0 255.0 1.0 0.0 0.85 0.99 0.0 0.0 0.0 0.0 0.0
2838.0 147.0 105.0 0.0 0.0 0.0 0.0 0.0 0.0 0.0 0.0 0.0 0.0 0.0 0.0 1.0 1.0 0.0 0.0 0.0 0.0 1.0 0.0 0.0 255.0 1.0 0.0 0.85 0.99 0.0 0.0 0.0 0.0 0.0
2634.0 147.0 105.0 0.0 0.0 0.0 0.0 0.0 0.0 0.0 0.0 0.0 0.0 0.0 0.0 1.0 1.0 0.0 0.0 0.0 0.0 1.0 0.0 0.0 255.0 1.0 0.0 0.85 0.99 0.0 0.0 0.0 0.0 0.0
2630.0 147.0 105.0 0.0 0.0 0.0 0.0 0.0 0.0 0.0 0.0 0.0 0.0 0.0 0.0 1.0 1.0 0.0 0.0 0.0 0.0 1.0 0.0 0.0 255.0 1.0 0.0 0.85 1.0 0.0 0.0 0.0 0.0 0.0
0.0 146.0 0.0 0.0 0.0 0.0 0.0 0.0 0.0 0.0 0.0 0.0 0.0 0.0 0.0 3.0 1.0 0.0 0.0 0.0 0.0 0.33 0.67 0.0 255.0 1.0 0.0 0.85 1.0 0.0 0.0 0.0 0.0 0.0
2634.0 147.0 105.0 0.0 0.0 0.0 0.0 0.0 0.0 0.0 0.0 0.0 0.0 0.0 0.0 1.0 1.0 0.0 0.0 0.0 0.0 1.0 0.0 0.0 255.0 1.0 0.0 0.85 1.0 0.0 0.0 0.0 0.0 0.0
2630.0 147.0 105.0 0.0 0.0 0.0 0.0 0.0 0.0 0.0 0.0 0.0 0.0 0.0 0.0 1.0 1.0 0.0 0.0 0.0 0.0 1.0 0.0 0.0 255.0 1.0 0.0 0.85 1.0 0.0 0.0 0.0 0.0 0.0
0.0 147.0 0.0 0.0 0.0 0.0 0.0 0.0 0.0 0.0 0.0 0.0 0.0 0.0 0.0 3.0 1.0 0.0 0.0 0.0 0.0 0.33 0.67 0.0 255.0 1.0 0.0 0.85 1.0 0.0 0.0 0.0 0.0 0.0
2634.0 147.0 105.0 0.0 0.0 0.0 0.0 0.0 0.0 0.0 0.0 0.0 0.0 0.0 0.0 1.0 1.0 0.0 0.0 0.0 0.0 1.0 0.0 0.0 255.0 1.0 0.0 0.85 1.0 0.0 0.0 0.0 0.0 0.0
2630.0 147.0 105.0 0.0 0.0 0.0 0.0 0.0 0.0 0.0 0.0 0.0 0.0 0.0 0.0 1.0 1.0 0.0 0.0 0.0 0.0 1.0 0.0 0.0 255.0 1.0 0.0 0.85 1.0 0.0 0.0 0.0 0.0 0.0
2620.0 147.0 105.0 0.0 0.0 0.0 0.0 0.0 0.0 0.0 0.0 0.0 0.0 0.0 0.0 4.0 2.0 0.0 0.0 0.0 0.0 0.5 0.5 0.0 255.0 2.0 0.01 0.85 1.0 0.0 0.0 0.0 0.0 0.0
2630.0 147.0 105.0 0.0 0.0 0.0 0.0 0.0 0.0 0.0 0.0 0.0 0.0 0.0 0.0 1.0 1.0 0.0 0.0 0.0 0.0 1.0 0.0 0.0 255.0 1.0 0.0 0.85 1.0 0.0 0.0 0.0 0.0 0.0
2630.0 147.0 105.0 0.0 0.0 0.0 0.0 0.0 0.0 0.0 0.0 0.0 0.0 0.0 0.0 1.0 1.0 0.0 0.0 0.0 0.0 1.0 0.0 0.0 255.0 1.0 0.0 0.85 1.0 0.0 0.0 0.0 0.0 0.0
2630.0 147.0 105.0 0.0 0.0 0.0 0.0 0.0 0.0 0.0 0.0 0.0 0.0 0.0 0.0 1.0 1.0 0.0 0.0 0.0 0.0 1.0 0.0 0.0 255.0 1.0 0.0 0.85 1.0 0.0 0.0 0.0 0.0 0.0
2620.0 147.0 105.0 0.0 0.0 0.0 0.0 0.0 0.0 0.0 0.0 0.0 0.0 0.0 0.0 4.0 2.0 0.0 0.0 0.0 0.0 0.5 0.5 0.0 255.0 2.0 0.01 0.85 1.0 0.0 0.0 0.0 0.0 0.0
2634.0 147.0 105.0 0.0 0.0 0.0 0.0 0.0 0.0 0.0 0.0 0.0 0.0 0.0 0.0 1.0 1.0 0.0 0.0 0.0 0.0 1.0 0.0 0.0 255.0 1.0 0.0 0.85 1.0 0.0 0.0 0.0 0.0 0.0
2630.0 147.0 105.0 0.0 0.0 0.0 0.0 0.0 0.0 0.0 0.0 0.0 0.0 0.0 0.0 1.0 1.0 0.0 0.0 0.0 0.0 1.0 0.0 0.0 255.0 1.0 0.0 0.85 1.0 0.0 0.0 0.0 0.0 0.0
2630.0 147.0 105.0 0.0 0.0 0.0 0.0 0.0 0.0 0.0 0.0 0.0 0.0 0.0 0.0 1.0 1.0 0.0 0.0 0.0 0.0 1.0 0.0 0.0 255.0 1.0 0.0 0.85 1.0 0.0 0.0 0.0 0.0 0.0
2630.0 147.0 105.0 0.0 0.0 0.0 0.0 0.0 0.0 0.0 0.0 0.0 0.0 0.0 0.0 1.0 1.0 0.0 0.0 0.0 0.0 1.0 0.0 0.0 255.0 1.0 0.0 0.85 1.0 0.0 0.0 0.0 0.0 0.0
2630.0 147.0 105.0 0.0 0.0 0.0 0.0 0.0 0.0 0.0 0.0 0.0 0.0 0.0 0.0 1.0 1.0 0.0 0.0 0.0 0.0 1.0 0.0 0.0 255.0 1.0 0.0 0.85 1.0 0.0 0.0 0.0 0.0 0.0
2630.0 147.0 105.0 0.0 0.0 0.0 0.0 0.0 0.0 0.0 0.0 0.0 0.0 0.0 0.0 1.0 1.0 0.0 0.0 0.0 0.0 1.0 0.0 0.0 255.0 1.0 0.0 0.85 1.0 0.0 0.0 0.0 0.0 0.0
2630.0 147.0 105.0 0.0 0.0 0.0 0.0 0.0 0.0 0.0 0.0 0.0 0.0 0.0 0.0 1.0 1.0 0.0 0.0 0.0 0.0 1.0 0.0 0.0 255.0 1.0 0.0 0.85 1.0 0.0 0.0 0.0 0.0 0.0
2639.0 147.0 105.0 0.0 0.0 0.0 0.0 0.0 0.0 0.0 0.0 0.0 0.0 0.0 0.0 1.0 1.0 0.0 0.0 0.0 0.0 1.0 0.0 0.0 255.0 1.0 0.0 0.86 1.0 0.0 0.0 0.0 0.0 0.0
2630.0 147.0 105.0 0.0 0.0 0.0 0.0 0.0 0.0 0.0 0.0 0.0 0.0 0.0 0.0 1.0 1.0 0.0 0.0 0.0 0.0 1.0 0.0 0.0 255.0 1.0 0.0 0.85 1.0 0.0 0.0 0.0 0.0 0.0
2630.0 147.0 105.0 0.0 0.0 0.0 0.0 0.0 0.0 0.0 0.0 0.0 0.0 0.0 0.0 1.0 1.0 0.0 0.0 0.0 0.0 1.0 0.0 0.0 255.0 1.0 0.0 0.85 1.0 0.0 0.0 0.0 0.0 0.0
0.0 147.0 0.0 0.0 0.0 0.0 0.0 0.0 0.0 0.0 0.0 0.0 0.0 0.0 0.0 3.0 1.0 0.0 0.0 0.0 0.0 0.33 0.67 0.0 255.0 1.0 0.0 0.85 1.0 0.0 0.0 0.0 0.0 0.0
2634.0 147.0 105.0 0.0 0.0 0.0 0.0 0.0 0.0 0.0 0.0 0.0 0.0 0.0 0.0 1.0 1.0 0.0 0.0 0.0 0.0 1.0 0.0 0.0 255.0 1.0 0.0 0.85 1.0 0.0 0.0 0.0 0.0 0.0
2630.0 147.0 105.0 0.0 0.0 0.0 0.0 0.0 0.0 0.0 0.0 0.0 0.0 0.0 0.0 1.0 1.0 0.0 0.0 0.0 0.0 1.0 0.0 0.0 255.0 1.0 0.0 0.85 1.0 0.0 0.0 0.0 0.0 0.0
0.0 147.0 0.0 0.0 0.0 0.0 0.0 0.0 0.0 0.0 0.0 0.0 0.0 0.0 0.0 2.0 1.0 0.0 0.0 0.0 0.0 0.5 1.0 0.0 255.0 1.0 0.0 0.85 1.0 0.0 0.0 0.0 0.0 0.0
2634.0 147.0 105.0 0.0 0.0 0.0 0.0 0.0 0.0 0.0 0.0 0.0 0.0 0.0 0.0 1.0 1.0 0.0 0.0 0.0 0.0 1.0 0.0 0.0 255.0 1.0 0.0 0.85 1.0 0.0 0.0 0.0 0.0 0.0
2630.0 147.0 105.0 0.0 0.0 0.0 0.0 0.0 0.0 0.0 0.0 0.0 0.0 0.0 0.0 1.0 1.0 0.0 0.0 0.0 0.0 1.0 0.0 0.0 255.0 1.0 0.0 0.85 1.0 0.0 0.0 0.0 0.0 0.0
2630.0 147.0 105.0 0.0 0.0 0.0 0.0 0.0 0.0 0.0 0.0 0.0 0.0 0.0 0.0 1.0 1.0 0.0 0.0 0.0 0.0 1.0 0.0 0.0 255.0 1.0 0.0 0.85 1.0 0.0 0.0 0.0 0.0 0.0
2638.0 147.0 105.0 0.0 0.0 0.0 0.0 0.0 0.0 0.0 0.0 0.0 0.0 0.0 0.0 1.0 1.0 0.0 0.0 0.0 0.0 1.0 0.0 0.0 255.0 1.0 0.0 0.85 1.0 0.0 0.0 0.0 0.0 0.0
2630.0 147.0 105.0 0.0 0.0 0.0 0.0 0.0 0.0 0.0 0.0 0.0 0.0 0.0 0.0 1.0 1.0 0.0 0.0 0.0 0.0 1.0 0.0 0.0 255.0 1.0 0.0 0.85 1.0 0.0 0.0 0.0 0.0 0.0
2630.0 147.0 105.0 0.0 0.0 0.0 0.0 0.0 0.0 0.0 0.0 0.0 0.0 0.0 0.0 1.0 1.0 0.0 0.0 0.0 0.0 1.0 0.0 0.0 255.0 1.0 0.0 0.84 1.0 0.0 0.0 0.0 0.0 0.0
2620.0 147.0 105.0 0.0 0.0 0.0 0.0 0.0 0.0 0.0 0.0 0.0 0.0 0.0 0.0 3.0 2.0 0.0 0.0 0.0 0.0 0.67 0.67 0.0 255.0 2.0 0.01 0.84 1.0 0.0 0.0 0.0 0.0 0.0
96.0 147.0 105.0 0.0 0.0 0.0 0.0 0.0 0.0 0.0 0.0 0.0 0.0 0.0 0.0 1.0 1.0 0.0 0.0 0.0 0.0 1.0 0.0 0.0 255.0 2.0 0.01 0.84 1.0 0.0 0.0 0.0 0.0 0.0
2630.0 147.0 105.0 0.0 0.0 0.0 0.0 0.0 0.0 0.0 0.0 0.0 0.0 0.0 0.0 1.0 1.0 0.0 0.0 0.0 0.0 1.0 0.0 0.0 255.0 1.0 0.0 0.84 1.0 0.0 0.0 0.0 0.0 0.0
2639.0 147.0 105.0 0.0 0.0 0.0 0.0 0.0 0.0 0.0 0.0 0.0 0.0 0.0 0.0 1.0 1.0 0.0 0.0 0.0 0.0 1.0 0.0 0.0 255.0 1.0 0.0 0.84 1.0 0.0 0.0 0.0 0.0 0.0
2630.0 147.0 105.0 0.0 0.0 0.0 0.0 0.0 0.0 0.0 0.0 0.0 0.0 0.0 0.0 1.0 1.0 0.0 0.0 0.0 0.0 1.0 0.0 0.0 255.0 1.0 0.0 0.84 1.0 0.0 0.0 0.0 0.0 0.0
2630.0 147.0 105.0 0.0 0.0 0.0 0.0 0.0 0.0 0.0 0.0 0.0 0.0 0.0 0.0 1.0 1.0 0.0 0.0 0.0 0.0 1.0 0.0 0.0 255.0 1.0 0.0 0.84 1.0 0.0 0.0 0.0 0.0 0.0
2638.0 147.0 105.0 0.0 0.0 0.0 0.0 0.0 0.0 0.0 0.0 0.0 0.0 0.0 0.0 1.0 1.0 0.0 0.0 0.0 0.0 1.0 0.0 0.0 255.0 1.0 0.0 0.85 1.0 0.0 0.0 0.0 0.0 0.0
2630.0 147.0 105.0 0.0 0.0 0.0 0.0 0.0 0.0 0.0 0.0 0.0 0.0 0.0 0.0 1.0 1.0 0.0 0.0 0.0 0.0 1.0 0.0 0.0 255.0 1.0 0.0 0.85 1.0 0.0 0.0 0.0 0.0 0.0
2620.0 147.0 105.0 0.0 0.0 0.0 0.0 0.0 0.0 0.0 0.0 0.0 0.0 0.0 0.0 5.0 2.0 0.0 0.0 0.0 0.0 0.4 0.6 0.0 255.0 2.0 0.01 0.84 1.0 0.0 0.0 0.0 0.0 0.0
2634.0 147.0 105.0 0.0 0.0 0.0 0.0 0.0 0.0 0.0 0.0 0.0 0.0 0.0 0.0 1.0 1.0 0.0 0.0 0.0 0.0 1.0 0.0 0.0 255.0 1.0 0.0 0.85 1.0 0.0 0.0 0.0 0.0 0.0
2630.0 147.0 105.0 0.0 0.0 0.0 0.0 0.0 0.0 0.0 0.0 0.0 0.0 0.0 0.0 1.0 1.0 0.0 0.0 0.0 0.0 1.0 0.0 0.0 255.0 1.0 0.0 0.84 1.0 0.0 0.0 0.0 0.0 0.0
0.0 147.0 0.0 0.0 0.0 0.0 0.0 0.0 0.0 0.0 0.0 0.0 0.0 0.0 0.0 1.0 1.0 0.0 0.0 0.0 0.0 1.0 0.0 0.0 255.0 1.0 0.0 0.84 1.0 0.0 0.0 0.0 0.0 0.0
2630.0 147.0 105.0 0.0 0.0 0.0 0.0 0.0 0.0 0.0 0.0 0.0 0.0 0.0 0.0 1.0 1.0 0.0 0.0 0.0 0.0 1.0 0.0 0.0 255.0 1.0 0.0 0.84 1.0 0.0 0.0 0.0 0.0 0.0
2630.0 147.0 105.0 0.0 0.0 0.0 0.0 0.0 0.0 0.0 0.0 0.0 0.0 0.0 0.0 5.0 1.0 0.0 0.0 0.0 0.0 0.2 0.6 0.0 255.0 1.0 0.0 0.84 1.0 0.0 0.0 0.0 0.0 0.0
0.0 147.0 0.0 0.0 0.0 0.0 0.0 0.0 0.0 0.0 0.0 0.0 0.0 0.0 0.0 1.0 1.0 0.0 0.0 0.0 0.0 1.0 0.0 0.0 255.0 1.0 0.0 0.84 1.0 0.0 0.0 0.0 0.0 0.0
2630.0 147.0 105.0 0.0 0.0 0.0 0.0 0.0 0.0 0.0 0.0 0.0 0.0 0.0 0.0 1.0 1.0 0.0 0.0 0.0 0.0 1.0 0.0 0.0 255.0 1.0 0.0 0.84 1.0 0.0 0.0 0.0 0.0 0.0
0.0 147.0 0.0 0.0 0.0 0.0 0.0 0.0 0.0 0.0 0.0 0.0 0.0 0.0 0.0 3.0 1.0 0.0 0.0 0.0 0.0 0.33 0.67 0.0 255.0 1.0 0.0 0.84 1.0 0.0 0.0 0.0 0.0 0.0
2639.0 147.0 105.0 0.0 0.0 0.0 0.0 0.0 0.0 0.0 0.0 0.0 0.0 0.0 0.0 1.0 1.0 0.0 0.0 0.0 0.0 1.0 0.0 0.0 255.0 1.0 0.0 0.84 1.0 0.0 0.0 0.0 0.0 0.0
2630.0 147.0 105.0 0.0 0.0 0.0 0.0 0.0 0.0 0.0 0.0 0.0 0.0 0.0 0.0 1.0 1.0 0.0 0.0 0.0 0.0 1.0 0.0 0.0 255.0 1.0 0.0 0.84 1.0 0.0 0.0 0.0 0.0 0.0
0.0 147.0 0.0 0.0 0.0 0.0 0.0 0.0 0.0 0.0 0.0 0.0 0.0 0.0 0.0 4.0 1.0 0.0 0.0 0.0 0.0 0.25 0.75 0.0 255.0 1.0 0.0 0.85 1.0 0.0 0.0 0.0 0.0 0.0
2630.0 147.0 105.0 0.0 0.0 0.0 0.0 0.0 0.0 0.0 0.0 0.0 0.0 0.0 0.0 1.0 1.0 0.0 0.0 0.0 0.0 1.0 0.0 0.0 255.0 1.0 0.0 0.86 1.0 0.0 0.0 0.0 0.0 0.0
2630.0 147.0 105.0 0.0 0.0 0.0 0.0 0.0 0.0 0.0 0.0 0.0 0.0 0.0 0.0 1.0 1.0 0.0 0.0 0.0 0.0 1.0 0.0 0.0 255.0 1.0 0.0 0.86 1.0 0.0 0.0 0.0 0.0 0.0
5080.0 147.0 105.0 0.0 0.0 0.0 0.0 0.0 0.0 0.0 0.0 0.0 0.0 0.0 0.0 5.0 1.0 0.0 0.0 0.0 0.0 0.2 0.6 0.0 255.0 1.0 0.0 0.85 1.0 0.0 0.0 0.0 0.0 0.0
0.0 147.0 0.0 0.0 0.0 0.0 0.0 0.0 0.0 0.0 0.0 0.0 0.0 0.0 0.0 1.0 1.0 0.0 0.0 0.0 0.0 1.0 0.0 0.0 255.0 1.0 0.0 0.86 1.0 0.0 0.0 0.0 0.0 0.0
