0.0 0.0 0.0 0.0 0.0 0.0 0.0 0.0 0.0 0.0 0.0 0.0 0.0 0.0 0.0 240.0 6.0 0.0 0.0 1.0 1.0 0.03 0.07 0.0 255.0 6.0 0.02 0.07 0.0 0.0 0.0 0.0 1.0 1.0
0.0 0.0 0.0 0.0 0.0 0.0 0.0 0.0 0.0 0.0 0.0 0.0 0.0 0.0 0.0 249.0 11.0 0.0 0.0 1.0 1.0 0.04 0.06 0.0 255.0 11.0 0.04 0.07 0.0 0.0 0.0 0.0 1.0 1.0
0.0 0.0 0.0 0.0 0.0 0.0 0.0 0.0 0.0 0.0 0.0 0.0 0.0 0.0 0.0 110.0 8.0 0.0 0.0 1.0 1.0 0.07 0.06 0.0 255.0 7.0 0.03 0.07 0.0 0.0 0.0 0.0 1.0 1.0
0.0 0.0 0.0 0.0 0.0 0.0 0.0 0.0 0.0 0.0 0.0 0.0 0.0 0.0 0.0 268.0 6.0 0.0 0.0 1.0 1.0 0.02 0.06 0.0 255.0 6.0 0.02 0.07 0.0 0.0 0.0 0.0 1.0 1.0
0.0 0.0 0.0 0.0 0.0 0.0 0.0 0.0 0.0 0.0 0.0 0.0 0.0 0.0 0.0 277.0 11.0 0.0 0.0 1.0 1.0 0.04 0.06 0.0 255.0 11.0 0.04 0.07 0.0 0.0 0.0 0.0 1.0 1.0
0.0 0.0 0.0 0.0 0.0 0.0 0.0 0.0 0.0 0.0 0.0 0.0 0.0 0.0 0.0 286.0 18.0 0.0 0.0 1.0 1.0 0.06 0.06 0.0 255.0 18.0 0.07 0.07 0.0 0.0 0.0 0.0 1.0 1.0
0.0 0.0 0.0 0.0 0.0 0.0 0.0 0.0 0.0 0.0 0.0 0.0 0.0 0.0 0.0 295.0 20.0 0.0 0.0 1.0 1.0 0.07 0.06 0.0 255.0 20.0 0.08 0.07 0.0 0.0 0.0 0.0 1.0 1.0
0.0 0.0 0.0 0.0 0.0 0.0 0.0 0.0 0.0 0.0 0.0 0.0 0.0 0.0 0.0 204.0 4.0 0.0 0.0 1.0 1.0 0.02 0.07 0.0 255.0 4.0 0.02 0.08 0.0 0.0 0.0 0.0 1.0 1.0
0.0 0.0 0.0 0.0 0.0 0.0 0.0 0.0 0.0 0.0 0.0 0.0 0.0 0.0 0.0 213.0 7.0 0.0 0.0 1.0 1.0 0.03 0.07 0.0 255.0 7.0 0.03 0.08 0.0 0.0 0.0 0.0 1.0 1.0
0.0 0.0 0.0 0.0 0.0 0.0 0.0 0.0 0.0 0.0 0.0 0.0 0.0 0.0 0.0 222.0 12.0 0.0 0.0 1.0 1.0 0.05 0.06 0.0 255.0 12.0 0.05 0.08 0.0 0.0 0.0 0.0 1.0 1.0
0.0 0.0 0.0 0.0 0.0 0.0 0.0 0.0 0.0 0.0 0.0 0.0 0.0 0.0 0.0 231.0 14.0 0.0 0.0 1.0 1.0 0.06 0.07 0.0 255.0 14.0 0.05 0.08 0.0 0.0 0.0 0.0 1.0 1.0
0.0 0.0 0.0 0.0 0.0 0.0 0.0 0.0 0.0 0.0 0.0 0.0 0.0 0.0 0.0 240.0 10.0 0.0 0.0 1.0 1.0 0.04 0.07 0.0 255.0 10.0 0.04 0.07 0.0 0.0 0.0 0.0 1.0 1.0
0.0 0.0 0.0 0.0 0.0 0.0 0.0 0.0 0.0 0.0 0.0 0.0 0.0 0.0 0.0 249.0 15.0 0.0 0.0 1.0 1.0 0.06 0.07 0.0 255.0 15.0 0.06 0.08 0.0 0.0 0.0 0.0 1.0 1.0
0.0 0.0 0.0 0.0 0.0 0.0 0.0 0.0 0.0 0.0 0.0 0.0 0.0 0.0 0.0 70.0 17.0 0.0 0.0 1.0 1.0 0.24 0.07 0.0 255.0 16.0 0.06 0.08 0.0 0.0 0.0 0.0 1.0 1.0
0.0 0.0 0.0 0.0 0.0 0.0 0.0 0.0 0.0 0.0 0.0 0.0 0.0 0.0 0.0 268.0 5.0 0.0 0.0 1.0 1.0 0.02 0.06 0.0 255.0 5.0 0.02 0.08 0.0 0.0 0.0 0.0 1.0 1.0
0.0 0.0 0.0 0.0 0.0 0.0 0.0 0.0 0.0 0.0 0.0 0.0 0.0 0.0 0.0 277.0 10.0 0.0 0.0 1.0 1.0 0.04 0.06 0.0 255.0 10.0 0.04 0.08 0.0 0.0 0.0 0.0 1.0 1.0
0.0 0.0 0.0 0.0 0.0 0.0 0.0 0.0 0.0 0.0 0.0 0.0 0.0 0.0 0.0 286.0 14.0 0.0 0.0 1.0 1.0 0.05 0.06 0.0 255.0 14.0 0.05 0.07 0.0 0.0 0.0 0.0 1.0 1.0
0.0 0.0 0.0 0.0 0.0 0.0 0.0 0.0 0.0 0.0 0.0 0.0 0.0 0.0 0.0 295.0 19.0 0.0 0.0 1.0 1.0 0.06 0.06 0.0 255.0 19.0 0.07 0.07 0.0 0.0 0.0 0.0 1.0 1.0
0.0 0.0 0.0 0.0 0.0 0.0 0.0 0.0 0.0 0.0 0.0 0.0 0.0 0.0 0.0 204.0 2.0 0.0 0.0 1.0 1.0 0.01 0.07 0.0 255.0 2.0 0.01 0.08 0.0 0.0 0.0 0.0 1.0 1.0
0.0 0.0 0.0 0.0 0.0 0.0 0.0 0.0 0.0 0.0 0.0 0.0 0.0 0.0 0.0 213.0 16.0 0.0 0.0 1.0 1.0 0.08 0.07 0.0 255.0 16.0 0.06 0.08 0.0 0.0 0.0 0.0 1.0 1.0
0.0 0.0 0.0 0.0 0.0 0.0 0.0 0.0 0.0 0.0 0.0 0.0 0.0 0.0 0.0 222.0 3.0 0.0 0.0 1.0 1.0 0.01 0.07 0.0 255.0 3.0 0.01 0.08 0.0 0.0 0.0 0.0 1.0 1.0
0.0 0.0 0.0 0.0 0.0 0.0 0.0 0.0 0.0 0.0 0.0 0.0 0.0 0.0 0.0 231.0 4.0 0.0 0.0 1.0 1.0 0.02 0.07 0.0 255.0 4.0 0.02 0.08 0.0 0.0 0.0 0.0 1.0 1.0
0.0 0.0 0.0 0.0 0.0 0.0 0.0 0.0 0.0 0.0 0.0 0.0 0.0 0.0 0.0 240.0 14.0 0.0 0.0 1.0 1.0 0.06 0.07 0.0 255.0 14.0 0.05 0.07 0.0 0.0 0.0 0.0 1.0 1.0
0.0 0.0 0.0 0.0 0.0 0.0 0.0 0.0 0.0 0.0 0.0 0.0 0.0 0.0 0.0 249.0 1.0 0.0 0.0 1.0 1.0 0.0 0.07 0.0 255.0 1.0 0.0 0.08 0.0 0.0 0.0 0.0 1.0 1.0
0.0 0.0 0.0 0.0 0.0 0.0 0.0 0.0 0.0 0.0 0.0 0.0 0.0 0.0 0.0 80.0 11.0 0.0 0.0 1.0 1.0 0.14 0.06 0.0 255.0 11.0 0.04 0.07 0.0 0.0 0.0 0.0 1.0 1.0
0.0 0.0 0.0 0.0 0.0 0.0 0.0 0.0 0.0 0.0 0.0 0.0 0.0 0.0 0.0 268.0 10.0 0.0 0.0 1.0 1.0 0.04 0.06 0.0 255.0 10.0 0.04 0.07 0.0 0.0 0.0 0.0 1.0 1.0
0.0 0.0 0.0 0.0 0.0 0.0 0.0 0.0 0.0 0.0 0.0 0.0 0.0 0.0 0.0 277.0 15.0 0.0 0.0 1.0 1.0 0.05 0.06 0.0 255.0 15.0 0.06 0.07 0.0 0.0 0.0 0.0 1.0 1.0
0.0 0.0 0.0 0.0 0.0 0.0 0.0 0.0 0.0 0.0 0.0 0.0 0.0 0.0 0.0 286.0 15.0 0.0 0.0 1.0 1.0 0.05 0.06 0.0 255.0 15.0 0.06 0.07 0.0 0.0 0.0 0.0 1.0 1.0
0.0 0.0 0.0 0.0 0.0 0.0 0.0 0.0 0.0 0.0 0.0 0.0 0.0 0.0 0.0 295.0 20.0 0.0 0.0 1.0 1.0 0.07 0.06 0.0 255.0 20.0 0.08 0.07 0.0 0.0 0.0 0.0 1.0 1.0
0.0 0.0 0.0 0.0 0.0 0.0 0.0 0.0 0.0 0.0 0.0 0.0 0.0 0.0 0.0 206.0 4.0 0.0 0.0 1.0 1.0 0.02 0.07 0.0 255.0 4.0 0.02 0.08 0.0 0.0 0.0 0.0 1.0 1.0
0.0 0.0 0.0 0.0 0.0 0.0 0.0 0.0 0.0 0.0 0.0 0.0 0.0 0.0 0.0 215.0 7.0 0.0 0.0 1.0 1.0 0.03 0.07 0.0 255.0 7.0 0.03 0.08 0.0 0.0 0.0 0.0 1.0 1.0
0.0 0.0 0.0 0.0 0.0 0.0 0.0 0.0 0.0 0.0 0.0 0.0 0.0 0.0 0.0 224.0 12.0 0.0 0.0 1.0 1.0 0.05 0.06 0.0 255.0 12.0 0.05 0.08 0.0 0.0 0.0 0.0 1.0 1.0
0.0 0.0 0.0 0.0 0.0 0.0 0.0 0.0 0.0 0.0 0.0 0.0 0.0 0.0 0.0 233.0 6.0 0.0 0.0 1.0 1.0 0.03 0.06 0.0 255.0 6.0 0.02 0.07 0.0 0.0 0.0 0.0 1.0 1.0
0.0 0.0 0.0 0.0 0.0 0.0 0.0 0.0 0.0 0.0 0.0 0.0 0.0 0.0 0.0 242.0 11.0 0.0 0.0 1.0 1.0 0.05 0.06 0.0 255.0 11.0 0.04 0.07 0.0 0.0 0.0 0.0 1.0 1.0
0.0 0.0 0.0 0.0 0.0 0.0 0.0 0.0 0.0 0.0 0.0 0.0 0.0 0.0 0.0 251.0 3.0 0.0 0.0 1.0 1.0 0.01 0.06 0.0 255.0 3.0 0.01 0.07 0.0 0.0 0.0 0.0 1.0 1.0
0.0 0.0 0.0 0.0 0.0 0.0 0.0 0.0 0.0 0.0 0.0 0.0 0.0 0.0 0.0 90.0 19.0 0.0 0.0 1.0 1.0 0.21 0.06 0.0 255.0 18.0 0.07 0.07 0.0 0.0 0.0 0.0 1.0 1.0
0.0 0.0 0.0 0.0 0.0 0.0 0.0 0.0 0.0 0.0 0.0 0.0 0.0 0.0 0.0 270.0 5.0 0.0 0.0 1.0 1.0 0.02 0.06 0.0 255.0 5.0 0.02 0.07 0.0 0.0 0.0 0.0 1.0 1.0
0.0 0.0 0.0 0.0 0.0 0.0 0.0 0.0 0.0 0.0 0.0 0.0 0.0 0.0 0.0 279.0 10.0 0.0 0.0 1.0 1.0 0.04 0.06 0.0 255.0 10.0 0.04 0.07 0.0 0.0 0.0 0.0 1.0 1.0
0.0 0.0 0.0 0.0 0.0 0.0 0.0 0.0 0.0 0.0 0.0 0.0 0.0 0.0 0.0 289.0 15.0 0.0 0.0 1.0 1.0 0.05 0.06 0.0 255.0 15.0 0.06 0.07 0.0 0.0 0.0 0.0 1.0 1.0
0.0 0.0 0.0 0.0 0.0 0.0 0.0 0.0 0.0 0.0 0.0 0.0 0.0 0.0 0.0 298.0 19.0 0.0 0.0 1.0 1.0 0.06 0.06 0.0 255.0 19.0 0.07 0.07 0.0 0.0 0.0 0.0 1.0 1.0
0.0 0.0 0.0 0.0 0.0 0.0 0.0 0.0 0.0 0.0 0.0 0.0 0.0 0.0 0.0 207.0 3.0 0.0 0.0 1.0 1.0 0.01 0.07 0.0 255.0 3.0 0.01 0.08 0.0 0.0 0.0 0.0 1.0 1.0
0.0 0.0 0.0 0.0 0.0 0.0 0.0 0.0 0.0 0.0 0.0 0.0 0.0 0.0 0.0 216.0 7.0 0.0 0.0 1.0 1.0 0.03 0.07 0.0 255.0 7.0 0.03 0.08 0.0 0.0 0.0 0.0 1.0 1.0
0.0 0.0 0.0 0.0 0.0 0.0 0.0 0.0 0.0 0.0 0.0 0.0 0.0 0.0 0.0 225.0 11.0 0.0 0.0 1.0 1.0 0.05 0.07 0.0 255.0 11.0 0.04 0.08 0.0 0.0 0.0 0.0 1.0 1.0
0.0 0.0 0.0 0.0 0.0 0.0 0.0 0.0 0.0 0.0 0.0 0.0 0.0 0.0 0.0 234.0 11.0 0.0 0.0 1.0 1.0 0.05 0.07 0.0 255.0 11.0 0.04 0.07 0.0 0.0 0.0 0.0 1.0 1.0
0.0 0.0 0.0 0.0 0.0 0.0 0.0 0.0 0.0 0.0 0.0 0.0 0.0 0.0 0.0 243.0 16.0 0.0 0.0 1.0 1.0 0.07 0.07 0.0 255.0 16.0 0.06 0.07 0.0 0.0 0.0 0.0 1.0 1.0
0.0 0.0 0.0 0.0 0.0 0.0 0.0 0.0 0.0 0.0 0.0 0.0 0.0 0.0 0.0 252.0 13.0 0.0 0.0 1.0 1.0 0.05 0.07 0.0 255.0 13.0 0.05 0.08 0.0 0.0 0.0 0.0 1.0 1.0
0.0 0.0 0.0 0.0 0.0 0.0 0.0 0.0 0.0 0.0 0.0 0.0 0.0 0.0 0.0 261.0 18.0 0.0 0.0 1.0 1.0 0.07 0.07 0.0 255.0 18.0 0.07 0.08 0.0 0.0 0.0 0.0 1.0 1.0
0.0 0.0 0.0 0.0 0.0 0.0 0.0 0.0 0.0 0.0 0.0 0.0 0.0 0.0 0.0 67.0 8.0 0.0 0.0 1.0 1.0 0.12 0.06 0.0 255.0 8.0 0.03 0.08 0.0 0.0 0.0 0.0 1.0 1.0
0.0 0.0 0.0 0.0 0.0 0.0 0.0 0.0 0.0 0.0 0.0 0.0 0.0 0.0 0.0 280.0 10.0 0.0 0.0 1.0 1.0 0.04 0.06 0.0 255.0 10.0 0.04 0.08 0.0 0.0 0.0 0.0 1.0 1.0
0.0 0.0 0.0 0.0 0.0 0.0 0.0 0.0 0.0 0.0 0.0 0.0 0.0 0.0 0.0 289.0 15.0 0.0 0.0 1.0 1.0 0.05 0.06 0.0 255.0 15.0 0.06 0.08 0.0 0.0 0.0 0.0 1.0 1.0
0.0 0.0 0.0 0.0 0.0 0.0 0.0 0.0 0.0 0.0 0.0 0.0 0.0 0.0 0.0 298.0 20.0 0.0 0.0 1.0 1.0 0.07 0.06 0.0 255.0 20.0 0.08 0.07 0.0 0.0 0.0 0.0 1.0 1.0
0.0 0.0 0.0 0.0 0.0 0.0 0.0 0.0 0.0 0.0 0.0 0.0 0.0 0.0 0.0 207.0 3.0 0.0 0.0 1.0 1.0 0.01 0.07 0.0 255.0 3.0 0.01 0.08 0.0 0.0 0.0 0.0 1.0 1.0
0.0 0.0 0.0 0.0 0.0 0.0 0.0 0.0 0.0 0.0 0.0 0.0 0.0 0.0 0.0 216.0 9.0 0.0 0.0 1.0 1.0 0.04 0.06 0.0 255.0 9.0 0.04 0.08 0.0 0.0 0.0 0.0 1.0 1.0
0.0 0.0 0.0 0.0 0.0 0.0 0.0 0.0 0.0 0.0 0.0 0.0 0.0 0.0 0.0 225.0 1.0 0.0 0.0 1.0 1.0 0.0 0.07 0.0 255.0 1.0 0.0 0.08 0.0 0.0 0.0 0.0 1.0 1.0
0.0 0.0 0.0 0.0 0.0 0.0 0.0 0.0 0.0 0.0 0.0 0.0 0.0 0.0 0.0 234.0 14.0 0.0 0.0 1.0 1.0 0.06 0.07 0.0 255.0 14.0 0.05 0.07 0.0 0.0 0.0 0.0 1.0 1.0
0.0 0.0 0.0 0.0 0.0 0.0 0.0 0.0 0.0 0.0 0.0 0.0 0.0 0.0 0.0 243.0 19.0 0.0 0.0 1.0 1.0 0.08 0.07 0.0 255.0 19.0 0.07 0.07 0.0 0.0 0.0 0.0 1.0 1.0
0.0 0.0 0.0 0.0 0.0 0.0 0.0 0.0 0.0 0.0 0.0 0.0 0.0 0.0 0.0 252.0 11.0 0.0 0.0 1.0 1.0 0.04 0.07 0.0 255.0 11.0 0.04 0.08 0.0 0.0 0.0 0.0 1.0 1.0
0.0 0.0 0.0 0.0 0.0 0.0 0.0 0.0 0.0 0.0 0.0 0.0 0.0 0.0 0.0 261.0 16.0 0.0 0.0 1.0 1.0 0.06 0.07 0.0 255.0 16.0 0.06 0.08 0.0 0.0 0.0 0.0 1.0 1.0
0.0 0.0 0.0 0.0 0.0 0.0 0.0 0.0 0.0 0.0 0.0 0.0 0.0 0.0 0.0 77.0 1.0 0.0 0.0 1.0 1.0 0.01 0.06 0.0 255.0 1.0 0.0 0.08 0.0 0.0 0.0 0.0 1.0 1.0
0.0 0.0 0.0 0.0 0.0 0.0 0.0 0.0 0.0 0.0 0.0 0.0 0.0 0.0 0.0 280.0 12.0 0.0 0.0 1.0 1.0 0.04 0.06 0.0 255.0 12.0 0.05 0.08 0.0 0.0 0.0 0.0 1.0 1.0
0.0 0.0 0.0 0.0 0.0 0.0 0.0 0.0 0.0 0.0 0.0 0.0 0.0 0.0 0.0 289.0 16.0 0.0 0.0 1.0 1.0 0.06 0.06 0.0 255.0 16.0 0.06 0.08 0.0 0.0 0.0 0.0 1.0 1.0
0.0 0.0 0.0 0.0 0.0 0.0 0.0 0.0 0.0 0.0 0.0 0.0 0.0 0.0 0.0 298.0 20.0 0.0 0.0 1.0 1.0 0.07 0.06 0.0 255.0 20.0 0.08 0.07 0.0 0.0 0.0 0.0 1.0 1.0
0.0 0.0 0.0 0.0 0.0 0.0 0.0 0.0 0.0 0.0 0.0 0.0 0.0 0.0 0.0 207.0 3.0 0.0 0.0 1.0 1.0 0.01 0.07 0.0 255.0 3.0 0.01 0.08 0.0 0.0 0.0 0.0 1.0 1.0
0.0 0.0 0.0 0.0 0.0 0.0 0.0 0.0 0.0 0.0 0.0 0.0 0.0 0.0 0.0 216.0 8.0 0.0 0.0 1.0 1.0 0.04 0.07 0.0 255.0 8.0 0.03 0.08 0.0 0.0 0.0 0.0 1.0 1.0
0.0 0.0 0.0 0.0 0.0 0.0 0.0 0.0 0.0 0.0 0.0 0.0 0.0 0.0 0.0 225.0 11.0 0.0 0.0 1.0 1.0 0.05 0.07 0.0 255.0 11.0 0.04 0.08 0.0 0.0 0.0 0.0 1.0 1.0
0.0 0.0 0.0 0.0 0.0 0.0 0.0 0.0 0.0 0.0 0.0 0.0 0.0 0.0 0.0 234.0 6.0 0.0 0.0 1.0 1.0 0.03 0.07 0.0 255.0 6.0 0.02 0.07 0.0 0.0 0.0 0.0 1.0 1.0
0.0 0.0 0.0 0.0 0.0 0.0 0.0 0.0 0.0 0.0 0.0 0.0 0.0 0.0 0.0 243.0 17.0 0.0 0.0 1.0 1.0 0.07 0.07 0.0 255.0 17.0 0.07 0.07 0.0 0.0 0.0 0.0 1.0 1.0
0.0 0.0 0.0 0.0 0.0 0.0 0.0 0.0 0.0 0.0 0.0 0.0 0.0 0.0 0.0 252.0 3.0 0.0 0.0 1.0 1.0 0.01 0.07 0.0 255.0 3.0 0.01 0.07 0.0 0.0 0.0 0.0 1.0 1.0
0.0 0.0 0.0 0.0 0.0 0.0 0.0 0.0 0.0 0.0 0.0 0.0 0.0 0.0 0.0 261.0 19.0 0.0 0.0 1.0 1.0 0.07 0.07 0.0 255.0 19.0 0.07 0.07 0.0 0.0 0.0 0.0 1.0 1.0
0.0 0.0 0.0 0.0 0.0 0.0 0.0 0.0 0.0 0.0 0.0 0.0 0.0 0.0 0.0 87.0 8.0 0.0 0.0 1.0 1.0 0.09 0.06 0.0 255.0 8.0 0.03 0.07 0.0 0.0 0.0 0.0 1.0 1.0
0.0 0.0 0.0 0.0 0.0 0.0 0.0 0.0 0.0 0.0 0.0 0.0 0.0 0.0 0.0 280.0 12.0 0.0 0.0 1.0 1.0 0.04 0.06 0.0 255.0 12.0 0.05 0.07 0.0 0.0 0.0 0.0 1.0 1.0
0.0 0.0 0.0 0.0 0.0 0.0 0.0 0.0 0.0 0.0 0.0 0.0 0.0 0.0 0.0 289.0 17.0 0.0 0.0 1.0 1.0 0.06 0.06 0.0 255.0 17.0 0.07 0.07 0.0 0.0 0.0 0.0 1.0 1.0
0.0 0.0 0.0 0.0 0.0 0.0 0.0 0.0 0.0 0.0 0.0 0.0 0.0 0.0 0.0 298.0 20.0 0.0 0.0 1.0 1.0 0.07 0.06 0.0 255.0 20.0 0.08 0.07 0.0 0.0 0.0 0.0 1.0 1.0
0.0 0.0 0.0 0.0 0.0 0.0 0.0 0.0 0.0 0.0 0.0 0.0 0.0 0.0 0.0 207.0 4.0 0.0 0.0 1.0 1.0 0.02 0.07 0.0 255.0 4.0 0.02 0.08 0.0 0.0 0.0 0.0 1.0 1.0
0.0 0.0 0.0 0.0 0.0 0.0 0.0 0.0 0.0 0.0 0.0 0.0 0.0 0.0 0.0 216.0 9.0 0.0 0.0 1.0 1.0 0.04 0.07 0.0 255.0 9.0 0.04 0.08 0.0 0.0 0.0 0.0 1.0 1.0
0.0 0.0 0.0 0.0 0.0 0.0 0.0 0.0 0.0 0.0 0.0 0.0 0.0 0.0 0.0 225.0 1.0 0.0 0.0 1.0 1.0 0.0 0.07 0.0 255.0 1.0 0.0 0.08 0.0 0.0 0.0 0.0 1.0 1.0
0.0 0.0 0.0 0.0 0.0 0.0 0.0 0.0 0.0 0.0 0.0 0.0 0.0 0.0 0.0 234.0 16.0 0.0 0.0 1.0 1.0 0.07 0.07 0.0 255.0 16.0 0.06 0.07 0.0 0.0 0.0 0.0 1.0 1.0
0.0 0.0 0.0 0.0 0.0 0.0 0.0 0.0 0.0 0.0 0.0 0.0 0.0 0.0 0.0 243.0 8.0 0.0 0.0 1.0 1.0 0.03 0.07 0.0 255.0 8.0 0.03 0.07 0.0 0.0 0.0 0.0 1.0 1.0
0.0 0.0 0.0 0.0 0.0 0.0 0.0 0.0 0.0 0.0 0.0 0.0 0.0 0.0 0.0 252.0 13.0 0.0 0.0 1.0 1.0 0.05 0.07 0.0 255.0 13.0 0.05 0.08 0.0 0.0 0.0 0.0 1.0 1.0
0.0 0.0 0.0 0.0 0.0 0.0 0.0 0.0 0.0 0.0 0.0 0.0 0.0 0.0 0.0 261.0 9.0 0.0 0.0 1.0 1.0 0.03 0.07 0.0 255.0 9.0 0.04 0.08 0.0 0.0 0.0 0.0 1.0 1.0
0.0 0.0 0.0 0.0 0.0 0.0 0.0 0.0 0.0 0.0 0.0 0.0 0.0 0.0 0.0 68.0 5.0 0.0 0.0 1.0 1.0 0.07 0.07 0.0 255.0 5.0 0.02 0.08 0.0 0.0 0.0 0.0 1.0 1.0
0.0 0.0 0.0 0.0 0.0 0.0 0.0 0.0 0.0 0.0 0.0 0.0 0.0 0.0 0.0 280.0 19.0 0.0 0.0 1.0 1.0 0.07 0.06 0.0 255.0 19.0 0.07 0.08 0.0 0.0 0.0 0.0 1.0 1.0
0.0 0.0 0.0 0.0 0.0 0.0 0.0 0.0 0.0 0.0 0.0 0.0 0.0 0.0 0.0 289.0 16.0 0.0 0.0 1.0 1.0 0.06 0.06 0.0 255.0 16.0 0.06 0.08 0.0 0.0 0.0 0.0 1.0 1.0
0.0 0.0 0.0 0.0 0.0 0.0 0.0 0.0 0.0 0.0 0.0 0.0 0.0 0.0 0.0 298.0 20.0 0.0 0.0 1.0 1.0 0.07 0.06 0.0 255.0 20.0 0.08 0.08 0.0 0.0 0.0 0.0 1.0 1.0
0.0 0.0 0.0 0.0 0.0 0.0 0.0 0.0 0.0 0.0 0.0 0.0 0.0 0.0 0.0 207.0 5.0 0.0 0.0 1.0 1.0 0.02 0.07 0.0 255.0 5.0 0.02 0.09 0.0 0.0 0.0 0.0 1.0 1.0
0.0 0.0 0.0 0.0 0.0 0.0 0.0 0.0 0.0 0.0 0.0 0.0 0.0 0.0 0.0 216.0 10.0 0.0 0.0 1.0 1.0 0.05 0.07 0.0 255.0 10.0 0.04 0.09 0.0 0.0 0.0 0.0 1.0 1.0
0.0 0.0 0.0 0.0 0.0 0.0 0.0 0.0 0.0 0.0 0.0 0.0 0.0 0.0 0.0 225.0 11.0 0.0 0.0 1.0 1.0 0.05 0.07 0.0 255.0 11.0 0.04 0.09 0.0 0.0 0.0 0.0 1.0 1.0
0.0 0.0 0.0 0.0 0.0 0.0 0.0 0.0 0.0 0.0 0.0 0.0 0.0 0.0 0.0 234.0 14.0 0.0 0.0 1.0 1.0 0.06 0.07 0.0 255.0 14.0 0.05 0.07 0.0 0.0 0.0 0.0 1.0 1.0
0.0 0.0 0.0 0.0 0.0 0.0 0.0 0.0 0.0 0.0 0.0 0.0 0.0 0.0 0.0 243.0 19.0 0.0 0.0 1.0 1.0 0.08 0.07 0.0 255.0 19.0 0.07 0.07 0.0 0.0 0.0 0.0 1.0 1.0
0.0 0.0 0.0 0.0 0.0 0.0 0.0 0.0 0.0 0.0 0.0 0.0 0.0 0.0 0.0 252.0 15.0 0.0 0.0 1.0 1.0 0.06 0.07 0.0 255.0 15.0 0.06 0.07 0.0 0.0 0.0 0.0 1.0 1.0
0.0 0.0 0.0 0.0 0.0 0.0 0.0 0.0 0.0 0.0 0.0 0.0 0.0 0.0 0.0 261.0 20.0 0.0 0.0 1.0 1.0 0.08 0.07 0.0 255.0 20.0 0.08 0.07 0.0 0.0 0.0 0.0 1.0 1.0
0.0 0.0 0.0 0.0 0.0 0.0 0.0 0.0 0.0 0.0 0.0 0.0 0.0 0.0 0.0 78.0 16.0 0.0 0.0 1.0 1.0 0.21 0.06 0.0 255.0 12.0 0.05 0.07 0.0 0.0 0.0 0.0 1.0 1.0
0.0 0.0 0.0 0.0 0.0 0.0 0.0 0.0 0.0 0.0 0.0 0.0 0.0 0.0 0.0 280.0 11.0 0.0 0.0 1.0 1.0 0.04 0.06 0.0 255.0 11.0 0.04 0.07 0.0 0.0 0.0 0.0 1.0 1.0
0.0 0.0 0.0 0.0 0.0 0.0 0.0 0.0 0.0 0.0 0.0 0.0 0.0 0.0 0.0 289.0 16.0 0.0 0.0 1.0 1.0 0.06 0.06 0.0 255.0 16.0 0.06 0.07 0.0 0.0 0.0 0.0 1.0 1.0
0.0 0.0 0.0 0.0 0.0 0.0 0.0 0.0 0.0 0.0 0.0 0.0 0.0 0.0 0.0 298.0 20.0 0.0 0.0 1.0 1.0 0.07 0.06 0.0 255.0 20.0 0.08 0.07 0.0 0.0 0.0 0.0 1.0 1.0
0.0 0.0 0.0 0.0 0.0 0.0 0.0 0.0 0.0 0.0 0.0 0.0 0.0 0.0 0.0 209.0 4.0 0.0 0.0 1.0 1.0 0.02 0.07 0.0 255.0 4.0 0.02 0.08 0.0 0.0 0.0 0.0 1.0 1.0
0.0 0.0 0.0 0.0 0.0 0.0 0.0 0.0 0.0 0.0 0.0 0.0 0.0 0.0 0.0 218.0 9.0 0.0 0.0 1.0 1.0 0.04 0.07 0.0 255.0 9.0 0.04 0.08 0.0 0.0 0.0 0.0 1.0 1.0
0.0 0.0 0.0 0.0 0.0 0.0 0.0 0.0 0.0 0.0 0.0 0.0 0.0 0.0 0.0 227.0 1.0 0.0 0.0 1.0 1.0 0.0 0.07 0.0 255.0 1.0 0.0 0.09 0.0 0.0 0.0 0.0 1.0 1.0
0.0 0.0 0.0 0.0 0.0 0.0 0.0 0.0 0.0 0.0 0.0 0.0 0.0 0.0 0.0 236.0 7.0 0.0 0.0 1.0 1.0 0.03 0.07 0.0 255.0 7.0 0.03 0.07 0.0 0.0 0.0 0.0 1.0 1.0
0.0 0.0 0.0 0.0 0.0 0.0 0.0 0.0 0.0 0.0 0.0 0.0 0.0 0.0 0.0 245.0 19.0 0.0 0.0 1.0 1.0 0.08 0.07 0.0 255.0 19.0 0.07 0.08 0.0 0.0 0.0 0.0 1.0 1.0
0.0 0.0 0.0 0.0 0.0 0.0 0.0 0.0 0.0 0.0 0.0 0.0 0.0 0.0 0.0 254.0 4.0 0.0 0.0 1.0 1.0 0.02 0.07 0.0 255.0 4.0 0.02 0.08 0.0 0.0 0.0 0.0 1.0 1.0
0.0 0.0 0.0 0.0 0.0 0.0 0.0 0.0 0.0 0.0 0.0 0.0 0.0 0.0 0.0 263.0 20.0 0.0 0.0 1.0 1.0 0.08 0.06 0.0 255.0 20.0 0.08 0.08 0.0 0.0 0.0 0.0 1.0 1.0
0.0 0.0 0.0 0.0 0.0 0.0 0.0 0.0 0.0 0.0 0.0 0.0 0.0 0.0 0.0 59.0 2.0 0.0 0.0 1.0 1.0 0.03 0.1 0.0 255.0 2.0 0.01 0.08 0.0 0.0 0.0 0.0 1.0 1.0
0.0 0.0 0.0 0.0 0.0 0.0 0.0 0.0 0.0 0.0 0.0 0.0 0.0 0.0 0.0 282.0 18.0 0.0 0.0 1.0 1.0 0.06 0.06 0.0 255.0 18.0 0.07 0.08 0.0 0.0 0.0 0.0 1.0 1.0
0.0 0.0 0.0 0.0 0.0 0.0 0.0 0.0 0.0 0.0 0.0 0.0 0.0 0.0 0.0 291.0 15.0 0.0 0.0 1.0 1.0 0.05 0.06 0.0 255.0 15.0 0.06 0.08 0.0 0.0 0.0 0.0 1.0 1.0
0.0 0.0 0.0 0.0 0.0 0.0 0.0 0.0 0.0 0.0 0.0 0.0 0.0 0.0 0.0 300.0 20.0 0.0 0.0 1.0 1.0 0.07 0.06 0.0 255.0 20.0 0.08 0.08 0.0 0.0 0.0 0.0 1.0 1.0
0.0 0.0 0.0 0.0 0.0 0.0 0.0 0.0 0.0 0.0 0.0 0.0 0.0 0.0 0.0 209.0 5.0 0.0 0.0 1.0 1.0 0.02 0.07 0.0 255.0 5.0 0.02 0.09 0.0 0.0 0.0 0.0 1.0 1.0
0.0 0.0 0.0 0.0 0.0 0.0 0.0 0.0 0.0 0.0 0.0 0.0 0.0 0.0 0.0 218.0 10.0 0.0 0.0 1.0 1.0 0.05 0.07 0.0 255.0 10.0 0.04 0.08 0.0 0.0 0.0 0.0 1.0 1.0
0.0 0.0 0.0 0.0 0.0 0.0 0.0 0.0 0.0 0.0 0.0 0.0 0.0 0.0 0.0 227.0 11.0 0.0 0.0 1.0 1.0 0.05 0.07 0.0 255.0 11.0 0.04 0.09 0.0 0.0 0.0 0.0 1.0 1.0
0.0 0.0 0.0 0.0 0.0 0.0 0.0 0.0 0.0 0.0 0.0 0.0 0.0 0.0 0.0 236.0 14.0 0.0 0.0 1.0 1.0 0.06 0.07 0.0 255.0 14.0 0.05 0.08 0.0 0.0 0.0 0.0 1.0 1.0
0.0 0.0 0.0 0.0 0.0 0.0 0.0 0.0 0.0 0.0 0.0 0.0 0.0 0.0 0.0 245.0 19.0 0.0 0.0 1.0 1.0 0.08 0.07 0.0 255.0 19.0 0.07 0.08 0.0 0.0 0.0 0.0 1.0 1.0
0.0 0.0 0.0 0.0 0.0 0.0 0.0 0.0 0.0 0.0 0.0 0.0 0.0 0.0 0.0 254.0 15.0 0.0 0.0 1.0 1.0 0.06 0.07 0.0 255.0 15.0 0.06 0.08 0.0 0.0 0.0 0.0 1.0 1.0
0.0 0.0 0.0 0.0 0.0 0.0 0.0 0.0 0.0 0.0 0.0 0.0 0.0 0.0 0.0 263.0 20.0 0.0 0.0 1.0 1.0 0.08 0.06 0.0 255.0 20.0 0.08 0.08 0.0 0.0 0.0 0.0 1.0 1.0
0.0 0.0 0.0 0.0 0.0 0.0 0.0 0.0 0.0 0.0 0.0 0.0 0.0 0.0 0.0 69.0 12.0 0.0 0.0 1.0 1.0 0.17 0.09 0.0 255.0 12.0 0.05 0.08 0.0 0.0 0.0 0.0 1.0 1.0
0.0 0.0 0.0 0.0 0.0 0.0 0.0 0.0 0.0 0.0 0.0 0.0 0.0 0.0 0.0 282.0 11.0 0.0 0.0 1.0 1.0 0.04 0.06 0.0 255.0 11.0 0.04 0.08 0.0 0.0 0.0 0.0 1.0 1.0
0.0 0.0 0.0 0.0 0.0 0.0 0.0 0.0 0.0 0.0 0.0 0.0 0.0 0.0 0.0 291.0 16.0 0.0 0.0 1.0 1.0 0.05 0.06 0.0 255.0 16.0 0.06 0.08 0.0 0.0 0.0 0.0 1.0 1.0
0.0 0.0 0.0 0.0 0.0 0.0 0.0 0.0 0.0 0.0 0.0 0.0 0.0 0.0 0.0 300.0 20.0 0.0 0.0 1.0 1.0 0.07 0.06 0.0 255.0 20.0 0.08 0.07 0.0 0.0 0.0 0.0 1.0 1.0
0.0 0.0 0.0 0.0 0.0 0.0 0.0 0.0 0.0 0.0 0.0 0.0 0.0 0.0 0.0 209.0 4.0 0.0 0.0 1.0 1.0 0.02 0.07 0.0 255.0 4.0 0.02 0.09 0.0 0.0 0.0 0.0 1.0 1.0
0.0 0.0 0.0 0.0 0.0 0.0 0.0 0.0 0.0 0.0 0.0 0.0 0.0 0.0 0.0 218.0 8.0 0.0 0.0 1.0 1.0 0.04 0.07 0.0 255.0 8.0 0.03 0.09 0.0 0.0 0.0 0.0 1.0 1.0
0.0 0.0 0.0 0.0 0.0 0.0 0.0 0.0 0.0 0.0 0.0 0.0 0.0 0.0 0.0 227.0 1.0 0.0 0.0 1.0 1.0 0.0 0.07 0.0 255.0 1.0 0.0 0.09 0.0 0.0 0.0 0.0 1.0 1.0
0.0 0.0 0.0 0.0 0.0 0.0 0.0 0.0 0.0 0.0 0.0 0.0 0.0 0.0 0.0 236.0 9.0 0.0 0.0 1.0 1.0 0.04 0.07 0.0 255.0 9.0 0.04 0.07 0.0 0.0 0.0 0.0 1.0 1.0
0.0 0.0 0.0 0.0 0.0 0.0 0.0 0.0 0.0 0.0 0.0 0.0 0.0 0.0 0.0 245.0 1.0 0.0 0.0 1.0 1.0 0.0 0.07 0.0 255.0 1.0 0.0 0.08 0.0 0.0 0.0 0.0 1.0 1.0
0.0 0.0 0.0 0.0 0.0 0.0 0.0 0.0 0.0 0.0 0.0 0.0 0.0 0.0 0.0 254.0 6.0 0.0 0.0 1.0 1.0 0.02 0.07 0.0 255.0 6.0 0.02 0.07 0.0 0.0 0.0 0.0 1.0 1.0
0.0 0.0 0.0 0.0 0.0 0.0 0.0 0.0 0.0 0.0 0.0 0.0 0.0 0.0 0.0 263.0 14.0 0.0 0.0 1.0 1.0 0.05 0.06 0.0 255.0 14.0 0.05 0.08 0.0 0.0 0.0 0.0 1.0 1.0
0.0 0.0 0.0 0.0 0.0 0.0 0.0 0.0 0.0 0.0 0.0 0.0 0.0 0.0 0.0 79.0 2.0 0.0 0.0 1.0 1.0 0.03 0.09 0.0 255.0 2.0 0.01 0.08 0.0 0.0 0.0 0.0 1.0 1.0
0.0 0.0 0.0 0.0 0.0 0.0 0.0 0.0 0.0 0.0 0.0 0.0 0.0 0.0 0.0 282.0 12.0 0.0 0.0 1.0 1.0 0.04 0.06 0.0 255.0 12.0 0.05 0.07 0.0 0.0 0.0 0.0 1.0 1.0
0.0 0.0 0.0 0.0 0.0 0.0 0.0 0.0 0.0 0.0 0.0 0.0 0.0 0.0 0.0 291.0 17.0 0.0 0.0 1.0 1.0 0.06 0.06 0.0 255.0 17.0 0.07 0.07 0.0 0.0 0.0 0.0 1.0 1.0
0.0 0.0 0.0 0.0 0.0 0.0 0.0 0.0 0.0 0.0 0.0 0.0 0.0 0.0 0.0 200.0 2.0 0.0 0.0 1.0 1.0 0.01 0.06 0.0 255.0 2.0 0.01 0.07 0.0 0.0 0.0 0.0 1.0 1.0
0.0 0.0 0.0 0.0 0.0 0.0 0.0 0.0 0.0 0.0 0.0 0.0 0.0 0.0 0.0 209.0 5.0 0.0 0.0 1.0 1.0 0.02 0.07 0.0 255.0 5.0 0.02 0.08 0.0 0.0 0.0 0.0 1.0 1.0
0.0 0.0 0.0 0.0 0.0 0.0 0.0 0.0 0.0 0.0 0.0 0.0 0.0 0.0 0.0 218.0 9.0 0.0 0.0 1.0 1.0 0.04 0.07 0.0 255.0 9.0 0.04 0.07 0.0 0.0 0.0 0.0 1.0 1.0
0.0 0.0 0.0 0.0 0.0 0.0 0.0 0.0 0.0 0.0 0.0 0.0 0.0 0.0 0.0 227.0 11.0 0.0 0.0 1.0 1.0 0.05 0.07 0.0 255.0 11.0 0.04 0.08 0.0 0.0 0.0 0.0 1.0 1.0
0.0 0.0 0.0 0.0 0.0 0.0 0.0 0.0 0.0 0.0 0.0 0.0 0.0 0.0 0.0 236.0 15.0 0.0 0.0 1.0 1.0 0.06 0.07 0.0 255.0 15.0 0.06 0.07 0.0 0.0 0.0 0.0 1.0 1.0
0.0 0.0 0.0 0.0 0.0 0.0 0.0 0.0 0.0 0.0 0.0 0.0 0.0 0.0 0.0 245.0 1.0 0.0 0.0 1.0 1.0 0.0 0.07 0.0 255.0 1.0 0.0 0.07 0.0 0.0 0.0 0.0 1.0 1.0
0.0 0.0 0.0 0.0 0.0 0.0 0.0 0.0 0.0 0.0 0.0 0.0 0.0 0.0 0.0 254.0 17.0 0.0 0.0 1.0 1.0 0.07 0.07 0.0 255.0 17.0 0.07 0.07 0.0 0.0 0.0 0.0 1.0 1.0
0.0 0.0 0.0 0.0 0.0 0.0 0.0 0.0 0.0 0.0 0.0 0.0 0.0 0.0 0.0 263.0 11.0 0.0 0.0 1.0 1.0 0.04 0.06 0.0 255.0 11.0 0.04 0.07 0.0 0.0 0.0 0.0 1.0 1.0
0.0 0.0 0.0 0.0 0.0 0.0 0.0 0.0 0.0 0.0 0.0 0.0 0.0 0.0 0.0 89.0 12.0 0.0 0.0 1.0 1.0 0.13 0.08 0.0 255.0 12.0 0.05 0.07 0.0 0.0 0.0 0.0 1.0 1.0
0.0 0.0 0.0 0.0 0.0 0.0 0.0 0.0 0.0 0.0 0.0 0.0 0.0 0.0 0.0 282.0 20.0 0.0 0.0 1.0 1.0 0.07 0.06 0.0 255.0 20.0 0.08 0.07 0.0 0.0 0.0 0.0 1.0 1.0
0.0 0.0 0.0 0.0 0.0 0.0 0.0 0.0 0.0 0.0 0.0 0.0 0.0 0.0 0.0 291.0 18.0 0.0 0.0 1.0 1.0 0.06 0.06 0.0 255.0 18.0 0.07 0.07 0.0 0.0 0.0 0.0 1.0 1.0
0.0 0.0 0.0 0.0 0.0 0.0 0.0 0.0 0.0 0.0 0.0 0.0 0.0 0.0 0.0 200.0 2.0 0.0 0.0 1.0 1.0 0.01 0.06 0.0 255.0 2.0 0.01 0.07 0.0 0.0 0.0 0.0 1.0 1.0
0.0 0.0 0.0 0.0 0.0 0.0 0.0 0.0 0.0 0.0 0.0 0.0 0.0 0.0 0.0 209.0 4.0 0.0 0.0 1.0 1.0 0.02 0.07 0.0 255.0 4.0 0.02 0.08 0.0 0.0 0.0 0.0 1.0 1.0
0.0 0.0 0.0 0.0 0.0 0.0 0.0 0.0 0.0 0.0 0.0 0.0 0.0 0.0 0.0 218.0 9.0 0.0 0.0 1.0 1.0 0.04 0.07 0.0 255.0 9.0 0.04 0.08 0.0 0.0 0.0 0.0 1.0 1.0
0.0 0.0 0.0 0.0 0.0 0.0 0.0 0.0 0.0 0.0 0.0 0.0 0.0 0.0 0.0 227.0 1.0 0.0 0.0 1.0 1.0 0.0 0.07 0.0 255.0 1.0 0.0 0.08 0.0 0.0 0.0 0.0 1.0 1.0
0.0 0.0 0.0 0.0 0.0 0.0 0.0 0.0 0.0 0.0 0.0 0.0 0.0 0.0 0.0 236.0 7.0 0.0 0.0 1.0 1.0 0.03 0.07 0.0 255.0 7.0 0.03 0.07 0.0 0.0 0.0 0.0 1.0 1.0
0.0 0.0 0.0 0.0 0.0 0.0 0.0 0.0 0.0 0.0 0.0 0.0 0.0 0.0 0.0 245.0 3.0 0.0 0.0 1.0 1.0 0.01 0.07 0.0 255.0 3.0 0.01 0.07 0.0 0.0 0.0 0.0 1.0 1.0
0.0 0.0 0.0 0.0 0.0 0.0 0.0 0.0 0.0 0.0 0.0 0.0 0.0 0.0 0.0 254.0 8.0 0.0 0.0 1.0 1.0 0.03 0.07 0.0 255.0 8.0 0.03 0.08 0.0 0.0 0.0 0.0 1.0 1.0
0.0 0.0 0.0 0.0 0.0 0.0 0.0 0.0 0.0 0.0 0.0 0.0 0.0 0.0 0.0 263.0 20.0 0.0 0.0 1.0 1.0 0.08 0.06 0.0 255.0 20.0 0.08 0.08 0.0 0.0 0.0 0.0 1.0 1.0
0.0 0.0 0.0 0.0 0.0 0.0 0.0 0.0 0.0 0.0 0.0 0.0 0.0 0.0 0.0 99.0 15.0 0.0 0.0 1.0 1.0 0.15 0.07 0.0 255.0 2.0 0.01 0.08 0.0 0.0 0.0 0.0 1.0 1.0
0.0 0.0 0.0 0.0 0.0 0.0 0.0 0.0 0.0 0.0 0.0 0.0 0.0 0.0 0.0 282.0 12.0 0.0 0.0 1.0 1.0 0.04 0.06 0.0 255.0 12.0 0.05 0.07 0.0 0.0 0.0 0.0 1.0 1.0
0.0 0.0 0.0 0.0 0.0 0.0 0.0 0.0 0.0 0.0 0.0 0.0 0.0 0.0 0.0 291.0 18.0 0.0 0.0 1.0 1.0 0.06 0.06 0.0 255.0 18.0 0.07 0.07 0.0 0.0 0.0 0.0 1.0 1.0
0.0 0.0 0.0 0.0 0.0 0.0 0.0 0.0 0.0 0.0 0.0 0.0 0.0 0.0 0.0 202.0 2.0 0.0 0.0 1.0 1.0 0.01 0.06 0.0 255.0 2.0 0.01 0.07 0.0 0.0 0.0 0.0 1.0 1.0
0.0 0.0 0.0 0.0 0.0 0.0 0.0 0.0 0.0 0.0 0.0 0.0 0.0 0.0 0.0 211.0 5.0 0.0 0.0 1.0 1.0 0.02 0.07 0.0 255.0 5.0 0.02 0.08 0.0 0.0 0.0 0.0 1.0 1.0
0.0 0.0 0.0 0.0 0.0 0.0 0.0 0.0 0.0 0.0 0.0 0.0 0.0 0.0 0.0 220.0 10.0 0.0 0.0 1.0 1.0 0.05 0.07 0.0 255.0 10.0 0.04 0.07 0.0 0.0 0.0 0.0 1.0 1.0
0.0 0.0 0.0 0.0 0.0 0.0 0.0 0.0 0.0 0.0 0.0 0.0 0.0 0.0 0.0 229.0 11.0 0.0 0.0 1.0 1.0 0.05 0.07 0.0 255.0 11.0 0.04 0.08 0.0 0.0 0.0 0.0 1.0 1.0
0.0 0.0 0.0 0.0 0.0 0.0 0.0 0.0 0.0 0.0 0.0 0.0 0.0 0.0 0.0 238.0 9.0 0.0 0.0 1.0 1.0 0.04 0.07 0.0 255.0 9.0 0.04 0.07 0.0 0.0 0.0 0.0 1.0 1.0
0.0 0.0 0.0 0.0 0.0 0.0 0.0 0.0 0.0 0.0 0.0 0.0 0.0 0.0 0.0 247.0 14.0 0.0 0.0 1.0 1.0 0.06 0.07 0.0 255.0 14.0 0.05 0.08 0.0 0.0 0.0 0.0 1.0 1.0
0.0 0.0 0.0 0.0 0.0 0.0 0.0 0.0 0.0 0.0 0.0 0.0 0.0 0.0 0.0 256.0 17.0 0.0 0.0 1.0 1.0 0.07 0.07 0.0 255.0 17.0 0.07 0.08 0.0 0.0 0.0 0.0 1.0 1.0
0.0 0.0 0.0 0.0 0.0 0.0 0.0 0.0 0.0 0.0 0.0 0.0 0.0 0.0 0.0 265.0 4.0 0.0 0.0 1.0 1.0 0.02 0.06 0.0 255.0 4.0 0.02 0.08 0.0 0.0 0.0 0.0 1.0 1.0
0.0 0.0 0.0 0.0 0.0 0.0 0.0 0.0 0.0 0.0 0.0 0.0 0.0 0.0 0.0 75.0 3.0 0.0 0.0 1.0 1.0 0.04 0.08 0.0 255.0 3.0 0.01 0.08 0.0 0.0 0.0 0.0 1.0 1.0
0.0 0.0 0.0 0.0 0.0 0.0 0.0 0.0 0.0 0.0 0.0 0.0 0.0 0.0 0.0 284.0 13.0 0.0 0.0 1.0 1.0 0.05 0.06 0.0 255.0 13.0 0.05 0.08 0.0 0.0 0.0 0.0 1.0 1.0
0.0 0.0 0.0 0.0 0.0 0.0 0.0 0.0 0.0 0.0 0.0 0.0 0.0 0.0 0.0 293.0 18.0 0.0 0.0 1.0 1.0 0.06 0.06 0.0 255.0 18.0 0.07 0.08 0.0 0.0 0.0 0.0 1.0 1.0
0.0 0.0 0.0 0.0 0.0 0.0 0.0 0.0 0.0 0.0 0.0 0.0 0.0 0.0 0.0 202.0 2.0 0.0 0.0 1.0 1.0 0.01 0.06 0.0 255.0 2.0 0.01 0.08 0.0 0.0 0.0 0.0 1.0 1.0
0.0 0.0 0.0 0.0 0.0 0.0 0.0 0.0 0.0 0.0 0.0 0.0 0.0 0.0 0.0 211.0 4.0 0.0 0.0 1.0 1.0 0.02 0.07 0.0 255.0 4.0 0.02 0.09 0.0 0.0 0.0 0.0 1.0 1.0
0.0 0.0 0.0 0.0 0.0 0.0 0.0 0.0 0.0 0.0 0.0 0.0 0.0 0.0 0.0 221.0 11.0 0.0 0.0 1.0 1.0 0.05 0.07 0.0 255.0 11.0 0.04 0.09 0.0 0.0 0.0 0.0 1.0 1.0
0.0 0.0 0.0 0.0 0.0 0.0 0.0 0.0 0.0 0.0 0.0 0.0 0.0 0.0 0.0 230.0 2.0 0.0 0.0 1.0 1.0 0.01 0.07 0.0 255.0 2.0 0.01 0.09 0.0 0.0 0.0 0.0 1.0 1.0
0.0 0.0 0.0 0.0 0.0 0.0 0.0 0.0 0.0 0.0 0.0 0.0 0.0 0.0 0.0 239.0 7.0 0.0 0.0 1.0 1.0 0.03 0.07 0.0 255.0 7.0 0.03 0.08 0.0 0.0 0.0 0.0 1.0 1.0
0.0 0.0 0.0 0.0 0.0 0.0 0.0 0.0 0.0 0.0 0.0 0.0 0.0 0.0 0.0 248.0 3.0 0.0 0.0 1.0 1.0 0.01 0.07 0.0 255.0 3.0 0.01 0.08 0.0 0.0 0.0 0.0 1.0 1.0
0.0 0.0 0.0 0.0 0.0 0.0 0.0 0.0 0.0 0.0 0.0 0.0 0.0 0.0 0.0 257.0 8.0 0.0 0.0 1.0 1.0 0.03 0.07 0.0 255.0 8.0 0.03 0.08 0.0 0.0 0.0 0.0 1.0 1.0
0.0 0.0 0.0 0.0 0.0 0.0 0.0 0.0 0.0 0.0 0.0 0.0 0.0 0.0 0.0 266.0 4.0 0.0 0.0 1.0 1.0 0.02 0.06 0.0 255.0 4.0 0.02 0.08 0.0 0.0 0.0 0.0 1.0 1.0
0.0 0.0 0.0 0.0 0.0 0.0 0.0 0.0 0.0 0.0 0.0 0.0 0.0 0.0 0.0 275.0 16.0 0.0 0.0 1.0 1.0 0.06 0.06 0.0 255.0 16.0 0.06 0.08 0.0 0.0 0.0 0.0 1.0 1.0
0.0 0.0 0.0 0.0 0.0 0.0 0.0 0.0 0.0 0.0 0.0 0.0 0.0 0.0 0.0 85.0 13.0 0.0 0.0 1.0 1.0 0.15 0.07 0.0 255.0 13.0 0.05 0.08 0.0 0.0 0.0 0.0 1.0 1.0
0.0 0.0 0.0 0.0 0.0 0.0 0.0 0.0 0.0 0.0 0.0 0.0 0.0 0.0 0.0 294.0 18.0 0.0 0.0 1.0 1.0 0.06 0.06 0.0 255.0 18.0 0.07 0.08 0.0 0.0 0.0 0.0 1.0 1.0
0.0 0.0 0.0 0.0 0.0 0.0 0.0 0.0 0.0 0.0 0.0 0.0 0.0 0.0 0.0 203.0 2.0 0.0 0.0 1.0 1.0 0.01 0.07 0.0 255.0 2.0 0.01 0.09 0.0 0.0 0.0 0.0 1.0 1.0
0.0 0.0 0.0 0.0 0.0 0.0 0.0 0.0 0.0 0.0 0.0 0.0 0.0 0.0 0.0 212.0 6.0 0.0 0.0 1.0 1.0 0.03 0.07 0.0 255.0 6.0 0.02 0.09 0.0 0.0 0.0 0.0 1.0 1.0
0.0 0.0 0.0 0.0 0.0 0.0 0.0 0.0 0.0 0.0 0.0 0.0 0.0 0.0 0.0 221.0 11.0 0.0 0.0 1.0 1.0 0.05 0.07 0.0 255.0 11.0 0.04 0.09 0.0 0.0 0.0 0.0 1.0 1.0
0.0 0.0 0.0 0.0 0.0 0.0 0.0 0.0 0.0 0.0 0.0 0.0 0.0 0.0 0.0 230.0 14.0 0.0 0.0 1.0 1.0 0.06 0.07 0.0 255.0 14.0 0.05 0.09 0.0 0.0 0.0 0.0 1.0 1.0
0.0 0.0 0.0 0.0 0.0 0.0 0.0 0.0 0.0 0.0 0.0 0.0 0.0 0.0 0.0 239.0 19.0 0.0 0.0 1.0 1.0 0.08 0.07 0.0 255.0 19.0 0.07 0.08 0.0 0.0 0.0 0.0 1.0 1.0
0.0 0.0 0.0 0.0 0.0 0.0 0.0 0.0 0.0 0.0 0.0 0.0 0.0 0.0 0.0 248.0 3.0 0.0 0.0 1.0 1.0 0.01 0.07 0.0 255.0 3.0 0.01 0.08 0.0 0.0 0.0 0.0 1.0 1.0
0.0 0.0 0.0 0.0 0.0 0.0 0.0 0.0 0.0 0.0 0.0 0.0 0.0 0.0 0.0 257.0 16.0 0.0 0.0 1.0 1.0 0.06 0.07 0.0 255.0 16.0 0.06 0.08 0.0 0.0 0.0 0.0 1.0 1.0
0.0 0.0 0.0 0.0 0.0 0.0 0.0 0.0 0.0 0.0 0.0 0.0 0.0 0.0 0.0 266.0 5.0 0.0 0.0 1.0 1.0 0.02 0.06 0.0 255.0 5.0 0.02 0.08 0.0 0.0 0.0 0.0 1.0 1.0
0.0 0.0 0.0 0.0 0.0 0.0 0.0 0.0 0.0 0.0 0.0 0.0 0.0 0.0 0.0 275.0 16.0 0.0 0.0 1.0 1.0 0.06 0.06 0.0 255.0 16.0 0.06 0.08 0.0 0.0 0.0 0.0 1.0 1.0
0.0 0.0 0.0 0.0 0.0 0.0 0.0 0.0 0.0 0.0 0.0 0.0 0.0 0.0 0.0 95.0 10.0 0.0 0.0 1.0 1.0 0.11 0.07 0.0 255.0 10.0 0.04 0.07 0.0 0.0 0.0 0.0 1.0 1.0
0.0 0.0 0.0 0.0 0.0 0.0 0.0 0.0 0.0 0.0 0.0 0.0 0.0 0.0 0.0 294.0 19.0 0.0 0.0 1.0 1.0 0.06 0.06 0.0 255.0 19.0 0.07 0.07 0.0 0.0 0.0 0.0 1.0 1.0
0.0 0.0 0.0 0.0 0.0 0.0 0.0 0.0 0.0 0.0 0.0 0.0 0.0 0.0 0.0 203.0 4.0 0.0 0.0 1.0 1.0 0.02 0.07 0.0 255.0 4.0 0.02 0.08 0.0 0.0 0.0 0.0 1.0 1.0
0.0 0.0 0.0 0.0 0.0 0.0 0.0 0.0 0.0 0.0 0.0 0.0 0.0 0.0 0.0 212.0 4.0 0.0 0.0 1.0 1.0 0.02 0.07 0.0 255.0 4.0 0.02 0.08 0.0 0.0 0.0 0.0 1.0 1.0
0.0 0.0 0.0 0.0 0.0 0.0 0.0 0.0 0.0 0.0 0.0 0.0 0.0 0.0 0.0 221.0 9.0 0.0 0.0 1.0 1.0 0.04 0.07 0.0 255.0 9.0 0.04 0.08 0.0 0.0 0.0 0.0 1.0 1.0
0.0 0.0 0.0 0.0 0.0 0.0 0.0 0.0 0.0 0.0 0.0 0.0 0.0 0.0 0.0 230.0 17.0 0.0 0.0 1.0 1.0 0.07 0.07 0.0 255.0 17.0 0.07 0.07 0.0 0.0 0.0 0.0 1.0 1.0
0.0 0.0 0.0 0.0 0.0 0.0 0.0 0.0 0.0 0.0 0.0 0.0 0.0 0.0 0.0 239.0 10.0 0.0 0.0 1.0 1.0 0.04 0.07 0.0 255.0 10.0 0.04 0.07 0.0 0.0 0.0 0.0 1.0 1.0
0.0 0.0 0.0 0.0 0.0 0.0 0.0 0.0 0.0 0.0 0.0 0.0 0.0 0.0 0.0 248.0 15.0 0.0 0.0 1.0 1.0 0.06 0.06 0.0 255.0 15.0 0.06 0.07 0.0 0.0 0.0 0.0 1.0 1.0
0.0 0.0 0.0 0.0 0.0 0.0 0.0 0.0 0.0 0.0 0.0 0.0 0.0 0.0 0.0 257.0 10.0 0.0 0.0 1.0 1.0 0.04 0.06 0.0 255.0 10.0 0.04 0.07 0.0 0.0 0.0 0.0 1.0 1.0
0.0 0.0 0.0 0.0 0.0 0.0 0.0 0.0 0.0 0.0 0.0 0.0 0.0 0.0 0.0 266.0 15.0 0.0 0.0 1.0 1.0 0.06 0.06 0.0 255.0 15.0 0.06 0.07 0.0 0.0 0.0 0.0 1.0 1.0
0.0 0.0 0.0 0.0 0.0 0.0 0.0 0.0 0.0 0.0 0.0 0.0 0.0 0.0 0.0 275.0 9.0 0.0 0.0 1.0 1.0 0.03 0.06 0.0 255.0 9.0 0.04 0.07 0.0 0.0 0.0 0.0 1.0 1.0
0.0 0.0 0.0 0.0 0.0 0.0 0.0 0.0 0.0 0.0 0.0 0.0 0.0 0.0 0.0 105.0 20.0 0.0 0.0 1.0 1.0 0.19 0.07 0.0 255.0 20.0 0.08 0.07 0.0 0.0 0.0 0.0 1.0 1.0
0.0 0.0 0.0 0.0 0.0 0.0 0.0 0.0 0.0 0.0 0.0 0.0 0.0 0.0 0.0 294.0 19.0 0.0 0.0 1.0 1.0 0.06 0.05 0.0 255.0 19.0 0.07 0.07 0.0 0.0 0.0 0.0 1.0 1.0
0.0 0.0 0.0 0.0 0.0 0.0 0.0 0.0 0.0 0.0 0.0 0.0 0.0 0.0 0.0 203.0 4.0 0.0 0.0 1.0 1.0 0.02 0.06 0.0 255.0 4.0 0.02 0.07 0.0 0.0 0.0 0.0 1.0 1.0
0.0 0.0 0.0 0.0 0.0 0.0 0.0 0.0 0.0 0.0 0.0 0.0 0.0 0.0 0.0 212.0 7.0 0.0 0.0 1.0 1.0 0.03 0.07 0.0 255.0 7.0 0.03 0.08 0.0 0.0 0.0 0.0 1.0 1.0
0.0 0.0 0.0 0.0 0.0 0.0 0.0 0.0 0.0 0.0 0.0 0.0 0.0 0.0 0.0 221.0 12.0 0.0 0.0 1.0 1.0 0.05 0.06 0.0 255.0 12.0 0.05 0.07 0.0 0.0 0.0 0.0 1.0 1.0
0.0 0.0 0.0 0.0 0.0 0.0 0.0 0.0 0.0 0.0 0.0 0.0 0.0 0.0 0.0 230.0 7.0 0.0 0.0 1.0 1.0 0.03 0.07 0.0 255.0 7.0 0.03 0.07 0.0 0.0 0.0 0.0 1.0 1.0
0.0 0.0 0.0 0.0 0.0 0.0 0.0 0.0 0.0 0.0 0.0 0.0 0.0 0.0 0.0 239.0 20.0 0.0 0.0 1.0 1.0 0.08 0.06 0.0 255.0 20.0 0.08 0.07 0.0 0.0 0.0 0.0 1.0 1.0
0.0 0.0 0.0 0.0 0.0 0.0 0.0 0.0 0.0 0.0 0.0 0.0 0.0 0.0 0.0 248.0 5.0 0.0 0.0 1.0 1.0 0.02 0.06 0.0 255.0 5.0 0.02 0.07 0.0 0.0 0.0 0.0 1.0 1.0
