0.0 0.0 0.0 0.0 0.0 0.0 0.0 0.0 0.0 0.0 0.0 0.0 0.0 0.0 0.0 260.0 11.0 0.0 0.0 1.0 1.0 0.04 0.07 0.0 255.0 11.0 0.04 0.09 0.0 0.0 0.0 0.0 1.0 1.0
0.0 0.0 0.0 0.0 0.0 0.0 0.0 0.0 0.0 0.0 0.0 0.0 0.0 0.0 0.0 269.0 16.0 0.0 0.0 1.0 1.0 0.06 0.06 0.0 255.0 16.0 0.06 0.07 0.0 0.0 0.0 0.0 1.0 1.0
0.0 0.0 0.0 0.0 0.0 0.0 0.0 0.0 0.0 0.0 0.0 0.0 0.0 0.0 0.0 125.0 13.0 0.0 0.0 1.0 1.0 0.1 0.07 0.0 255.0 13.0 0.05 0.07 0.0 0.0 0.0 0.0 1.0 1.0
0.0 0.0 0.0 0.0 0.0 0.0 0.0 0.0 0.0 0.0 0.0 0.0 0.0 0.0 0.0 288.0 20.0 0.0 0.0 1.0 1.0 0.07 0.06 0.0 255.0 20.0 0.08 0.07 0.0 0.0 0.0 0.0 1.0 1.0
0.0 0.0 0.0 0.0 0.0 0.0 0.0 0.0 0.0 0.0 0.0 0.0 0.0 0.0 0.0 197.0 4.0 0.0 0.0 1.0 1.0 0.02 0.08 0.0 255.0 4.0 0.02 0.08 0.0 0.0 0.0 0.0 1.0 1.0
0.0 0.0 0.0 0.0 0.0 0.0 0.0 0.0 0.0 0.0 0.0 0.0 0.0 0.0 0.0 206.0 9.0 0.0 0.0 1.0 1.0 0.04 0.07 0.0 255.0 9.0 0.04 0.08 0.0 0.0 0.0 0.0 1.0 1.0
0.0 0.0 0.0 0.0 0.0 0.0 0.0 0.0 0.0 0.0 0.0 0.0 0.0 0.0 0.0 215.0 5.0 0.0 0.0 1.0 1.0 0.02 0.07 0.0 255.0 5.0 0.02 0.08 0.0 0.0 0.0 0.0 1.0 1.0
0.0 0.0 0.0 0.0 0.0 0.0 0.0 0.0 0.0 0.0 0.0 0.0 0.0 0.0 0.0 224.0 11.0 0.0 0.0 1.0 1.0 0.05 0.07 0.0 255.0 11.0 0.04 0.08 0.0 0.0 0.0 0.0 1.0 1.0
0.0 0.0 0.0 0.0 0.0 0.0 0.0 0.0 0.0 0.0 0.0 0.0 0.0 0.0 0.0 233.0 16.0 0.0 0.0 1.0 1.0 0.07 0.06 0.0 255.0 16.0 0.06 0.07 0.0 0.0 0.0 0.0 1.0 1.0
0.0 0.0 0.0 0.0 0.0 0.0 0.0 0.0 0.0 0.0 0.0 0.0 0.0 0.0 0.0 242.0 20.0 0.0 0.0 1.0 1.0 0.08 0.06 0.0 255.0 20.0 0.08 0.07 0.0 0.0 0.0 0.0 1.0 1.0
0.0 0.0 0.0 0.0 0.0 0.0 0.0 0.0 0.0 0.0 0.0 0.0 0.0 0.0 0.0 251.0 4.0 0.0 0.0 1.0 1.0 0.02 0.06 0.0 255.0 4.0 0.02 0.07 0.0 0.0 0.0 0.0 1.0 1.0
0.0 0.0 0.0 0.0 0.0 0.0 0.0 0.0 0.0 0.0 0.0 0.0 0.0 0.0 0.0 260.0 7.0 0.0 0.0 1.0 1.0 0.03 0.06 0.0 255.0 7.0 0.03 0.07 0.0 0.0 0.0 0.0 1.0 1.0
0.0 0.0 0.0 0.0 0.0 0.0 0.0 0.0 0.0 0.0 0.0 0.0 0.0 0.0 0.0 269.0 12.0 0.0 0.0 1.0 1.0 0.04 0.06 0.0 255.0 12.0 0.05 0.07 0.0 0.0 0.0 0.0 1.0 1.0
0.0 0.0 0.0 0.0 0.0 0.0 0.0 0.0 0.0 0.0 0.0 0.0 0.0 0.0 0.0 278.0 17.0 0.0 0.0 1.0 1.0 0.06 0.06 0.0 255.0 17.0 0.07 0.07 0.0 0.0 0.0 0.0 1.0 1.0
0.0 0.0 0.0 0.0 0.0 0.0 0.0 0.0 0.0 0.0 0.0 0.0 0.0 0.0 0.0 136.0 6.0 0.0 0.0 1.0 1.0 0.04 0.07 0.0 255.0 4.0 0.02 0.07 0.0 0.0 0.0 0.0 1.0 1.0
0.0 0.0 0.0 0.0 0.0 0.0 0.0 0.0 0.0 0.0 0.0 0.0 0.0 0.0 0.0 197.0 5.0 0.0 0.0 1.0 1.0 0.03 0.07 0.0 255.0 5.0 0.02 0.08 0.0 0.0 0.0 0.0 1.0 1.0
0.0 0.0 0.0 0.0 0.0 0.0 0.0 0.0 0.0 0.0 0.0 0.0 0.0 0.0 0.0 206.0 10.0 0.0 0.0 1.0 1.0 0.05 0.07 0.0 255.0 10.0 0.04 0.07 0.0 0.0 0.0 0.0 1.0 1.0
0.0 0.0 0.0 0.0 0.0 0.0 0.0 0.0 0.0 0.0 0.0 0.0 0.0 0.0 0.0 215.0 15.0 0.0 0.0 1.0 1.0 0.07 0.07 0.0 255.0 15.0 0.06 0.07 0.0 0.0 0.0 0.0 1.0 1.0
0.0 0.0 0.0 0.0 0.0 0.0 0.0 0.0 0.0 0.0 0.0 0.0 0.0 0.0 0.0 224.0 2.0 0.0 0.0 1.0 1.0 0.01 0.07 0.0 255.0 2.0 0.01 0.08 0.0 0.0 0.0 0.0 1.0 1.0
0.0 0.0 0.0 0.0 0.0 0.0 0.0 0.0 0.0 0.0 0.0 0.0 0.0 0.0 0.0 233.0 5.0 0.0 0.0 1.0 1.0 0.02 0.07 0.0 255.0 5.0 0.02 0.07 0.0 0.0 0.0 0.0 1.0 1.0
0.0 0.0 0.0 0.0 0.0 0.0 0.0 0.0 0.0 0.0 0.0 0.0 0.0 0.0 0.0 242.0 10.0 0.0 0.0 1.0 1.0 0.04 0.07 0.0 255.0 10.0 0.04 0.07 0.0 0.0 0.0 0.0 1.0 1.0
0.0 0.0 0.0 0.0 0.0 0.0 0.0 0.0 0.0 0.0 0.0 0.0 0.0 0.0 0.0 251.0 15.0 0.0 0.0 1.0 1.0 0.06 0.06 0.0 255.0 15.0 0.06 0.07 0.0 0.0 0.0 0.0 1.0 1.0
0.0 0.0 0.0 0.0 0.0 0.0 0.0 0.0 0.0 0.0 0.0 0.0 0.0 0.0 0.0 260.0 10.0 0.0 0.0 1.0 1.0 0.04 0.06 0.0 255.0 10.0 0.04 0.07 0.0 0.0 0.0 0.0 1.0 1.0
0.0 0.0 0.0 0.0 0.0 0.0 0.0 0.0 0.0 0.0 0.0 0.0 0.0 0.0 0.0 269.0 14.0 0.0 0.0 1.0 1.0 0.05 0.06 0.0 255.0 14.0 0.05 0.07 0.0 0.0 0.0 0.0 1.0 1.0
0.0 0.0 0.0 0.0 0.0 0.0 0.0 0.0 0.0 0.0 0.0 0.0 0.0 0.0 0.0 278.0 19.0 0.0 0.0 1.0 1.0 0.07 0.06 0.0 255.0 19.0 0.07 0.07 0.0 0.0 0.0 0.0 1.0 1.0
0.0 0.0 0.0 0.0 0.0 0.0 0.0 0.0 0.0 0.0 0.0 0.0 0.0 0.0 0.0 199.0 1.0 0.0 0.0 1.0 1.0 0.01 0.06 0.0 255.0 1.0 0.0 0.07 0.0 0.0 0.0 0.0 1.0 1.0
0.0 0.0 0.0 0.0 0.0 0.0 0.0 0.0 0.0 0.0 0.0 0.0 0.0 0.0 0.0 147.0 17.0 0.0 0.0 1.0 1.0 0.12 0.06 0.0 255.0 15.0 0.06 0.09 0.0 0.0 0.0 0.0 1.0 1.0
0.0 0.0 0.0 0.0 0.0 0.0 0.0 0.0 0.0 0.0 0.0 0.0 0.0 0.0 0.0 218.0 7.0 0.0 0.0 1.0 1.0 0.03 0.07 0.0 255.0 7.0 0.03 0.09 0.0 0.0 0.0 0.0 1.0 1.0
0.0 0.0 0.0 0.0 0.0 0.0 0.0 0.0 0.0 0.0 0.0 0.0 0.0 0.0 0.0 227.0 3.0 0.0 0.0 1.0 1.0 0.01 0.07 0.0 255.0 3.0 0.01 0.09 0.0 0.0 0.0 0.0 1.0 1.0
0.0 0.0 0.0 0.0 0.0 0.0 0.0 0.0 0.0 0.0 0.0 0.0 0.0 0.0 0.0 236.0 5.0 0.0 0.0 1.0 1.0 0.02 0.07 0.0 255.0 5.0 0.02 0.07 0.0 0.0 0.0 0.0 1.0 1.0
0.0 0.0 0.0 0.0 0.0 0.0 0.0 0.0 0.0 0.0 0.0 0.0 0.0 0.0 0.0 245.0 10.0 0.0 0.0 1.0 1.0 0.04 0.07 0.0 255.0 10.0 0.04 0.07 0.0 0.0 0.0 0.0 1.0 1.0
0.0 0.0 0.0 0.0 0.0 0.0 0.0 0.0 0.0 0.0 0.0 0.0 0.0 0.0 0.0 254.0 16.0 0.0 0.0 1.0 1.0 0.06 0.07 0.0 255.0 16.0 0.06 0.08 0.0 0.0 0.0 0.0 1.0 1.0
0.0 0.0 0.0 0.0 0.0 0.0 0.0 0.0 0.0 0.0 0.0 0.0 0.0 0.0 0.0 263.0 3.0 0.0 0.0 1.0 1.0 0.01 0.06 0.0 255.0 3.0 0.01 0.08 0.0 0.0 0.0 0.0 1.0 1.0
0.0 0.0 0.0 0.0 0.0 0.0 0.0 0.0 0.0 0.0 0.0 0.0 0.0 0.0 0.0 272.0 7.0 0.0 0.0 1.0 1.0 0.03 0.06 0.0 255.0 7.0 0.03 0.08 0.0 0.0 0.0 0.0 1.0 1.0
0.0 0.0 0.0 0.0 0.0 0.0 0.0 0.0 0.0 0.0 0.0 0.0 0.0 0.0 0.0 281.0 12.0 0.0 0.0 1.0 1.0 0.04 0.06 0.0 255.0 12.0 0.05 0.08 0.0 0.0 0.0 0.0 1.0 1.0
0.0 0.0 0.0 0.0 0.0 0.0 0.0 0.0 0.0 0.0 0.0 0.0 0.0 0.0 0.0 290.0 16.0 0.0 0.0 1.0 1.0 0.06 0.06 0.0 255.0 16.0 0.06 0.07 0.0 0.0 0.0 0.0 1.0 1.0
0.0 0.0 0.0 0.0 0.0 0.0 0.0 0.0 0.0 0.0 0.0 0.0 0.0 0.0 0.0 201.0 1.0 0.0 0.0 1.0 1.0 0.0 0.06 0.0 255.0 1.0 0.0 0.07 0.0 0.0 0.0 0.0 1.0 1.0
0.0 0.0 0.0 0.0 0.0 0.0 0.0 0.0 0.0 0.0 0.0 0.0 0.0 0.0 0.0 107.0 8.0 0.0 0.0 1.0 1.0 0.07 0.06 0.0 255.0 7.0 0.03 0.07 0.0 0.0 0.0 0.0 1.0 1.0
0.0 0.0 0.0 0.0 0.0 0.0 0.0 0.0 0.0 0.0 0.0 0.0 0.0 0.0 0.0 220.0 10.0 0.0 0.0 1.0 1.0 0.05 0.06 0.0 255.0 10.0 0.04 0.07 0.0 0.0 0.0 0.0 1.0 1.0
0.0 0.0 0.0 0.0 0.0 0.0 0.0 0.0 0.0 0.0 0.0 0.0 0.0 0.0 0.0 229.0 15.0 0.0 0.0 1.0 1.0 0.07 0.06 0.0 255.0 15.0 0.06 0.07 0.0 0.0 0.0 0.0 1.0 1.0
0.0 0.0 0.0 0.0 0.0 0.0 0.0 0.0 0.0 0.0 0.0 0.0 0.0 0.0 0.0 238.0 1.0 0.0 0.0 1.0 1.0 0.0 0.06 0.0 255.0 1.0 0.0 0.07 0.0 0.0 0.0 0.0 1.0 1.0
0.0 0.0 0.0 0.0 0.0 0.0 0.0 0.0 0.0 0.0 0.0 0.0 0.0 0.0 0.0 247.0 6.0 0.0 0.0 1.0 1.0 0.02 0.06 0.0 255.0 6.0 0.02 0.07 0.0 0.0 0.0 0.0 1.0 1.0
0.0 0.0 0.0 0.0 0.0 0.0 0.0 0.0 0.0 0.0 0.0 0.0 0.0 0.0 0.0 256.0 8.0 0.0 0.0 1.0 1.0 0.03 0.06 0.0 255.0 8.0 0.03 0.07 0.0 0.0 0.0 0.0 1.0 1.0
0.0 0.0 0.0 0.0 0.0 0.0 0.0 0.0 0.0 0.0 0.0 0.0 0.0 0.0 0.0 265.0 13.0 0.0 0.0 1.0 1.0 0.05 0.06 0.0 255.0 13.0 0.05 0.07 0.0 0.0 0.0 0.0 1.0 1.0
0.0 0.0 0.0 0.0 0.0 0.0 0.0 0.0 0.0 0.0 0.0 0.0 0.0 0.0 0.0 274.0 19.0 0.0 0.0 1.0 1.0 0.07 0.06 0.0 255.0 19.0 0.07 0.07 0.0 0.0 0.0 0.0 1.0 1.0
0.0 0.0 0.0 0.0 0.0 0.0 0.0 0.0 0.0 0.0 0.0 0.0 0.0 0.0 0.0 283.0 12.0 0.0 0.0 1.0 1.0 0.04 0.06 0.0 255.0 12.0 0.05 0.07 0.0 0.0 0.0 0.0 1.0 1.0
0.0 0.0 0.0 0.0 0.0 0.0 0.0 0.0 0.0 0.0 0.0 0.0 0.0 0.0 0.0 292.0 16.0 0.0 0.0 1.0 1.0 0.05 0.05 0.0 255.0 16.0 0.06 0.07 0.0 0.0 0.0 0.0 1.0 1.0
0.0 0.0 0.0 0.0 0.0 0.0 0.0 0.0 0.0 0.0 0.0 0.0 0.0 0.0 0.0 201.0 1.0 0.0 0.0 1.0 1.0 0.0 0.06 0.0 255.0 1.0 0.0 0.08 0.0 0.0 0.0 0.0 1.0 1.0
0.0 0.0 0.0 0.0 0.0 0.0 0.0 0.0 0.0 0.0 0.0 0.0 0.0 0.0 0.0 210.0 4.0 0.0 0.0 1.0 1.0 0.02 0.07 0.0 255.0 4.0 0.02 0.09 0.0 0.0 0.0 0.0 1.0 1.0
0.0 0.0 0.0 0.0 0.0 0.0 0.0 0.0 0.0 0.0 0.0 0.0 0.0 0.0 0.0 118.0 3.0 0.0 0.0 1.0 1.0 0.03 0.06 0.0 255.0 3.0 0.01 0.09 0.0 0.0 0.0 0.0 1.0 1.0
0.0 0.0 0.0 0.0 0.0 0.0 0.0 0.0 0.0 0.0 0.0 0.0 0.0 0.0 0.0 229.0 6.0 0.0 0.0 1.0 1.0 0.03 0.07 0.0 255.0 6.0 0.02 0.09 0.0 0.0 0.0 0.0 1.0 1.0
0.0 0.0 0.0 0.0 0.0 0.0 0.0 0.0 0.0 0.0 0.0 0.0 0.0 0.0 0.0 238.0 8.0 0.0 0.0 1.0 1.0 0.03 0.07 0.0 255.0 8.0 0.03 0.08 0.0 0.0 0.0 0.0 1.0 1.0
0.0 0.0 0.0 0.0 0.0 0.0 0.0 0.0 0.0 0.0 0.0 0.0 0.0 0.0 0.0 247.0 13.0 0.0 0.0 1.0 1.0 0.05 0.07 0.0 255.0 13.0 0.05 0.08 0.0 0.0 0.0 0.0 1.0 1.0
0.0 0.0 0.0 0.0 0.0 0.0 0.0 0.0 0.0 0.0 0.0 0.0 0.0 0.0 0.0 256.0 19.0 0.0 0.0 1.0 1.0 0.07 0.07 0.0 255.0 19.0 0.07 0.08 0.0 0.0 0.0 0.0 1.0 1.0
0.0 0.0 0.0 0.0 0.0 0.0 0.0 0.0 0.0 0.0 0.0 0.0 0.0 0.0 0.0 265.0 6.0 0.0 0.0 1.0 1.0 0.02 0.06 0.0 255.0 6.0 0.02 0.07 0.0 0.0 0.0 0.0 1.0 1.0
0.0 0.0 0.0 0.0 0.0 0.0 0.0 0.0 0.0 0.0 0.0 0.0 0.0 0.0 0.0 274.0 7.0 0.0 0.0 1.0 1.0 0.03 0.06 0.0 255.0 7.0 0.03 0.07 0.0 0.0 0.0 0.0 1.0 1.0
0.0 0.0 0.0 0.0 0.0 0.0 0.0 0.0 0.0 0.0 0.0 0.0 0.0 0.0 0.0 283.0 12.0 0.0 0.0 1.0 1.0 0.04 0.06 0.0 255.0 12.0 0.05 0.07 0.0 0.0 0.0 0.0 1.0 1.0
0.0 0.0 0.0 0.0 0.0 0.0 0.0 0.0 0.0 0.0 0.0 0.0 0.0 0.0 0.0 292.0 20.0 0.0 0.0 1.0 1.0 0.07 0.06 0.0 255.0 20.0 0.08 0.07 0.0 0.0 0.0 0.0 1.0 1.0
0.0 0.0 0.0 0.0 0.0 0.0 0.0 0.0 0.0 0.0 0.0 0.0 0.0 0.0 0.0 201.0 10.0 0.0 0.0 1.0 1.0 0.05 0.06 0.0 255.0 10.0 0.04 0.06 0.0 0.0 0.0 0.0 1.0 1.0
0.0 0.0 0.0 0.0 0.0 0.0 0.0 0.0 0.0 0.0 0.0 0.0 0.0 0.0 0.0 210.0 3.0 0.0 0.0 1.0 1.0 0.01 0.08 0.0 255.0 3.0 0.01 0.08 0.0 0.0 0.0 0.0 1.0 1.0
0.0 0.0 0.0 0.0 0.0 0.0 0.0 0.0 0.0 0.0 0.0 0.0 0.0 0.0 0.0 220.0 8.0 0.0 0.0 1.0 1.0 0.04 0.08 0.0 255.0 8.0 0.03 0.08 0.0 0.0 0.0 0.0 1.0 1.0
0.0 0.0 0.0 0.0 0.0 0.0 0.0 0.0 0.0 0.0 0.0 0.0 0.0 0.0 0.0 129.0 3.0 0.0 0.0 1.0 1.0 0.02 0.06 0.0 255.0 3.0 0.01 0.08 0.0 0.0 0.0 0.0 1.0 1.0
0.0 0.0 0.0 0.0 0.0 0.0 0.0 0.0 0.0 0.0 0.0 0.0 0.0 0.0 0.0 239.0 17.0 0.0 0.0 1.0 1.0 0.07 0.07 0.0 255.0 17.0 0.07 0.07 0.0 0.0 0.0 0.0 1.0 1.0
0.0 0.0 0.0 0.0 0.0 0.0 0.0 0.0 0.0 0.0 0.0 0.0 0.0 0.0 0.0 248.0 12.0 0.0 0.0 1.0 1.0 0.05 0.07 0.0 255.0 12.0 0.05 0.07 0.0 0.0 0.0 0.0 1.0 1.0
0.0 0.0 0.0 0.0 0.0 0.0 0.0 0.0 0.0 0.0 0.0 0.0 0.0 0.0 0.0 257.0 14.0 0.0 0.0 1.0 1.0 0.05 0.07 0.0 255.0 14.0 0.05 0.07 0.0 0.0 0.0 0.0 1.0 1.0
0.0 0.0 0.0 0.0 0.0 0.0 0.0 0.0 0.0 0.0 0.0 0.0 0.0 0.0 0.0 266.0 19.0 0.0 0.0 1.0 1.0 0.07 0.06 0.0 255.0 19.0 0.07 0.07 0.0 0.0 0.0 0.0 1.0 1.0
0.0 0.0 0.0 0.0 0.0 0.0 0.0 0.0 0.0 0.0 0.0 0.0 0.0 0.0 0.0 175.0 4.0 0.0 0.0 0.99 1.0 0.02 0.08 0.0 255.0 4.0 0.02 0.08 0.0 0.0 0.0 0.0 1.0 1.0
0.0 0.0 0.0 0.0 0.0 0.0 0.0 0.0 0.0 0.0 0.0 0.0 0.0 0.0 0.0 184.0 7.0 0.0 0.0 0.99 1.0 0.04 0.08 0.0 255.0 7.0 0.03 0.08 0.0 0.0 0.0 0.0 1.0 1.0
0.0 0.0 0.0 0.0 0.0 0.0 0.0 0.0 0.0 0.0 0.0 0.0 0.0 0.0 0.0 193.0 12.0 0.0 0.0 0.99 1.0 0.06 0.08 0.0 255.0 12.0 0.05 0.08 0.0 0.0 0.0 0.0 1.0 1.0
0.0 0.0 0.0 0.0 0.0 0.0 0.0 0.0 0.0 0.0 0.0 0.0 0.0 0.0 0.0 202.0 15.0 0.0 0.0 1.0 1.0 0.07 0.07 0.0 255.0 15.0 0.06 0.08 0.0 0.0 0.0 0.0 1.0 1.0
0.0 0.0 0.0 0.0 0.0 0.0 0.0 0.0 0.0 0.0 0.0 0.0 0.0 0.0 0.0 211.0 19.0 0.0 0.0 1.0 1.0 0.09 0.07 0.0 255.0 19.0 0.07 0.08 0.0 0.0 0.0 0.0 1.0 1.0
0.0 0.0 0.0 0.0 0.0 0.0 0.0 0.0 0.0 0.0 0.0 0.0 0.0 0.0 0.0 220.0 9.0 0.0 0.0 1.0 1.0 0.04 0.07 0.0 255.0 9.0 0.04 0.07 0.0 0.0 0.0 0.0 1.0 1.0
0.0 0.0 0.0 0.0 0.0 0.0 0.0 0.0 0.0 0.0 0.0 0.0 0.0 0.0 0.0 229.0 13.0 0.0 0.0 1.0 1.0 0.06 0.07 0.0 255.0 13.0 0.05 0.07 0.0 0.0 0.0 0.0 1.0 1.0
0.0 0.0 0.0 0.0 0.0 0.0 0.0 0.0 0.0 0.0 0.0 0.0 0.0 0.0 0.0 238.0 20.0 0.0 0.0 1.0 1.0 0.08 0.06 0.0 255.0 20.0 0.08 0.06 0.0 0.0 0.0 0.0 1.0 1.0
0.0 0.0 0.0 0.0 0.0 0.0 0.0 0.0 0.0 0.0 0.0 0.0 0.0 0.0 0.0 141.0 15.0 0.0 0.0 1.0 1.0 0.11 0.06 0.0 255.0 15.0 0.06 0.06 0.0 0.0 0.0 0.0 1.0 1.0
0.0 0.0 0.0 0.0 0.0 0.0 0.0 0.0 0.0 0.0 0.0 0.0 0.0 0.0 0.0 158.0 5.0 0.0 0.0 0.99 1.0 0.03 0.08 0.0 255.0 5.0 0.02 0.07 0.0 0.0 0.0 0.0 1.0 1.0
0.0 0.0 0.0 0.0 0.0 0.0 0.0 0.0 0.0 0.0 0.0 0.0 0.0 0.0 0.0 167.0 4.0 0.0 0.0 0.99 1.0 0.02 0.08 0.0 255.0 4.0 0.02 0.07 0.0 0.0 0.0 0.0 1.0 1.0
0.0 0.0 0.0 0.0 0.0 0.0 0.0 0.0 0.0 0.0 0.0 0.0 0.0 0.0 0.0 176.0 10.0 0.0 0.0 0.99 1.0 0.06 0.07 0.0 255.0 10.0 0.04 0.07 0.0 0.0 0.0 0.0 1.0 1.0
0.0 0.0 0.0 0.0 0.0 0.0 0.0 0.0 0.0 0.0 0.0 0.0 0.0 0.0 0.0 185.0 15.0 0.0 0.0 0.99 1.0 0.08 0.07 0.0 255.0 15.0 0.06 0.07 0.0 0.0 0.0 0.0 1.0 1.0
0.0 0.0 0.0 0.0 0.0 0.0 0.0 0.0 0.0 0.0 0.0 0.0 0.0 0.0 0.0 194.0 18.0 0.0 0.0 0.99 1.0 0.09 0.07 0.0 255.0 18.0 0.07 0.07 0.0 0.0 0.0 0.0 1.0 1.0
0.0 0.0 0.0 0.0 0.0 0.0 0.0 0.0 0.0 0.0 0.0 0.0 0.0 0.0 0.0 135.0 3.0 0.0 0.0 1.0 1.0 0.02 0.07 0.0 255.0 3.0 0.01 0.07 0.0 0.0 0.0 0.0 1.0 1.0
0.0 0.0 0.0 0.0 0.0 0.0 0.0 0.0 0.0 0.0 0.0 0.0 0.0 0.0 0.0 144.0 7.0 0.0 0.0 1.0 1.0 0.05 0.07 0.0 255.0 7.0 0.03 0.08 0.0 0.0 0.0 0.0 1.0 1.0
0.0 0.0 0.0 0.0 0.0 0.0 0.0 0.0 0.0 0.0 0.0 0.0 0.0 0.0 0.0 153.0 11.0 0.0 0.0 1.0 1.0 0.07 0.07 0.0 255.0 11.0 0.04 0.08 0.0 0.0 0.0 0.0 1.0 1.0
0.0 0.0 0.0 0.0 0.0 0.0 0.0 0.0 0.0 0.0 0.0 0.0 0.0 0.0 0.0 162.0 16.0 0.0 0.0 1.0 1.0 0.1 0.06 0.0 255.0 16.0 0.06 0.07 0.0 0.0 0.0 0.0 1.0 1.0
0.0 0.0 0.0 0.0 0.0 0.0 0.0 0.0 0.0 0.0 0.0 0.0 0.0 0.0 0.0 171.0 19.0 0.0 0.0 1.0 1.0 0.11 0.06 0.0 255.0 19.0 0.07 0.06 0.0 0.0 0.0 0.0 1.0 1.0
0.0 0.0 0.0 0.0 0.0 0.0 0.0 0.0 0.0 0.0 0.0 0.0 0.0 0.0 0.0 104.0 12.0 0.0 0.0 1.0 1.0 0.12 0.07 0.0 255.0 12.0 0.05 0.07 0.0 0.0 0.0 0.0 1.0 1.0
0.0 0.0 0.0 0.0 0.0 0.0 0.0 0.0 0.0 0.0 0.0 0.0 0.0 0.0 0.0 102.0 1.0 0.0 0.0 1.0 1.0 0.01 0.08 0.0 255.0 1.0 0.0 0.07 0.0 0.0 0.0 0.0 1.0 1.0
0.0 0.0 0.0 0.0 0.0 0.0 0.0 0.0 0.0 0.0 0.0 0.0 0.0 0.0 0.0 123.0 2.0 0.0 0.0 1.0 1.0 0.02 0.07 0.0 255.0 2.0 0.01 0.08 0.0 0.0 0.0 0.0 1.0 1.0
0.0 0.0 0.0 0.0 0.0 0.0 0.0 0.0 0.0 0.0 0.0 0.0 0.0 0.0 0.0 132.0 8.0 0.0 0.0 1.0 1.0 0.06 0.07 0.0 255.0 8.0 0.03 0.08 0.0 0.0 0.0 0.0 1.0 1.0
0.0 0.0 0.0 0.0 0.0 0.0 0.0 0.0 0.0 0.0 0.0 0.0 0.0 0.0 0.0 141.0 13.0 0.0 0.0 1.0 1.0 0.09 0.06 0.0 255.0 13.0 0.05 0.07 0.0 0.0 0.0 0.0 1.0 1.0
0.0 0.0 0.0 0.0 0.0 0.0 0.0 0.0 0.0 0.0 0.0 0.0 0.0 0.0 0.0 96.0 15.0 0.0 0.0 1.0 1.0 0.16 0.07 0.0 255.0 15.0 0.06 0.08 0.0 0.0 0.0 0.0 1.0 1.0
0.0 0.0 0.0 0.0 0.0 0.0 0.0 0.0 0.0 0.0 0.0 0.0 0.0 0.0 0.0 105.0 19.0 0.0 0.0 1.0 1.0 0.18 0.07 0.0 255.0 19.0 0.07 0.07 0.0 0.0 0.0 0.0 1.0 1.0
0.0 0.0 0.0 0.0 0.0 0.0 0.0 0.0 0.0 0.0 0.0 0.0 0.0 0.0 0.0 114.0 6.0 0.0 0.0 1.0 1.0 0.05 0.07 0.0 255.0 6.0 0.02 0.07 0.0 0.0 0.0 0.0 1.0 1.0
0.0 0.0 0.0 0.0 0.0 0.0 0.0 0.0 0.0 0.0 0.0 0.0 0.0 0.0 0.0 123.0 4.0 0.0 0.0 1.0 1.0 0.03 0.08 0.0 255.0 4.0 0.02 0.08 0.0 0.0 0.0 0.0 1.0 1.0
0.0 0.0 0.0 0.0 0.0 0.0 0.0 0.0 0.0 0.0 0.0 0.0 0.0 0.0 0.0 132.0 9.0 0.0 0.0 1.0 1.0 0.07 0.08 0.0 255.0 9.0 0.04 0.08 0.0 0.0 0.0 0.0 1.0 1.0
0.0 0.0 0.0 0.0 0.0 0.0 0.0 0.0 0.0 0.0 0.0 0.0 0.0 0.0 0.0 141.0 14.0 0.0 0.0 1.0 1.0 0.1 0.07 0.0 255.0 14.0 0.05 0.08 0.0 0.0 0.0 0.0 1.0 1.0
0.0 0.0 0.0 0.0 0.0 0.0 0.0 0.0 0.0 0.0 0.0 0.0 0.0 0.0 0.0 150.0 19.0 0.0 0.0 1.0 1.0 0.13 0.07 0.0 255.0 19.0 0.07 0.08 0.0 0.0 0.0 0.0 1.0 1.0
0.0 0.0 0.0 0.0 0.0 0.0 0.0 0.0 0.0 0.0 0.0 0.0 0.0 0.0 0.0 117.0 1.0 0.0 0.0 1.0 1.0 0.01 0.09 0.0 255.0 1.0 0.0 0.09 0.0 0.0 0.0 0.0 1.0 1.0
0.0 0.0 0.0 0.0 0.0 0.0 0.0 0.0 0.0 0.0 0.0 0.0 0.0 0.0 0.0 113.0 20.0 0.0 0.0 1.0 1.0 0.18 0.07 0.0 255.0 9.0 0.04 0.09 0.0 0.0 0.0 0.0 1.0 1.0
0.0 0.0 0.0 0.0 0.0 0.0 0.0 0.0 0.0 0.0 0.0 0.0 0.0 0.0 0.0 136.0 11.0 0.0 0.0 1.0 1.0 0.08 0.07 0.0 255.0 11.0 0.04 0.08 0.0 0.0 0.0 0.0 1.0 1.0
0.0 0.0 0.0 0.0 0.0 0.0 0.0 0.0 0.0 0.0 0.0 0.0 0.0 0.0 0.0 145.0 5.0 0.0 0.0 1.0 1.0 0.03 0.07 0.0 255.0 5.0 0.02 0.08 0.0 0.0 0.0 0.0 1.0 1.0
0.0 0.0 0.0 0.0 0.0 0.0 0.0 0.0 0.0 0.0 0.0 0.0 0.0 0.0 0.0 154.0 10.0 0.0 0.0 1.0 1.0 0.06 0.06 0.0 255.0 10.0 0.04 0.08 0.0 0.0 0.0 0.0 1.0 1.0
0.0 0.0 0.0 0.0 0.0 0.0 0.0 0.0 0.0 0.0 0.0 0.0 0.0 0.0 0.0 163.0 15.0 0.0 0.0 1.0 1.0 0.09 0.06 0.0 255.0 15.0 0.06 0.08 0.0 0.0 0.0 0.0 1.0 1.0
0.0 0.0 0.0 0.0 0.0 0.0 0.0 0.0 0.0 0.0 0.0 0.0 0.0 0.0 0.0 172.0 20.0 0.0 0.0 1.0 1.0 0.12 0.06 0.0 255.0 20.0 0.08 0.08 0.0 0.0 0.0 0.0 1.0 1.0
0.0 0.0 0.0 0.0 0.0 0.0 0.0 0.0 0.0 0.0 0.0 0.0 0.0 0.0 0.0 132.0 4.0 0.0 0.0 1.0 1.0 0.03 0.08 0.0 255.0 4.0 0.02 0.09 0.0 0.0 0.0 0.0 1.0 1.0
0.0 0.0 0.0 0.0 0.0 0.0 0.0 0.0 0.0 0.0 0.0 0.0 0.0 0.0 0.0 141.0 1.0 0.0 0.0 1.0 1.0 0.01 0.09 0.0 255.0 1.0 0.0 0.08 0.0 0.0 0.0 0.0 1.0 1.0
0.0 0.0 0.0 0.0 0.0 0.0 0.0 0.0 0.0 0.0 0.0 0.0 0.0 0.0 0.0 150.0 8.0 0.0 0.0 1.0 1.0 0.05 0.08 0.0 255.0 8.0 0.03 0.08 0.0 0.0 0.0 0.0 1.0 1.0
0.0 0.0 0.0 0.0 0.0 0.0 0.0 0.0 0.0 0.0 0.0 0.0 0.0 0.0 0.0 159.0 13.0 0.0 0.0 1.0 1.0 0.08 0.08 0.0 255.0 13.0 0.05 0.08 0.0 0.0 0.0 0.0 1.0 1.0
0.0 0.0 0.0 0.0 0.0 0.0 0.0 0.0 0.0 0.0 0.0 0.0 0.0 0.0 0.0 168.0 19.0 0.0 0.0 1.0 1.0 0.11 0.07 0.0 255.0 19.0 0.07 0.08 0.0 0.0 0.0 0.0 1.0 1.0
0.0 0.0 0.0 0.0 0.0 0.0 0.0 0.0 0.0 0.0 0.0 0.0 0.0 0.0 0.0 123.0 10.0 0.0 0.0 1.0 1.0 0.08 0.07 0.0 255.0 10.0 0.04 0.09 0.0 0.0 0.0 0.0 1.0 1.0
0.0 0.0 0.0 0.0 0.0 0.0 0.0 0.0 0.0 0.0 0.0 0.0 0.0 0.0 0.0 187.0 7.0 0.0 0.0 1.0 1.0 0.04 0.07 0.0 255.0 7.0 0.03 0.08 0.0 0.0 0.0 0.0 1.0 1.0
0.0 0.0 0.0 0.0 0.0 0.0 0.0 0.0 0.0 0.0 0.0 0.0 0.0 0.0 0.0 196.0 13.0 0.0 0.0 1.0 1.0 0.07 0.07 0.0 255.0 13.0 0.05 0.07 0.0 0.0 0.0 0.0 1.0 1.0
0.0 0.0 0.0 0.0 0.0 0.0 0.0 0.0 0.0 0.0 0.0 0.0 0.0 0.0 0.0 205.0 18.0 0.0 0.0 1.0 1.0 0.09 0.07 0.0 255.0 18.0 0.07 0.07 0.0 0.0 0.0 0.0 1.0 1.0
0.0 0.0 0.0 0.0 0.0 0.0 0.0 0.0 0.0 0.0 0.0 0.0 0.0 0.0 0.0 214.0 17.0 0.0 0.0 1.0 1.0 0.08 0.07 0.0 255.0 17.0 0.07 0.07 0.0 0.0 0.0 0.0 1.0 1.0
0.0 0.0 0.0 0.0 0.0 0.0 0.0 0.0 0.0 0.0 0.0 0.0 0.0 0.0 0.0 158.0 1.0 0.0 0.0 1.0 1.0 0.01 0.07 0.0 255.0 1.0 0.0 0.07 0.0 0.0 0.0 0.0 1.0 1.0
0.0 0.0 0.0 0.0 0.0 0.0 0.0 0.0 0.0 0.0 0.0 0.0 0.0 0.0 0.0 167.0 6.0 0.0 0.0 1.0 1.0 0.04 0.07 0.0 255.0 6.0 0.02 0.07 0.0 0.0 0.0 0.0 1.0 1.0
0.0 0.0 0.0 0.0 0.0 0.0 0.0 0.0 0.0 0.0 0.0 0.0 0.0 0.0 0.0 176.0 9.0 0.0 0.0 1.0 1.0 0.05 0.07 0.0 255.0 9.0 0.04 0.07 0.0 0.0 0.0 0.0 1.0 1.0
0.0 0.0 0.0 0.0 0.0 0.0 0.0 0.0 0.0 0.0 0.0 0.0 0.0 0.0 0.0 185.0 15.0 0.0 0.0 1.0 1.0 0.08 0.07 0.0 255.0 15.0 0.06 0.07 0.0 0.0 0.0 0.0 1.0 1.0
0.0 0.0 0.0 0.0 0.0 0.0 0.0 0.0 0.0 0.0 0.0 0.0 0.0 0.0 0.0 194.0 5.0 0.0 0.0 1.0 1.0 0.03 0.07 0.0 255.0 5.0 0.02 0.07 0.0 0.0 0.0 0.0 1.0 1.0
0.0 0.0 0.0 0.0 0.0 0.0 0.0 0.0 0.0 0.0 0.0 0.0 0.0 0.0 0.0 203.0 11.0 0.0 0.0 1.0 1.0 0.05 0.07 0.0 255.0 11.0 0.04 0.07 0.0 0.0 0.0 0.0 1.0 1.0
0.0 0.0 0.0 0.0 0.0 0.0 0.0 0.0 0.0 0.0 0.0 0.0 0.0 0.0 0.0 133.0 20.0 0.0 0.0 1.0 1.0 0.15 0.07 0.0 255.0 20.0 0.08 0.07 0.0 0.0 0.0 0.0 1.0 1.0
0.0 0.0 0.0 0.0 0.0 0.0 0.0 0.0 0.0 0.0 0.0 0.0 0.0 0.0 0.0 222.0 17.0 0.0 0.0 1.0 1.0 0.08 0.06 0.0 255.0 17.0 0.07 0.07 0.0 0.0 0.0 0.0 1.0 1.0
0.0 0.0 0.0 0.0 0.0 0.0 0.0 0.0 0.0 0.0 0.0 0.0 0.0 0.0 0.0 231.0 8.0 0.0 0.0 1.0 1.0 0.03 0.06 0.0 255.0 8.0 0.03 0.07 0.0 0.0 0.0 0.0 1.0 1.0
0.0 0.0 0.0 0.0 0.0 0.0 0.0 0.0 0.0 0.0 0.0 0.0 0.0 0.0 0.0 240.0 12.0 0.0 0.0 1.0 1.0 0.05 0.06 0.0 255.0 12.0 0.05 0.07 0.0 0.0 0.0 0.0 1.0 1.0
0.0 0.0 0.0 0.0 0.0 0.0 0.0 0.0 0.0 0.0 0.0 0.0 0.0 0.0 0.0 249.0 17.0 0.0 0.0 1.0 1.0 0.07 0.06 0.0 255.0 17.0 0.07 0.06 0.0 0.0 0.0 0.0 1.0 1.0
0.0 0.0 0.0 0.0 0.0 0.0 0.0 0.0 0.0 0.0 0.0 0.0 0.0 0.0 0.0 198.0 1.0 0.0 0.0 1.0 1.0 0.01 0.07 0.0 255.0 1.0 0.0 0.07 0.0 0.0 0.0 0.0 1.0 1.0
0.0 0.0 0.0 0.0 0.0 0.0 0.0 0.0 0.0 0.0 0.0 0.0 0.0 0.0 0.0 207.0 5.0 0.0 0.0 1.0 1.0 0.02 0.07 0.0 255.0 5.0 0.02 0.07 0.0 0.0 0.0 0.0 1.0 1.0
0.0 0.0 0.0 0.0 0.0 0.0 0.0 0.0 0.0 0.0 0.0 0.0 0.0 0.0 0.0 216.0 1.0 0.0 0.0 1.0 1.0 0.0 0.07 0.0 255.0 1.0 0.0 0.08 0.0 0.0 0.0 0.0 1.0 1.0
0.0 0.0 0.0 0.0 0.0 0.0 0.0 0.0 0.0 0.0 0.0 0.0 0.0 0.0 0.0 225.0 9.0 0.0 0.0 1.0 1.0 0.04 0.07 0.0 255.0 9.0 0.04 0.08 0.0 0.0 0.0 0.0 1.0 1.0
0.0 0.0 0.0 0.0 0.0 0.0 0.0 0.0 0.0 0.0 0.0 0.0 0.0 0.0 0.0 234.0 14.0 0.0 0.0 1.0 1.0 0.06 0.07 0.0 255.0 14.0 0.05 0.07 0.0 0.0 0.0 0.0 1.0 1.0
0.0 0.0 0.0 0.0 0.0 0.0 0.0 0.0 0.0 0.0 0.0 0.0 0.0 0.0 0.0 243.0 17.0 0.0 0.0 1.0 1.0 0.07 0.07 0.0 255.0 17.0 0.07 0.07 0.0 0.0 0.0 0.0 1.0 1.0
0.0 0.0 0.0 0.0 0.0 0.0 0.0 0.0 0.0 0.0 0.0 0.0 0.0 0.0 0.0 143.0 13.0 0.0 0.0 1.0 1.0 0.09 0.06 0.0 255.0 10.0 0.04 0.08 0.0 0.0 0.0 0.0 1.0 1.0
0.0 0.0 0.0 0.0 0.0 0.0 0.0 0.0 0.0 0.0 0.0 0.0 0.0 0.0 0.0 262.0 11.0 0.0 0.0 1.0 1.0 0.04 0.07 0.0 255.0 11.0 0.04 0.08 0.0 0.0 0.0 0.0 1.0 1.0
0.0 0.0 0.0 0.0 0.0 0.0 0.0 0.0 0.0 0.0 0.0 0.0 0.0 0.0 0.0 271.0 12.0 0.0 0.0 1.0 1.0 0.04 0.07 0.0 255.0 12.0 0.05 0.08 0.0 0.0 0.0 0.0 1.0 1.0
0.0 0.0 0.0 0.0 0.0 0.0 0.0 0.0 0.0 0.0 0.0 0.0 0.0 0.0 0.0 280.0 16.0 0.0 0.0 1.0 1.0 0.06 0.06 0.0 255.0 16.0 0.06 0.07 0.0 0.0 0.0 0.0 1.0 1.0
0.0 0.0 0.0 0.0 0.0 0.0 0.0 0.0 0.0 0.0 0.0 0.0 0.0 0.0 0.0 289.0 15.0 0.0 0.0 1.0 1.0 0.05 0.06 0.0 255.0 15.0 0.06 0.07 0.0 0.0 0.0 0.0 1.0 1.0
0.0 0.0 0.0 0.0 0.0 0.0 0.0 0.0 0.0 0.0 0.0 0.0 0.0 0.0 0.0 298.0 20.0 0.0 0.0 1.0 1.0 0.07 0.06 0.0 255.0 20.0 0.08 0.07 0.0 0.0 0.0 0.0 1.0 1.0
0.0 0.0 0.0 0.0 0.0 0.0 0.0 0.0 0.0 0.0 0.0 0.0 0.0 0.0 0.0 210.0 5.0 0.0 0.0 1.0 1.0 0.02 0.07 0.0 255.0 5.0 0.02 0.08 0.0 0.0 0.0 0.0 1.0 1.0
0.0 0.0 0.0 0.0 0.0 0.0 0.0 0.0 0.0 0.0 0.0 0.0 0.0 0.0 0.0 219.0 10.0 0.0 0.0 1.0 1.0 0.05 0.06 0.0 255.0 10.0 0.04 0.07 0.0 0.0 0.0 0.0 1.0 1.0
0.0 0.0 0.0 0.0 0.0 0.0 0.0 0.0 0.0 0.0 0.0 0.0 0.0 0.0 0.0 228.0 13.0 0.0 0.0 1.0 1.0 0.06 0.07 0.0 255.0 13.0 0.05 0.08 0.0 0.0 0.0 0.0 1.0 1.0
0.0 0.0 0.0 0.0 0.0 0.0 0.0 0.0 0.0 0.0 0.0 0.0 0.0 0.0 0.0 237.0 15.0 0.0 0.0 1.0 1.0 0.06 0.07 0.0 255.0 15.0 0.06 0.07 0.0 0.0 0.0 0.0 1.0 1.0
0.0 0.0 0.0 0.0 0.0 0.0 0.0 0.0 0.0 0.0 0.0 0.0 0.0 0.0 0.0 246.0 10.0 0.0 0.0 1.0 1.0 0.04 0.07 0.0 255.0 10.0 0.04 0.07 0.0 0.0 0.0 0.0 1.0 1.0
0.0 0.0 0.0 0.0 0.0 0.0 0.0 0.0 0.0 0.0 0.0 0.0 0.0 0.0 0.0 103.0 4.0 0.0 0.0 1.0 1.0 0.04 0.06 0.0 255.0 3.0 0.01 0.07 0.0 0.0 0.0 0.0 1.0 1.0
0.0 0.0 0.0 0.0 0.0 0.0 0.0 0.0 0.0 0.0 0.0 0.0 0.0 0.0 0.0 265.0 4.0 0.0 0.0 1.0 1.0 0.02 0.06 0.0 255.0 4.0 0.02 0.07 0.0 0.0 0.0 0.0 1.0 1.0
0.0 0.0 0.0 0.0 0.0 0.0 0.0 0.0 0.0 0.0 0.0 0.0 0.0 0.0 0.0 274.0 8.0 0.0 0.0 1.0 1.0 0.03 0.06 0.0 255.0 8.0 0.03 0.08 0.0 0.0 0.0 0.0 1.0 1.0
0.0 0.0 0.0 0.0 0.0 0.0 0.0 0.0 0.0 0.0 0.0 0.0 0.0 0.0 0.0 283.0 14.0 0.0 0.0 1.0 1.0 0.05 0.06 0.0 255.0 14.0 0.05 0.08 0.0 0.0 0.0 0.0 1.0 1.0
0.0 0.0 0.0 0.0 0.0 0.0 0.0 0.0 0.0 0.0 0.0 0.0 0.0 0.0 0.0 292.0 19.0 0.0 0.0 1.0 1.0 0.07 0.05 0.0 255.0 19.0 0.07 0.07 0.0 0.0 0.0 0.0 1.0 1.0
0.0 0.0 0.0 0.0 0.0 0.0 0.0 0.0 0.0 0.0 0.0 0.0 0.0 0.0 0.0 201.0 1.0 0.0 0.0 1.0 1.0 0.0 0.06 0.0 255.0 1.0 0.0 0.07 0.0 0.0 0.0 0.0 1.0 1.0
0.0 0.0 0.0 0.0 0.0 0.0 0.0 0.0 0.0 0.0 0.0 0.0 0.0 0.0 0.0 210.0 6.0 0.0 0.0 1.0 1.0 0.03 0.07 0.0 255.0 6.0 0.02 0.08 0.0 0.0 0.0 0.0 1.0 1.0
0.0 0.0 0.0 0.0 0.0 0.0 0.0 0.0 0.0 0.0 0.0 0.0 0.0 0.0 0.0 219.0 1.0 0.0 0.0 1.0 1.0 0.0 0.07 0.0 255.0 1.0 0.0 0.09 0.0 0.0 0.0 0.0 1.0 1.0
0.0 0.0 0.0 0.0 0.0 0.0 0.0 0.0 0.0 0.0 0.0 0.0 0.0 0.0 0.0 228.0 17.0 0.0 0.0 1.0 1.0 0.07 0.07 0.0 255.0 17.0 0.07 0.09 0.0 0.0 0.0 0.0 1.0 1.0
0.0 0.0 0.0 0.0 0.0 0.0 0.0 0.0 0.0 0.0 0.0 0.0 0.0 0.0 0.0 237.0 19.0 0.0 0.0 1.0 1.0 0.08 0.07 0.0 255.0 19.0 0.07 0.08 0.0 0.0 0.0 0.0 1.0 1.0
0.0 0.0 0.0 0.0 0.0 0.0 0.0 0.0 0.0 0.0 0.0 0.0 0.0 0.0 0.0 246.0 4.0 0.0 0.0 1.0 1.0 0.02 0.07 0.0 255.0 4.0 0.02 0.08 0.0 0.0 0.0 0.0 1.0 1.0
0.0 0.0 0.0 0.0 0.0 0.0 0.0 0.0 0.0 0.0 0.0 0.0 0.0 0.0 0.0 113.0 10.0 0.0 0.0 1.0 1.0 0.09 0.06 0.0 255.0 10.0 0.04 0.08 0.0 0.0 0.0 0.0 1.0 1.0
0.0 0.0 0.0 0.0 0.0 0.0 0.0 0.0 0.0 0.0 0.0 0.0 0.0 0.0 0.0 265.0 13.0 0.0 0.0 1.0 1.0 0.05 0.07 0.0 255.0 13.0 0.05 0.08 0.0 0.0 0.0 0.0 1.0 1.0
0.0 0.0 0.0 0.0 0.0 0.0 0.0 0.0 0.0 0.0 0.0 0.0 0.0 0.0 0.0 274.0 18.0 0.0 0.0 1.0 1.0 0.07 0.07 0.0 255.0 18.0 0.07 0.08 0.0 0.0 0.0 0.0 1.0 1.0
0.0 0.0 0.0 0.0 0.0 0.0 0.0 0.0 0.0 0.0 0.0 0.0 0.0 0.0 0.0 283.0 11.0 0.0 0.0 1.0 1.0 0.04 0.06 0.0 255.0 11.0 0.04 0.09 0.0 0.0 0.0 0.0 1.0 1.0
0.0 0.0 0.0 0.0 0.0 0.0 0.0 0.0 0.0 0.0 0.0 0.0 0.0 0.0 0.0 292.0 16.0 0.0 0.0 1.0 1.0 0.05 0.06 0.0 255.0 16.0 0.06 0.08 0.0 0.0 0.0 0.0 1.0 1.0
0.0 0.0 0.0 0.0 0.0 0.0 0.0 0.0 0.0 0.0 0.0 0.0 0.0 0.0 0.0 200.0 1.0 0.0 0.0 1.0 1.0 0.0 0.06 0.0 255.0 1.0 0.0 0.09 0.0 0.0 0.0 0.0 1.0 1.0
0.0 0.0 0.0 0.0 0.0 0.0 0.0 0.0 0.0 0.0 0.0 0.0 0.0 0.0 0.0 209.0 6.0 0.0 0.0 1.0 1.0 0.03 0.07 0.0 255.0 6.0 0.02 0.09 0.0 0.0 0.0 0.0 1.0 1.0
0.0 0.0 0.0 0.0 0.0 0.0 0.0 0.0 0.0 0.0 0.0 0.0 0.0 0.0 0.0 218.0 9.0 0.0 0.0 1.0 1.0 0.04 0.06 0.0 255.0 9.0 0.04 0.08 0.0 0.0 0.0 0.0 1.0 1.0
0.0 0.0 0.0 0.0 0.0 0.0 0.0 0.0 0.0 0.0 0.0 0.0 0.0 0.0 0.0 227.0 1.0 0.0 0.0 1.0 1.0 0.0 0.07 0.0 255.0 1.0 0.0 0.08 0.0 0.0 0.0 0.0 1.0 1.0
0.0 0.0 0.0 0.0 0.0 0.0 0.0 0.0 0.0 0.0 0.0 0.0 0.0 0.0 0.0 236.0 6.0 0.0 0.0 1.0 1.0 0.03 0.07 0.0 255.0 6.0 0.02 0.08 0.0 0.0 0.0 0.0 1.0 1.0
0.0 0.0 0.0 0.0 0.0 0.0 0.0 0.0 0.0 0.0 0.0 0.0 0.0 0.0 0.0 245.0 8.0 0.0 0.0 1.0 1.0 0.03 0.07 0.0 255.0 8.0 0.03 0.08 0.0 0.0 0.0 0.0 1.0 1.0
0.0 0.0 0.0 0.0 0.0 0.0 0.0 0.0 0.0 0.0 0.0 0.0 0.0 0.0 0.0 123.0 9.0 0.0 0.0 1.0 1.0 0.07 0.07 0.0 255.0 9.0 0.04 0.08 0.0 0.0 0.0 0.0 1.0 1.0
0.0 0.0 0.0 0.0 0.0 0.0 0.0 0.0 0.0 0.0 0.0 0.0 0.0 0.0 0.0 264.0 20.0 0.0 0.0 1.0 1.0 0.08 0.06 0.0 255.0 20.0 0.08 0.07 0.0 0.0 0.0 0.0 1.0 1.0
0.0 0.0 0.0 0.0 0.0 0.0 0.0 0.0 0.0 0.0 0.0 0.0 0.0 0.0 0.0 273.0 7.0 0.0 0.0 1.0 1.0 0.03 0.06 0.0 255.0 7.0 0.03 0.07 0.0 0.0 0.0 0.0 1.0 1.0
0.0 0.0 0.0 0.0 0.0 0.0 0.0 0.0 0.0 0.0 0.0 0.0 0.0 0.0 0.0 282.0 12.0 0.0 0.0 1.0 1.0 0.04 0.06 0.0 255.0 12.0 0.05 0.07 0.0 0.0 0.0 0.0 1.0 1.0
0.0 0.0 0.0 0.0 0.0 0.0 0.0 0.0 0.0 0.0 0.0 0.0 0.0 0.0 0.0 291.0 15.0 0.0 0.0 1.0 1.0 0.05 0.05 0.0 255.0 15.0 0.06 0.07 0.0 0.0 0.0 0.0 1.0 1.0
0.0 0.0 0.0 0.0 0.0 0.0 0.0 0.0 0.0 0.0 0.0 0.0 0.0 0.0 0.0 300.0 20.0 0.0 0.0 1.0 1.0 0.07 0.05 0.0 255.0 20.0 0.08 0.07 0.0 0.0 0.0 0.0 1.0 1.0
0.0 0.0 0.0 0.0 0.0 0.0 0.0 0.0 0.0 0.0 0.0 0.0 0.0 0.0 0.0 210.0 5.0 0.0 0.0 1.0 1.0 0.02 0.07 0.0 255.0 5.0 0.02 0.08 0.0 0.0 0.0 0.0 1.0 1.0
0.0 0.0 0.0 0.0 0.0 0.0 0.0 0.0 0.0 0.0 0.0 0.0 0.0 0.0 0.0 219.0 1.0 0.0 0.0 1.0 1.0 0.0 0.07 0.0 255.0 1.0 0.0 0.09 0.0 0.0 0.0 0.0 1.0 1.0
0.0 0.0 0.0 0.0 0.0 0.0 0.0 0.0 0.0 0.0 0.0 0.0 0.0 0.0 0.0 228.0 11.0 0.0 0.0 1.0 1.0 0.05 0.07 0.0 255.0 11.0 0.04 0.08 0.0 0.0 0.0 0.0 1.0 1.0
0.0 0.0 0.0 0.0 0.0 0.0 0.0 0.0 0.0 0.0 0.0 0.0 0.0 0.0 0.0 237.0 16.0 0.0 0.0 1.0 1.0 0.07 0.07 0.0 255.0 16.0 0.06 0.07 0.0 0.0 0.0 0.0 1.0 1.0
0.0 0.0 0.0 0.0 0.0 0.0 0.0 0.0 0.0 0.0 0.0 0.0 0.0 0.0 0.0 246.0 19.0 0.0 0.0 1.0 1.0 0.08 0.07 0.0 255.0 19.0 0.07 0.07 0.0 0.0 0.0 0.0 1.0 1.0
0.0 0.0 0.0 0.0 0.0 0.0 0.0 0.0 0.0 0.0 0.0 0.0 0.0 0.0 0.0 133.0 19.0 0.0 0.0 1.0 1.0 0.14 0.06 0.0 255.0 19.0 0.07 0.08 0.0 0.0 0.0 0.0 1.0 1.0
0.0 0.0 0.0 0.0 0.0 0.0 0.0 0.0 0.0 0.0 0.0 0.0 0.0 0.0 0.0 265.0 9.0 0.0 0.0 1.0 1.0 0.03 0.07 0.0 255.0 9.0 0.04 0.08 0.0 0.0 0.0 0.0 1.0 1.0
0.0 0.0 0.0 0.0 0.0 0.0 0.0 0.0 0.0 0.0 0.0 0.0 0.0 0.0 0.0 274.0 15.0 0.0 0.0 1.0 1.0 0.05 0.07 0.0 255.0 15.0 0.06 0.07 0.0 0.0 0.0 0.0 1.0 1.0
0.0 0.0 0.0 0.0 0.0 0.0 0.0 0.0 0.0 0.0 0.0 0.0 0.0 0.0 0.0 283.0 20.0 0.0 0.0 1.0 1.0 0.07 0.06 0.0 255.0 20.0 0.08 0.07 0.0 0.0 0.0 0.0 1.0 1.0
0.0 0.0 0.0 0.0 0.0 0.0 0.0 0.0 0.0 0.0 0.0 0.0 0.0 0.0 0.0 292.0 17.0 0.0 0.0 1.0 1.0 0.06 0.06 0.0 255.0 17.0 0.07 0.07 0.0 0.0 0.0 0.0 1.0 1.0
0.0 0.0 0.0 0.0 0.0 0.0 0.0 0.0 0.0 0.0 0.0 0.0 0.0 0.0 0.0 201.0 5.0 0.0 0.0 1.0 1.0 0.02 0.06 0.0 255.0 5.0 0.02 0.07 0.0 0.0 0.0 0.0 1.0 1.0
0.0 0.0 0.0 0.0 0.0 0.0 0.0 0.0 0.0 0.0 0.0 0.0 0.0 0.0 0.0 210.0 5.0 0.0 0.0 1.0 1.0 0.02 0.07 0.0 255.0 5.0 0.02 0.07 0.0 0.0 0.0 0.0 1.0 1.0
0.0 0.0 0.0 0.0 0.0 0.0 0.0 0.0 0.0 0.0 0.0 0.0 0.0 0.0 0.0 219.0 9.0 0.0 0.0 1.0 1.0 0.04 0.07 0.0 255.0 9.0 0.04 0.07 0.0 0.0 0.0 0.0 1.0 1.0
0.0 0.0 0.0 0.0 0.0 0.0 0.0 0.0 0.0 0.0 0.0 0.0 0.0 0.0 0.0 228.0 3.0 0.0 0.0 1.0 1.0 0.01 0.07 0.0 255.0 3.0 0.01 0.08 0.0 0.0 0.0 0.0 1.0 1.0
0.0 0.0 0.0 0.0 0.0 0.0 0.0 0.0 0.0 0.0 0.0 0.0 0.0 0.0 0.0 237.0 8.0 0.0 0.0 1.0 1.0 0.03 0.07 0.0 255.0 8.0 0.03 0.07 0.0 0.0 0.0 0.0 1.0 1.0
0.0 0.0 0.0 0.0 0.0 0.0 0.0 0.0 0.0 0.0 0.0 0.0 0.0 0.0 0.0 246.0 11.0 0.0 0.0 1.0 1.0 0.04 0.07 0.0 255.0 11.0 0.04 0.07 0.0 0.0 0.0 0.0 1.0 1.0
0.0 0.0 0.0 0.0 0.0 0.0 0.0 0.0 0.0 0.0 0.0 0.0 0.0 0.0 0.0 143.0 13.0 0.0 0.0 1.0 1.0 0.09 0.06 0.0 255.0 9.0 0.04 0.07 0.0 0.0 0.0 0.0 1.0 1.0
0.0 0.0 0.0 0.0 0.0 0.0 0.0 0.0 0.0 0.0 0.0 0.0 0.0 0.0 0.0 265.0 6.0 0.0 0.0 1.0 1.0 0.02 0.06 0.0 255.0 6.0 0.02 0.07 0.0 0.0 0.0 0.0 1.0 1.0
0.0 0.0 0.0 0.0 0.0 0.0 0.0 0.0 0.0 0.0 0.0 0.0 0.0 0.0 0.0 274.0 9.0 0.0 0.0 1.0 1.0 0.03 0.06 0.0 255.0 9.0 0.04 0.07 0.0 0.0 0.0 0.0 1.0 1.0
0.0 0.0 0.0 0.0 0.0 0.0 0.0 0.0 0.0 0.0 0.0 0.0 0.0 0.0 0.0 283.0 14.0 0.0 0.0 1.0 1.0 0.05 0.06 0.0 255.0 14.0 0.05 0.07 0.0 0.0 0.0 0.0 1.0 1.0
0.0 0.0 0.0 0.0 0.0 0.0 0.0 0.0 0.0 0.0 0.0 0.0 0.0 0.0 0.0 292.0 19.0 0.0 0.0 1.0 1.0 0.07 0.05 0.0 255.0 19.0 0.07 0.07 0.0 0.0 0.0 0.0 1.0 1.0
0.0 0.0 0.0 0.0 0.0 0.0 0.0 0.0 0.0 0.0 0.0 0.0 0.0 0.0 0.0 200.0 1.0 0.0 0.0 1.0 1.0 0.0 0.07 0.0 255.0 1.0 0.0 0.07 0.0 0.0 0.0 0.0 1.0 1.0
0.0 0.0 0.0 0.0 0.0 0.0 0.0 0.0 0.0 0.0 0.0 0.0 0.0 0.0 0.0 209.0 6.0 0.0 0.0 1.0 1.0 0.03 0.07 0.0 255.0 6.0 0.02 0.07 0.0 0.0 0.0 0.0 1.0 1.0
0.0 0.0 0.0 0.0 0.0 0.0 0.0 0.0 0.0 0.0 0.0 0.0 0.0 0.0 0.0 218.0 1.0 0.0 0.0 1.0 1.0 0.0 0.07 0.0 255.0 1.0 0.0 0.08 0.0 0.0 0.0 0.0 1.0 1.0
0.0 0.0 0.0 0.0 0.0 0.0 0.0 0.0 0.0 0.0 0.0 0.0 0.0 0.0 0.0 227.0 12.0 0.0 0.0 1.0 1.0 0.05 0.07 0.0 255.0 12.0 0.05 0.08 0.0 0.0 0.0 0.0 1.0 1.0
0.0 0.0 0.0 0.0 0.0 0.0 0.0 0.0 0.0 0.0 0.0 0.0 0.0 0.0 0.0 236.0 17.0 0.0 0.0 1.0 1.0 0.07 0.07 0.0 255.0 17.0 0.07 0.07 0.0 0.0 0.0 0.0 1.0 1.0
0.0 0.0 0.0 0.0 0.0 0.0 0.0 0.0 0.0 0.0 0.0 0.0 0.0 0.0 0.0 245.0 3.0 0.0 0.0 1.0 1.0 0.01 0.07 0.0 255.0 3.0 0.01 0.09 0.0 0.0 0.0 0.0 1.0 1.0
0.0 0.0 0.0 0.0 0.0 0.0 0.0 0.0 0.0 0.0 0.0 0.0 0.0 0.0 0.0 103.0 13.0 0.0 0.0 1.0 1.0 0.13 0.07 0.0 255.0 2.0 0.01 0.09 0.0 0.0 0.0 0.0 1.0 1.0
0.0 0.0 0.0 0.0 0.0 0.0 0.0 0.0 0.0 0.0 0.0 0.0 0.0 0.0 0.0 264.0 11.0 0.0 0.0 1.0 1.0 0.04 0.07 0.0 255.0 11.0 0.04 0.09 0.0 0.0 0.0 0.0 1.0 1.0
