0.0 0.0 0.0 0.0 0.0 0.0 0.0 0.0 0.0 0.0 0.0 0.0 0.0 0.0 0.0 275.0 9.0 0.0 0.0 1.0 1.0 0.03 0.07 0.0 255.0 9.0 0.04 0.07 0.0 0.0 0.0 0.0 1.0 1.0
0.0 0.0 0.0 0.0 0.0 0.0 0.0 0.0 0.0 0.0 0.0 0.0 0.0 0.0 0.0 285.0 14.0 0.0 0.0 1.0 1.0 0.05 0.06 0.0 255.0 14.0 0.05 0.07 0.0 0.0 0.0 0.0 1.0 1.0
0.0 0.0 0.0 0.0 0.0 0.0 0.0 0.0 0.0 0.0 0.0 0.0 0.0 0.0 0.0 295.0 19.0 0.0 0.0 1.0 1.0 0.06 0.06 0.0 255.0 19.0 0.07 0.07 0.0 0.0 0.0 0.0 1.0 1.0
0.0 0.0 0.0 0.0 0.0 0.0 0.0 0.0 0.0 0.0 0.0 0.0 0.0 0.0 0.0 205.0 3.0 0.0 0.0 1.0 1.0 0.01 0.07 0.0 255.0 3.0 0.01 0.07 0.0 0.0 0.0 0.0 1.0 1.0
0.0 0.0 0.0 0.0 0.0 0.0 0.0 0.0 0.0 0.0 0.0 0.0 0.0 0.0 0.0 215.0 8.0 0.0 0.0 1.0 1.0 0.04 0.07 0.0 255.0 8.0 0.03 0.07 0.0 0.0 0.0 0.0 1.0 1.0
0.0 0.0 0.0 0.0 0.0 0.0 0.0 0.0 0.0 0.0 0.0 0.0 0.0 0.0 0.0 225.0 13.0 0.0 0.0 1.0 1.0 0.06 0.07 0.0 255.0 13.0 0.05 0.07 0.0 0.0 0.0 0.0 1.0 1.0
0.0 0.0 0.0 0.0 0.0 0.0 0.0 0.0 0.0 0.0 0.0 0.0 0.0 0.0 0.0 235.0 18.0 0.0 0.0 1.0 1.0 0.08 0.06 0.0 255.0 18.0 0.07 0.07 0.0 0.0 0.0 0.0 1.0 1.0
0.0 0.0 0.0 0.0 0.0 0.0 0.0 0.0 0.0 0.0 0.0 0.0 0.0 0.0 0.0 245.0 4.0 0.0 0.0 1.0 1.0 0.02 0.07 0.0 255.0 4.0 0.02 0.07 0.0 0.0 0.0 0.0 1.0 1.0
0.0 0.0 0.0 0.0 0.0 0.0 0.0 0.0 0.0 0.0 0.0 0.0 0.0 0.0 0.0 255.0 9.0 0.0 0.0 1.0 1.0 0.04 0.06 0.0 255.0 9.0 0.04 0.06 0.0 0.0 0.0 0.0 1.0 1.0
0.0 0.0 0.0 0.0 0.0 0.0 0.0 0.0 0.0 0.0 0.0 0.0 0.0 0.0 0.0 265.0 14.0 0.0 0.0 1.0 1.0 0.05 0.06 0.0 255.0 14.0 0.05 0.06 0.0 0.0 0.0 0.0 1.0 1.0
0.0 0.0 0.0 0.0 0.0 0.0 0.0 0.0 0.0 0.0 0.0 0.0 0.0 0.0 0.0 275.0 19.0 0.0 0.0 1.0 1.0 0.07 0.06 0.0 255.0 19.0 0.07 0.06 0.0 0.0 0.0 0.0 1.0 1.0
0.0 0.0 0.0 0.0 0.0 0.0 0.0 0.0 0.0 0.0 0.0 0.0 0.0 0.0 0.0 285.0 13.0 0.0 0.0 1.0 1.0 0.05 0.06 0.0 255.0 13.0 0.05 0.06 0.0 0.0 0.0 0.0 1.0 1.0
0.0 0.0 0.0 0.0 0.0 0.0 0.0 0.0 0.0 0.0 0.0 0.0 0.0 0.0 0.0 295.0 18.0 0.0 0.0 1.0 1.0 0.06 0.05 0.0 255.0 18.0 0.07 0.06 0.0 0.0 0.0 0.0 1.0 1.0
0.0 0.0 0.0 0.0 0.0 0.0 0.0 0.0 0.0 0.0 0.0 0.0 0.0 0.0 0.0 205.0 3.0 0.0 0.0 1.0 1.0 0.01 0.07 0.0 255.0 3.0 0.01 0.07 0.0 0.0 0.0 0.0 1.0 1.0
0.0 0.0 0.0 0.0 0.0 0.0 0.0 0.0 0.0 0.0 0.0 0.0 0.0 0.0 0.0 215.0 8.0 0.0 0.0 1.0 1.0 0.04 0.07 0.0 255.0 8.0 0.03 0.07 0.0 0.0 0.0 0.0 1.0 1.0
0.0 0.0 0.0 0.0 0.0 0.0 0.0 0.0 0.0 0.0 0.0 0.0 0.0 0.0 0.0 225.0 13.0 0.0 0.0 1.0 1.0 0.06 0.07 0.0 255.0 13.0 0.05 0.07 0.0 0.0 0.0 0.0 1.0 1.0
0.0 0.0 0.0 0.0 0.0 0.0 0.0 0.0 0.0 0.0 0.0 0.0 0.0 0.0 0.0 235.0 16.0 0.0 0.0 1.0 1.0 0.07 0.07 0.0 255.0 16.0 0.06 0.07 0.0 0.0 0.0 0.0 1.0 1.0
0.0 0.0 0.0 0.0 0.0 0.0 0.0 0.0 0.0 0.0 0.0 0.0 0.0 0.0 0.0 245.0 3.0 0.0 0.0 1.0 1.0 0.01 0.07 0.0 255.0 3.0 0.01 0.08 0.0 0.0 0.0 0.0 1.0 1.0
0.0 0.0 0.0 0.0 0.0 0.0 0.0 0.0 0.0 0.0 0.0 0.0 0.0 0.0 0.0 255.0 8.0 0.0 0.0 1.0 1.0 0.03 0.07 0.0 255.0 8.0 0.03 0.07 0.0 0.0 0.0 0.0 1.0 1.0
0.0 0.0 0.0 0.0 0.0 0.0 0.0 0.0 0.0 0.0 0.0 0.0 0.0 0.0 0.0 265.0 13.0 0.0 0.0 1.0 1.0 0.05 0.07 0.0 255.0 13.0 0.05 0.07 0.0 0.0 0.0 0.0 1.0 1.0
0.0 0.0 0.0 0.0 0.0 0.0 0.0 0.0 0.0 0.0 0.0 0.0 0.0 0.0 0.0 275.0 18.0 0.0 0.0 1.0 1.0 0.07 0.07 0.0 255.0 18.0 0.07 0.07 0.0 0.0 0.0 0.0 1.0 1.0
0.0 0.0 0.0 0.0 0.0 0.0 0.0 0.0 0.0 0.0 0.0 0.0 0.0 0.0 0.0 285.0 13.0 0.0 0.0 1.0 1.0 0.05 0.06 0.0 255.0 13.0 0.05 0.07 0.0 0.0 0.0 0.0 1.0 1.0
0.0 0.0 0.0 0.0 0.0 0.0 0.0 0.0 0.0 0.0 0.0 0.0 0.0 0.0 0.0 295.0 18.0 0.0 0.0 1.0 1.0 0.06 0.06 0.0 255.0 18.0 0.07 0.07 0.0 0.0 0.0 0.0 1.0 1.0
0.0 0.0 0.0 0.0 0.0 0.0 0.0 0.0 0.0 0.0 0.0 0.0 0.0 0.0 0.0 205.0 3.0 0.0 0.0 1.0 1.0 0.01 0.07 0.0 255.0 3.0 0.01 0.07 0.0 0.0 0.0 0.0 1.0 1.0
0.0 0.0 0.0 0.0 0.0 0.0 0.0 0.0 0.0 0.0 0.0 0.0 0.0 0.0 0.0 215.0 3.0 0.0 0.0 1.0 1.0 0.01 0.07 0.0 255.0 3.0 0.01 0.07 0.0 0.0 0.0 0.0 1.0 1.0
0.0 0.0 0.0 0.0 0.0 0.0 0.0 0.0 0.0 0.0 0.0 0.0 0.0 0.0 0.0 225.0 8.0 0.0 0.0 1.0 1.0 0.04 0.07 0.0 255.0 8.0 0.03 0.07 0.0 0.0 0.0 0.0 1.0 1.0
0.0 0.0 0.0 0.0 0.0 0.0 0.0 0.0 0.0 0.0 0.0 0.0 0.0 0.0 0.0 235.0 6.0 0.0 0.0 1.0 1.0 0.03 0.06 0.0 255.0 6.0 0.02 0.07 0.0 0.0 0.0 0.0 1.0 1.0
0.0 0.0 0.0 0.0 0.0 0.0 0.0 0.0 0.0 0.0 0.0 0.0 0.0 0.0 0.0 245.0 11.0 0.0 0.0 1.0 1.0 0.04 0.07 0.0 255.0 11.0 0.04 0.07 0.0 0.0 0.0 0.0 1.0 1.0
0.0 0.0 0.0 0.0 0.0 0.0 0.0 0.0 0.0 0.0 0.0 0.0 0.0 0.0 0.0 255.0 16.0 0.0 0.0 1.0 1.0 0.06 0.06 0.0 255.0 16.0 0.06 0.06 0.0 0.0 0.0 0.0 1.0 1.0
0.0 0.0 0.0 0.0 0.0 0.0 0.0 0.0 0.0 0.0 0.0 0.0 0.0 0.0 0.0 265.0 3.0 0.0 0.0 1.0 1.0 0.01 0.06 0.0 255.0 3.0 0.01 0.06 0.0 0.0 0.0 0.0 1.0 1.0
0.0 0.0 0.0 0.0 0.0 0.0 0.0 0.0 0.0 0.0 0.0 0.0 0.0 0.0 0.0 275.0 8.0 0.0 0.0 1.0 1.0 0.03 0.06 0.0 255.0 8.0 0.03 0.06 0.0 0.0 0.0 0.0 1.0 1.0
0.0 0.0 0.0 0.0 0.0 0.0 0.0 0.0 0.0 0.0 0.0 0.0 0.0 0.0 0.0 285.0 13.0 0.0 0.0 1.0 1.0 0.05 0.06 0.0 255.0 13.0 0.05 0.06 0.0 0.0 0.0 0.0 1.0 1.0
0.0 0.0 0.0 0.0 0.0 0.0 0.0 0.0 0.0 0.0 0.0 0.0 0.0 0.0 0.0 295.0 18.0 0.0 0.0 1.0 1.0 0.06 0.05 0.0 255.0 18.0 0.07 0.06 0.0 0.0 0.0 0.0 1.0 1.0
0.0 0.0 0.0 0.0 0.0 0.0 0.0 0.0 0.0 0.0 0.0 0.0 0.0 0.0 0.0 205.0 3.0 0.0 0.0 1.0 1.0 0.01 0.07 0.0 255.0 3.0 0.01 0.07 0.0 0.0 0.0 0.0 1.0 1.0
0.0 0.0 0.0 0.0 0.0 0.0 0.0 0.0 0.0 0.0 0.0 0.0 0.0 0.0 0.0 215.0 8.0 0.0 0.0 1.0 1.0 0.04 0.07 0.0 255.0 8.0 0.03 0.07 0.0 0.0 0.0 0.0 1.0 1.0
0.0 0.0 0.0 0.0 0.0 0.0 0.0 0.0 0.0 0.0 0.0 0.0 0.0 0.0 0.0 225.0 13.0 0.0 0.0 1.0 1.0 0.06 0.07 0.0 255.0 13.0 0.05 0.07 0.0 0.0 0.0 0.0 1.0 1.0
0.0 0.0 0.0 0.0 0.0 0.0 0.0 0.0 0.0 0.0 0.0 0.0 0.0 0.0 0.0 235.0 16.0 0.0 0.0 1.0 1.0 0.07 0.07 0.0 255.0 16.0 0.06 0.07 0.0 0.0 0.0 0.0 1.0 1.0
0.0 0.0 0.0 0.0 0.0 0.0 0.0 0.0 0.0 0.0 0.0 0.0 0.0 0.0 0.0 245.0 1.0 0.0 0.0 1.0 1.0 0.0 0.07 0.0 255.0 1.0 0.0 0.07 0.0 0.0 0.0 0.0 1.0 1.0
0.0 0.0 0.0 0.0 0.0 0.0 0.0 0.0 0.0 0.0 0.0 0.0 0.0 0.0 0.0 255.0 6.0 0.0 0.0 1.0 1.0 0.02 0.07 0.0 255.0 6.0 0.02 0.07 0.0 0.0 0.0 0.0 1.0 1.0
0.0 0.0 0.0 0.0 0.0 0.0 0.0 0.0 0.0 0.0 0.0 0.0 0.0 0.0 0.0 265.0 11.0 0.0 0.0 1.0 1.0 0.04 0.07 0.0 255.0 11.0 0.04 0.07 0.0 0.0 0.0 0.0 1.0 1.0
0.0 0.0 0.0 0.0 0.0 0.0 0.0 0.0 0.0 0.0 0.0 0.0 0.0 0.0 0.0 275.0 16.0 0.0 0.0 1.0 1.0 0.06 0.07 0.0 255.0 16.0 0.06 0.07 0.0 0.0 0.0 0.0 1.0 1.0
0.0 0.0 0.0 0.0 0.0 0.0 0.0 0.0 0.0 0.0 0.0 0.0 0.0 0.0 0.0 285.0 13.0 0.0 0.0 1.0 1.0 0.05 0.06 0.0 255.0 13.0 0.05 0.07 0.0 0.0 0.0 0.0 1.0 1.0
0.0 0.0 0.0 0.0 0.0 0.0 0.0 0.0 0.0 0.0 0.0 0.0 0.0 0.0 0.0 295.0 18.0 0.0 0.0 1.0 1.0 0.06 0.06 0.0 255.0 18.0 0.07 0.07 0.0 0.0 0.0 0.0 1.0 1.0
0.0 0.0 0.0 0.0 0.0 0.0 0.0 0.0 0.0 0.0 0.0 0.0 0.0 0.0 0.0 206.0 3.0 0.0 0.0 1.0 1.0 0.01 0.07 0.0 255.0 3.0 0.01 0.07 0.0 0.0 0.0 0.0 1.0 1.0
0.0 0.0 0.0 0.0 0.0 0.0 0.0 0.0 0.0 0.0 0.0 0.0 0.0 0.0 0.0 216.0 3.0 0.0 0.0 1.0 1.0 0.01 0.07 0.0 255.0 3.0 0.01 0.07 0.0 0.0 0.0 0.0 1.0 1.0
0.0 0.0 0.0 0.0 0.0 0.0 0.0 0.0 0.0 0.0 0.0 0.0 0.0 0.0 0.0 226.0 7.0 0.0 0.0 1.0 1.0 0.03 0.07 0.0 255.0 7.0 0.03 0.07 0.0 0.0 0.0 0.0 1.0 1.0
0.0 0.0 0.0 0.0 0.0 0.0 0.0 0.0 0.0 0.0 0.0 0.0 0.0 0.0 0.0 236.0 6.0 0.0 0.0 1.0 1.0 0.03 0.06 0.0 255.0 6.0 0.02 0.07 0.0 0.0 0.0 0.0 1.0 1.0
0.0 0.0 0.0 0.0 0.0 0.0 0.0 0.0 0.0 0.0 0.0 0.0 0.0 0.0 0.0 246.0 11.0 0.0 0.0 1.0 1.0 0.04 0.07 0.0 255.0 11.0 0.04 0.07 0.0 0.0 0.0 0.0 1.0 1.0
0.0 0.0 0.0 0.0 0.0 0.0 0.0 0.0 0.0 0.0 0.0 0.0 0.0 0.0 0.0 256.0 16.0 0.0 0.0 1.0 1.0 0.06 0.06 0.0 255.0 16.0 0.06 0.06 0.0 0.0 0.0 0.0 1.0 1.0
0.0 0.0 0.0 0.0 0.0 0.0 0.0 0.0 0.0 0.0 0.0 0.0 0.0 0.0 0.0 266.0 4.0 0.0 0.0 1.0 1.0 0.02 0.06 0.0 255.0 4.0 0.02 0.06 0.0 0.0 0.0 0.0 1.0 1.0
0.0 0.0 0.0 0.0 0.0 0.0 0.0 0.0 0.0 0.0 0.0 0.0 0.0 0.0 0.0 276.0 9.0 0.0 0.0 1.0 1.0 0.03 0.06 0.0 255.0 9.0 0.04 0.06 0.0 0.0 0.0 0.0 1.0 1.0
0.0 0.0 0.0 0.0 0.0 0.0 0.0 0.0 0.0 0.0 0.0 0.0 0.0 0.0 0.0 286.0 14.0 0.0 0.0 1.0 1.0 0.05 0.06 0.0 255.0 14.0 0.05 0.06 0.0 0.0 0.0 0.0 1.0 1.0
0.0 0.0 0.0 0.0 0.0 0.0 0.0 0.0 0.0 0.0 0.0 0.0 0.0 0.0 0.0 296.0 19.0 0.0 0.0 1.0 1.0 0.06 0.05 0.0 255.0 19.0 0.07 0.06 0.0 0.0 0.0 0.0 1.0 1.0
0.0 0.0 0.0 0.0 0.0 0.0 0.0 0.0 0.0 0.0 0.0 0.0 0.0 0.0 0.0 206.0 3.0 0.0 0.0 1.0 1.0 0.01 0.07 0.0 255.0 3.0 0.01 0.07 0.0 0.0 0.0 0.0 1.0 1.0
0.0 0.0 0.0 0.0 0.0 0.0 0.0 0.0 0.0 0.0 0.0 0.0 0.0 0.0 0.0 216.0 8.0 0.0 0.0 1.0 1.0 0.04 0.06 0.0 255.0 8.0 0.03 0.07 0.0 0.0 0.0 0.0 1.0 1.0
0.0 0.0 0.0 0.0 0.0 0.0 0.0 0.0 0.0 0.0 0.0 0.0 0.0 0.0 0.0 226.0 13.0 0.0 0.0 1.0 1.0 0.06 0.07 0.0 255.0 13.0 0.05 0.07 0.0 0.0 0.0 0.0 1.0 1.0
0.0 0.0 0.0 0.0 0.0 0.0 0.0 0.0 0.0 0.0 0.0 0.0 0.0 0.0 0.0 236.0 11.0 0.0 0.0 1.0 1.0 0.05 0.07 0.0 255.0 11.0 0.04 0.07 0.0 0.0 0.0 0.0 1.0 1.0
0.0 0.0 0.0 0.0 0.0 0.0 0.0 0.0 0.0 0.0 0.0 0.0 0.0 0.0 0.0 246.0 17.0 0.0 0.0 1.0 1.0 0.07 0.07 0.0 255.0 17.0 0.07 0.07 0.0 0.0 0.0 0.0 1.0 1.0
0.0 0.0 0.0 0.0 0.0 0.0 0.0 0.0 0.0 0.0 0.0 0.0 0.0 0.0 0.0 256.0 2.0 0.0 0.0 1.0 1.0 0.01 0.07 0.0 255.0 2.0 0.01 0.07 0.0 0.0 0.0 0.0 1.0 1.0
0.0 0.0 0.0 0.0 0.0 0.0 0.0 0.0 0.0 0.0 0.0 0.0 0.0 0.0 0.0 266.0 7.0 0.0 0.0 1.0 1.0 0.03 0.07 0.0 255.0 7.0 0.03 0.07 0.0 0.0 0.0 0.0 1.0 1.0
0.0 0.0 0.0 0.0 0.0 0.0 0.0 0.0 0.0 0.0 0.0 0.0 0.0 0.0 0.0 276.0 12.0 0.0 0.0 1.0 1.0 0.04 0.07 0.0 255.0 12.0 0.05 0.07 0.0 0.0 0.0 0.0 1.0 1.0
0.0 0.0 0.0 0.0 0.0 0.0 0.0 0.0 0.0 0.0 0.0 0.0 0.0 0.0 0.0 286.0 17.0 0.0 0.0 1.0 1.0 0.06 0.06 0.0 255.0 17.0 0.07 0.07 0.0 0.0 0.0 0.0 1.0 1.0
0.0 0.0 0.0 0.0 0.0 0.0 0.0 0.0 0.0 0.0 0.0 0.0 0.0 0.0 0.0 296.0 18.0 0.0 0.0 1.0 1.0 0.06 0.06 0.0 255.0 18.0 0.07 0.07 0.0 0.0 0.0 0.0 1.0 1.0
0.0 0.0 0.0 0.0 0.0 0.0 0.0 0.0 0.0 0.0 0.0 0.0 0.0 0.0 0.0 206.0 3.0 0.0 0.0 1.0 1.0 0.01 0.07 0.0 255.0 3.0 0.01 0.07 0.0 0.0 0.0 0.0 1.0 1.0
0.0 0.0 0.0 0.0 0.0 0.0 0.0 0.0 0.0 0.0 0.0 0.0 0.0 0.0 0.0 216.0 3.0 0.0 0.0 1.0 1.0 0.01 0.07 0.0 255.0 3.0 0.01 0.07 0.0 0.0 0.0 0.0 1.0 1.0
0.0 0.0 0.0 0.0 0.0 0.0 0.0 0.0 0.0 0.0 0.0 0.0 0.0 0.0 0.0 226.0 8.0 0.0 0.0 1.0 1.0 0.04 0.07 0.0 255.0 8.0 0.03 0.07 0.0 0.0 0.0 0.0 1.0 1.0
0.0 0.0 0.0 0.0 0.0 0.0 0.0 0.0 0.0 0.0 0.0 0.0 0.0 0.0 0.0 236.0 6.0 0.0 0.0 1.0 1.0 0.03 0.06 0.0 255.0 6.0 0.02 0.07 0.0 0.0 0.0 0.0 1.0 1.0
0.0 0.0 0.0 0.0 0.0 0.0 0.0 0.0 0.0 0.0 0.0 0.0 0.0 0.0 0.0 246.0 11.0 0.0 0.0 1.0 1.0 0.04 0.07 0.0 255.0 11.0 0.04 0.07 0.0 0.0 0.0 0.0 1.0 1.0
0.0 0.0 0.0 0.0 0.0 0.0 0.0 0.0 0.0 0.0 0.0 0.0 0.0 0.0 0.0 256.0 16.0 0.0 0.0 1.0 1.0 0.06 0.06 0.0 255.0 16.0 0.06 0.06 0.0 0.0 0.0 0.0 1.0 1.0
0.0 0.0 0.0 0.0 0.0 0.0 0.0 0.0 0.0 0.0 0.0 0.0 0.0 0.0 0.0 266.0 4.0 0.0 0.0 1.0 1.0 0.02 0.06 0.0 255.0 4.0 0.02 0.06 0.0 0.0 0.0 0.0 1.0 1.0
0.0 0.0 0.0 0.0 0.0 0.0 0.0 0.0 0.0 0.0 0.0 0.0 0.0 0.0 0.0 276.0 9.0 0.0 0.0 1.0 1.0 0.03 0.06 0.0 255.0 9.0 0.04 0.06 0.0 0.0 0.0 0.0 1.0 1.0
0.0 0.0 0.0 0.0 0.0 0.0 0.0 0.0 0.0 0.0 0.0 0.0 0.0 0.0 0.0 286.0 14.0 0.0 0.0 1.0 1.0 0.05 0.06 0.0 255.0 14.0 0.05 0.06 0.0 0.0 0.0 0.0 1.0 1.0
0.0 0.0 0.0 0.0 0.0 0.0 0.0 0.0 0.0 0.0 0.0 0.0 0.0 0.0 0.0 296.0 19.0 0.0 0.0 1.0 1.0 0.06 0.05 0.0 255.0 19.0 0.07 0.06 0.0 0.0 0.0 0.0 1.0 1.0
0.0 0.0 0.0 0.0 0.0 0.0 0.0 0.0 0.0 0.0 0.0 0.0 0.0 0.0 0.0 206.0 3.0 0.0 0.0 1.0 1.0 0.01 0.07 0.0 255.0 3.0 0.01 0.07 0.0 0.0 0.0 0.0 1.0 1.0
0.0 0.0 0.0 0.0 0.0 0.0 0.0 0.0 0.0 0.0 0.0 0.0 0.0 0.0 0.0 216.0 8.0 0.0 0.0 1.0 1.0 0.04 0.06 0.0 255.0 8.0 0.03 0.07 0.0 0.0 0.0 0.0 1.0 1.0
0.0 0.0 0.0 0.0 0.0 0.0 0.0 0.0 0.0 0.0 0.0 0.0 0.0 0.0 0.0 226.0 13.0 0.0 0.0 1.0 1.0 0.06 0.07 0.0 255.0 13.0 0.05 0.07 0.0 0.0 0.0 0.0 1.0 1.0
0.0 0.0 0.0 0.0 0.0 0.0 0.0 0.0 0.0 0.0 0.0 0.0 0.0 0.0 0.0 236.0 16.0 0.0 0.0 1.0 1.0 0.07 0.07 0.0 255.0 16.0 0.06 0.07 0.0 0.0 0.0 0.0 1.0 1.0
0.0 0.0 0.0 0.0 0.0 0.0 0.0 0.0 0.0 0.0 0.0 0.0 0.0 0.0 0.0 246.0 1.0 0.0 0.0 1.0 1.0 0.0 0.07 0.0 255.0 1.0 0.0 0.07 0.0 0.0 0.0 0.0 1.0 1.0
0.0 0.0 0.0 0.0 0.0 0.0 0.0 0.0 0.0 0.0 0.0 0.0 0.0 0.0 0.0 256.0 6.0 0.0 0.0 1.0 1.0 0.02 0.07 0.0 255.0 6.0 0.02 0.07 0.0 0.0 0.0 0.0 1.0 1.0
0.0 0.0 0.0 0.0 0.0 0.0 0.0 0.0 0.0 0.0 0.0 0.0 0.0 0.0 0.0 266.0 11.0 0.0 0.0 1.0 1.0 0.04 0.07 0.0 255.0 11.0 0.04 0.07 0.0 0.0 0.0 0.0 1.0 1.0
0.0 0.0 0.0 0.0 0.0 0.0 0.0 0.0 0.0 0.0 0.0 0.0 0.0 0.0 0.0 276.0 16.0 0.0 0.0 1.0 1.0 0.06 0.07 0.0 255.0 16.0 0.06 0.07 0.0 0.0 0.0 0.0 1.0 1.0
0.0 0.0 0.0 0.0 0.0 0.0 0.0 0.0 0.0 0.0 0.0 0.0 0.0 0.0 0.0 286.0 13.0 0.0 0.0 1.0 1.0 0.05 0.06 0.0 255.0 13.0 0.05 0.07 0.0 0.0 0.0 0.0 1.0 1.0
0.0 0.0 0.0 0.0 0.0 0.0 0.0 0.0 0.0 0.0 0.0 0.0 0.0 0.0 0.0 296.0 18.0 0.0 0.0 1.0 1.0 0.06 0.06 0.0 255.0 18.0 0.07 0.07 0.0 0.0 0.0 0.0 1.0 1.0
0.0 0.0 0.0 0.0 0.0 0.0 0.0 0.0 0.0 0.0 0.0 0.0 0.0 0.0 0.0 206.0 3.0 0.0 0.0 1.0 1.0 0.01 0.07 0.0 255.0 3.0 0.01 0.07 0.0 0.0 0.0 0.0 1.0 1.0
0.0 0.0 0.0 0.0 0.0 0.0 0.0 0.0 0.0 0.0 0.0 0.0 0.0 0.0 0.0 216.0 3.0 0.0 0.0 1.0 1.0 0.01 0.07 0.0 255.0 3.0 0.01 0.07 0.0 0.0 0.0 0.0 1.0 1.0
0.0 0.0 0.0 0.0 0.0 0.0 0.0 0.0 0.0 0.0 0.0 0.0 0.0 0.0 0.0 226.0 8.0 0.0 0.0 1.0 1.0 0.04 0.07 0.0 255.0 8.0 0.03 0.07 0.0 0.0 0.0 0.0 1.0 1.0
0.0 0.0 0.0 0.0 0.0 0.0 0.0 0.0 0.0 0.0 0.0 0.0 0.0 0.0 0.0 236.0 6.0 0.0 0.0 1.0 1.0 0.03 0.06 0.0 255.0 6.0 0.02 0.07 0.0 0.0 0.0 0.0 1.0 1.0
0.0 0.0 0.0 0.0 0.0 0.0 0.0 0.0 0.0 0.0 0.0 0.0 0.0 0.0 0.0 246.0 11.0 0.0 0.0 1.0 1.0 0.04 0.07 0.0 255.0 11.0 0.04 0.07 0.0 0.0 0.0 0.0 1.0 1.0
0.0 0.0 0.0 0.0 0.0 0.0 0.0 0.0 0.0 0.0 0.0 0.0 0.0 0.0 0.0 256.0 16.0 0.0 0.0 1.0 1.0 0.06 0.06 0.0 255.0 16.0 0.06 0.06 0.0 0.0 0.0 0.0 1.0 1.0
0.0 0.0 0.0 0.0 0.0 0.0 0.0 0.0 0.0 0.0 0.0 0.0 0.0 0.0 0.0 266.0 3.0 0.0 0.0 1.0 1.0 0.01 0.06 0.0 255.0 3.0 0.01 0.06 0.0 0.0 0.0 0.0 1.0 1.0
0.0 0.0 0.0 0.0 0.0 0.0 0.0 0.0 0.0 0.0 0.0 0.0 0.0 0.0 0.0 276.0 8.0 0.0 0.0 1.0 1.0 0.03 0.06 0.0 255.0 8.0 0.03 0.06 0.0 0.0 0.0 0.0 1.0 1.0
0.0 0.0 0.0 0.0 0.0 0.0 0.0 0.0 0.0 0.0 0.0 0.0 0.0 0.0 0.0 286.0 13.0 0.0 0.0 1.0 1.0 0.05 0.06 0.0 255.0 13.0 0.05 0.06 0.0 0.0 0.0 0.0 1.0 1.0
0.0 0.0 0.0 0.0 0.0 0.0 0.0 0.0 0.0 0.0 0.0 0.0 0.0 0.0 0.0 296.0 18.0 0.0 0.0 1.0 1.0 0.06 0.05 0.0 255.0 18.0 0.07 0.06 0.0 0.0 0.0 0.0 1.0 1.0
0.0 0.0 0.0 0.0 0.0 0.0 0.0 0.0 0.0 0.0 0.0 0.0 0.0 0.0 0.0 206.0 3.0 0.0 0.0 1.0 1.0 0.01 0.07 0.0 255.0 3.0 0.01 0.07 0.0 0.0 0.0 0.0 1.0 1.0
0.0 0.0 0.0 0.0 0.0 0.0 0.0 0.0 0.0 0.0 0.0 0.0 0.0 0.0 0.0 216.0 8.0 0.0 0.0 1.0 1.0 0.04 0.06 0.0 255.0 8.0 0.03 0.07 0.0 0.0 0.0 0.0 1.0 1.0
0.0 0.0 0.0 0.0 0.0 0.0 0.0 0.0 0.0 0.0 0.0 0.0 0.0 0.0 0.0 226.0 3.0 0.0 0.0 1.0 1.0 0.01 0.07 0.0 255.0 3.0 0.01 0.07 0.0 0.0 0.0 0.0 1.0 1.0
0.0 0.0 0.0 0.0 0.0 0.0 0.0 0.0 0.0 0.0 0.0 0.0 0.0 0.0 0.0 236.0 8.0 0.0 0.0 1.0 1.0 0.03 0.07 0.0 255.0 8.0 0.03 0.07 0.0 0.0 0.0 0.0 1.0 1.0
0.0 0.0 0.0 0.0 0.0 0.0 0.0 0.0 0.0 0.0 0.0 0.0 0.0 0.0 0.0 246.0 1.0 0.0 0.0 1.0 1.0 0.0 0.07 0.0 255.0 1.0 0.0 0.07 0.0 0.0 0.0 0.0 1.0 1.0
0.0 0.0 0.0 0.0 0.0 0.0 0.0 0.0 0.0 0.0 0.0 0.0 0.0 0.0 0.0 256.0 6.0 0.0 0.0 1.0 1.0 0.02 0.07 0.0 255.0 6.0 0.02 0.07 0.0 0.0 0.0 0.0 1.0 1.0
0.0 0.0 0.0 0.0 0.0 0.0 0.0 0.0 0.0 0.0 0.0 0.0 0.0 0.0 0.0 266.0 11.0 0.0 0.0 1.0 1.0 0.04 0.07 0.0 255.0 11.0 0.04 0.07 0.0 0.0 0.0 0.0 1.0 1.0
0.0 0.0 0.0 0.0 0.0 0.0 0.0 0.0 0.0 0.0 0.0 0.0 0.0 0.0 0.0 276.0 16.0 0.0 0.0 1.0 1.0 0.06 0.07 0.0 255.0 16.0 0.06 0.07 0.0 0.0 0.0 0.0 1.0 1.0
0.0 0.0 0.0 0.0 0.0 0.0 0.0 0.0 0.0 0.0 0.0 0.0 0.0 0.0 0.0 286.0 13.0 0.0 0.0 1.0 1.0 0.05 0.06 0.0 255.0 13.0 0.05 0.07 0.0 0.0 0.0 0.0 1.0 1.0
0.0 0.0 0.0 0.0 0.0 0.0 0.0 0.0 0.0 0.0 0.0 0.0 0.0 0.0 0.0 296.0 18.0 0.0 0.0 1.0 1.0 0.06 0.06 0.0 255.0 18.0 0.07 0.07 0.0 0.0 0.0 0.0 1.0 1.0
0.0 0.0 0.0 0.0 0.0 0.0 0.0 0.0 0.0 0.0 0.0 0.0 0.0 0.0 0.0 206.0 3.0 0.0 0.0 1.0 1.0 0.01 0.07 0.0 255.0 3.0 0.01 0.07 0.0 0.0 0.0 0.0 1.0 1.0
0.0 0.0 0.0 0.0 0.0 0.0 0.0 0.0 0.0 0.0 0.0 0.0 0.0 0.0 0.0 216.0 3.0 0.0 0.0 1.0 1.0 0.01 0.07 0.0 255.0 3.0 0.01 0.07 0.0 0.0 0.0 0.0 1.0 1.0
0.0 0.0 0.0 0.0 0.0 0.0 0.0 0.0 0.0 0.0 0.0 0.0 0.0 0.0 0.0 226.0 7.0 0.0 0.0 1.0 1.0 0.03 0.07 0.0 255.0 7.0 0.03 0.07 0.0 0.0 0.0 0.0 1.0 1.0
0.0 0.0 0.0 0.0 0.0 0.0 0.0 0.0 0.0 0.0 0.0 0.0 0.0 0.0 0.0 236.0 6.0 0.0 0.0 1.0 1.0 0.03 0.06 0.0 255.0 6.0 0.02 0.07 0.0 0.0 0.0 0.0 1.0 1.0
0.0 0.0 0.0 0.0 0.0 0.0 0.0 0.0 0.0 0.0 0.0 0.0 0.0 0.0 0.0 246.0 11.0 0.0 0.0 1.0 1.0 0.04 0.07 0.0 255.0 11.0 0.04 0.07 0.0 0.0 0.0 0.0 1.0 1.0
0.0 0.0 0.0 0.0 0.0 0.0 0.0 0.0 0.0 0.0 0.0 0.0 0.0 0.0 0.0 256.0 16.0 0.0 0.0 1.0 1.0 0.06 0.06 0.0 255.0 16.0 0.06 0.06 0.0 0.0 0.0 0.0 1.0 1.0
0.0 0.0 0.0 0.0 0.0 0.0 0.0 0.0 0.0 0.0 0.0 0.0 0.0 0.0 0.0 266.0 4.0 0.0 0.0 1.0 1.0 0.02 0.06 0.0 255.0 4.0 0.02 0.06 0.0 0.0 0.0 0.0 1.0 1.0
0.0 0.0 0.0 0.0 0.0 0.0 0.0 0.0 0.0 0.0 0.0 0.0 0.0 0.0 0.0 276.0 9.0 0.0 0.0 1.0 1.0 0.03 0.06 0.0 255.0 9.0 0.04 0.06 0.0 0.0 0.0 0.0 1.0 1.0
0.0 0.0 0.0 0.0 0.0 0.0 0.0 0.0 0.0 0.0 0.0 0.0 0.0 0.0 0.0 286.0 14.0 0.0 0.0 1.0 1.0 0.05 0.06 0.0 255.0 14.0 0.05 0.06 0.0 0.0 0.0 0.0 1.0 1.0
0.0 0.0 0.0 0.0 0.0 0.0 0.0 0.0 0.0 0.0 0.0 0.0 0.0 0.0 0.0 296.0 19.0 0.0 0.0 1.0 1.0 0.06 0.05 0.0 255.0 19.0 0.07 0.06 0.0 0.0 0.0 0.0 1.0 1.0
0.0 0.0 0.0 0.0 0.0 0.0 0.0 0.0 0.0 0.0 0.0 0.0 0.0 0.0 0.0 206.0 3.0 0.0 0.0 1.0 1.0 0.01 0.07 0.0 255.0 3.0 0.01 0.07 0.0 0.0 0.0 0.0 1.0 1.0
0.0 0.0 0.0 0.0 0.0 0.0 0.0 0.0 0.0 0.0 0.0 0.0 0.0 0.0 0.0 216.0 8.0 0.0 0.0 1.0 1.0 0.04 0.06 0.0 255.0 8.0 0.03 0.07 0.0 0.0 0.0 0.0 1.0 1.0
0.0 0.0 0.0 0.0 0.0 0.0 0.0 0.0 0.0 0.0 0.0 0.0 0.0 0.0 0.0 226.0 13.0 0.0 0.0 1.0 1.0 0.06 0.07 0.0 255.0 13.0 0.05 0.07 0.0 0.0 0.0 0.0 1.0 1.0
0.0 0.0 0.0 0.0 0.0 0.0 0.0 0.0 0.0 0.0 0.0 0.0 0.0 0.0 0.0 236.0 19.0 0.0 0.0 1.0 1.0 0.08 0.07 0.0 255.0 19.0 0.07 0.07 0.0 0.0 0.0 0.0 1.0 1.0
0.0 0.0 0.0 0.0 0.0 0.0 0.0 0.0 0.0 0.0 0.0 0.0 0.0 0.0 0.0 246.0 4.0 0.0 0.0 1.0 1.0 0.02 0.07 0.0 255.0 4.0 0.02 0.07 0.0 0.0 0.0 0.0 1.0 1.0
0.0 0.0 0.0 0.0 0.0 0.0 0.0 0.0 0.0 0.0 0.0 0.0 0.0 0.0 0.0 256.0 9.0 0.0 0.0 1.0 1.0 0.04 0.07 0.0 255.0 9.0 0.04 0.07 0.0 0.0 0.0 0.0 1.0 1.0
0.0 0.0 0.0 0.0 0.0 0.0 0.0 0.0 0.0 0.0 0.0 0.0 0.0 0.0 0.0 266.0 14.0 0.0 0.0 1.0 1.0 0.05 0.07 0.0 255.0 14.0 0.05 0.07 0.0 0.0 0.0 0.0 1.0 1.0
0.0 0.0 0.0 0.0 0.0 0.0 0.0 0.0 0.0 0.0 0.0 0.0 0.0 0.0 0.0 276.0 19.0 0.0 0.0 1.0 1.0 0.07 0.07 0.0 255.0 19.0 0.07 0.07 0.0 0.0 0.0 0.0 1.0 1.0
0.0 0.0 0.0 0.0 0.0 0.0 0.0 0.0 0.0 0.0 0.0 0.0 0.0 0.0 0.0 286.0 14.0 0.0 0.0 1.0 1.0 0.05 0.06 0.0 255.0 14.0 0.05 0.07 0.0 0.0 0.0 0.0 1.0 1.0
0.0 0.0 0.0 0.0 0.0 0.0 0.0 0.0 0.0 0.0 0.0 0.0 0.0 0.0 0.0 296.0 19.0 0.0 0.0 1.0 1.0 0.06 0.06 0.0 255.0 19.0 0.07 0.07 0.0 0.0 0.0 0.0 1.0 1.0
0.0 0.0 0.0 0.0 0.0 0.0 0.0 0.0 0.0 0.0 0.0 0.0 0.0 0.0 0.0 206.0 3.0 0.0 0.0 1.0 1.0 0.01 0.07 0.0 255.0 3.0 0.01 0.08 0.0 0.0 0.0 0.0 1.0 1.0
0.0 0.0 0.0 0.0 0.0 0.0 0.0 0.0 0.0 0.0 0.0 0.0 0.0 0.0 0.0 216.0 7.0 0.0 0.0 1.0 1.0 0.03 0.07 0.0 255.0 7.0 0.03 0.08 0.0 0.0 0.0 0.0 1.0 1.0
0.0 0.0 0.0 0.0 0.0 0.0 0.0 0.0 0.0 0.0 0.0 0.0 0.0 0.0 0.0 226.0 6.0 0.0 0.0 1.0 1.0 0.03 0.07 0.0 255.0 6.0 0.02 0.08 0.0 0.0 0.0 0.0 1.0 1.0
0.0 0.0 0.0 0.0 0.0 0.0 0.0 0.0 0.0 0.0 0.0 0.0 0.0 0.0 0.0 236.0 9.0 0.0 0.0 1.0 1.0 0.04 0.07 0.0 255.0 9.0 0.04 0.08 0.0 0.0 0.0 0.0 1.0 1.0
0.0 0.0 0.0 0.0 0.0 0.0 0.0 0.0 0.0 0.0 0.0 0.0 0.0 0.0 0.0 246.0 14.0 0.0 0.0 1.0 1.0 0.06 0.07 0.0 255.0 14.0 0.05 0.07 0.0 0.0 0.0 0.0 1.0 1.0
0.0 0.0 0.0 0.0 0.0 0.0 0.0 0.0 0.0 0.0 0.0 0.0 0.0 0.0 0.0 256.0 19.0 0.0 0.0 1.0 1.0 0.07 0.06 0.0 255.0 19.0 0.07 0.06 0.0 0.0 0.0 0.0 1.0 1.0
0.0 0.0 0.0 0.0 0.0 0.0 0.0 0.0 0.0 0.0 0.0 0.0 0.0 0.0 0.0 266.0 5.0 0.0 0.0 1.0 1.0 0.02 0.06 0.0 255.0 5.0 0.02 0.06 0.0 0.0 0.0 0.0 1.0 1.0
0.0 0.0 0.0 0.0 0.0 0.0 0.0 0.0 0.0 0.0 0.0 0.0 0.0 0.0 0.0 276.0 10.0 0.0 0.0 1.0 1.0 0.04 0.06 0.0 255.0 10.0 0.04 0.06 0.0 0.0 0.0 0.0 1.0 1.0
0.0 0.0 0.0 0.0 0.0 0.0 0.0 0.0 0.0 0.0 0.0 0.0 0.0 0.0 0.0 286.0 15.0 0.0 0.0 1.0 1.0 0.05 0.06 0.0 255.0 15.0 0.06 0.06 0.0 0.0 0.0 0.0 1.0 1.0
0.0 0.0 0.0 0.0 0.0 0.0 0.0 0.0 0.0 0.0 0.0 0.0 0.0 0.0 0.0 296.0 20.0 0.0 0.0 1.0 1.0 0.07 0.05 0.0 255.0 20.0 0.08 0.06 0.0 0.0 0.0 0.0 1.0 1.0
0.0 0.0 0.0 0.0 0.0 0.0 0.0 0.0 0.0 0.0 0.0 0.0 0.0 0.0 0.0 206.0 4.0 0.0 0.0 1.0 1.0 0.02 0.07 0.0 255.0 4.0 0.02 0.07 0.0 0.0 0.0 0.0 1.0 1.0
0.0 0.0 0.0 0.0 0.0 0.0 0.0 0.0 0.0 0.0 0.0 0.0 0.0 0.0 0.0 216.0 9.0 0.0 0.0 1.0 1.0 0.04 0.06 0.0 255.0 9.0 0.04 0.07 0.0 0.0 0.0 0.0 1.0 1.0
0.0 0.0 0.0 0.0 0.0 0.0 0.0 0.0 0.0 0.0 0.0 0.0 0.0 0.0 0.0 226.0 14.0 0.0 0.0 1.0 1.0 0.06 0.07 0.0 255.0 14.0 0.05 0.07 0.0 0.0 0.0 0.0 1.0 1.0
0.0 0.0 0.0 0.0 0.0 0.0 0.0 0.0 0.0 0.0 0.0 0.0 0.0 0.0 0.0 236.0 18.0 0.0 0.0 1.0 1.0 0.08 0.07 0.0 255.0 18.0 0.07 0.07 0.0 0.0 0.0 0.0 1.0 1.0
0.0 0.0 0.0 0.0 0.0 0.0 0.0 0.0 0.0 0.0 0.0 0.0 0.0 0.0 0.0 246.0 3.0 0.0 0.0 1.0 1.0 0.01 0.07 0.0 255.0 3.0 0.01 0.07 0.0 0.0 0.0 0.0 1.0 1.0
0.0 0.0 0.0 0.0 0.0 0.0 0.0 0.0 0.0 0.0 0.0 0.0 0.0 0.0 0.0 256.0 8.0 0.0 0.0 1.0 1.0 0.03 0.07 0.0 255.0 8.0 0.03 0.07 0.0 0.0 0.0 0.0 1.0 1.0
0.0 0.0 0.0 0.0 0.0 0.0 0.0 0.0 0.0 0.0 0.0 0.0 0.0 0.0 0.0 266.0 13.0 0.0 0.0 1.0 1.0 0.05 0.07 0.0 255.0 13.0 0.05 0.07 0.0 0.0 0.0 0.0 1.0 1.0
0.0 0.0 0.0 0.0 0.0 0.0 0.0 0.0 0.0 0.0 0.0 0.0 0.0 0.0 0.0 276.0 18.0 0.0 0.0 1.0 1.0 0.07 0.07 0.0 255.0 18.0 0.07 0.07 0.0 0.0 0.0 0.0 1.0 1.0
0.0 0.0 0.0 0.0 0.0 0.0 0.0 0.0 0.0 0.0 0.0 0.0 0.0 0.0 0.0 286.0 15.0 0.0 0.0 1.0 1.0 0.05 0.06 0.0 255.0 15.0 0.06 0.07 0.0 0.0 0.0 0.0 1.0 1.0
0.0 0.0 0.0 0.0 0.0 0.0 0.0 0.0 0.0 0.0 0.0 0.0 0.0 0.0 0.0 296.0 20.0 0.0 0.0 1.0 1.0 0.07 0.06 0.0 255.0 20.0 0.08 0.07 0.0 0.0 0.0 0.0 1.0 1.0
0.0 0.0 0.0 0.0 0.0 0.0 0.0 0.0 0.0 0.0 0.0 0.0 0.0 0.0 0.0 208.0 4.0 0.0 0.0 1.0 1.0 0.02 0.07 0.0 255.0 4.0 0.02 0.08 0.0 0.0 0.0 0.0 1.0 1.0
0.0 0.0 0.0 0.0 0.0 0.0 0.0 0.0 0.0 0.0 0.0 0.0 0.0 0.0 0.0 218.0 7.0 0.0 0.0 1.0 1.0 0.03 0.07 0.0 255.0 7.0 0.03 0.08 0.0 0.0 0.0 0.0 1.0 1.0
0.0 0.0 0.0 0.0 0.0 0.0 0.0 0.0 0.0 0.0 0.0 0.0 0.0 0.0 0.0 228.0 12.0 0.0 0.0 1.0 1.0 0.05 0.07 0.0 255.0 12.0 0.05 0.08 0.0 0.0 0.0 0.0 1.0 1.0
0.0 0.0 0.0 0.0 0.0 0.0 0.0 0.0 0.0 0.0 0.0 0.0 0.0 0.0 0.0 238.0 12.0 0.0 0.0 1.0 1.0 0.05 0.07 0.0 255.0 12.0 0.05 0.08 0.0 0.0 0.0 0.0 1.0 1.0
0.0 0.0 0.0 0.0 0.0 0.0 0.0 0.0 0.0 0.0 0.0 0.0 0.0 0.0 0.0 248.0 17.0 0.0 0.0 1.0 1.0 0.07 0.06 0.0 255.0 17.0 0.07 0.07 0.0 0.0 0.0 0.0 1.0 1.0
0.0 0.0 0.0 0.0 0.0 0.0 0.0 0.0 0.0 0.0 0.0 0.0 0.0 0.0 0.0 258.0 3.0 0.0 0.0 1.0 1.0 0.01 0.06 0.0 255.0 3.0 0.01 0.06 0.0 0.0 0.0 0.0 1.0 1.0
0.0 0.0 0.0 0.0 0.0 0.0 0.0 0.0 0.0 0.0 0.0 0.0 0.0 0.0 0.0 268.0 8.0 0.0 0.0 1.0 1.0 0.03 0.06 0.0 255.0 8.0 0.03 0.06 0.0 0.0 0.0 0.0 1.0 1.0
0.0 0.0 0.0 0.0 0.0 0.0 0.0 0.0 0.0 0.0 0.0 0.0 0.0 0.0 0.0 278.0 13.0 0.0 0.0 1.0 1.0 0.05 0.06 0.0 255.0 13.0 0.05 0.06 0.0 0.0 0.0 0.0 1.0 1.0
0.0 0.0 0.0 0.0 0.0 0.0 0.0 0.0 0.0 0.0 0.0 0.0 0.0 0.0 0.0 288.0 18.0 0.0 0.0 1.0 1.0 0.06 0.06 0.0 255.0 18.0 0.07 0.06 0.0 0.0 0.0 0.0 1.0 1.0
0.0 0.0 0.0 0.0 0.0 0.0 0.0 0.0 0.0 0.0 0.0 0.0 0.0 0.0 0.0 198.0 3.0 0.0 0.0 1.0 1.0 0.02 0.07 0.0 255.0 3.0 0.01 0.07 0.0 0.0 0.0 0.0 1.0 1.0
0.0 0.0 0.0 0.0 0.0 0.0 0.0 0.0 0.0 0.0 0.0 0.0 0.0 0.0 0.0 208.0 8.0 0.0 0.0 1.0 1.0 0.04 0.07 0.0 255.0 8.0 0.03 0.07 0.0 0.0 0.0 0.0 1.0 1.0
0.0 0.0 0.0 0.0 0.0 0.0 0.0 0.0 0.0 0.0 0.0 0.0 0.0 0.0 0.0 218.0 13.0 0.0 0.0 1.0 1.0 0.06 0.06 0.0 255.0 13.0 0.05 0.07 0.0 0.0 0.0 0.0 1.0 1.0
0.0 0.0 0.0 0.0 0.0 0.0 0.0 0.0 0.0 0.0 0.0 0.0 0.0 0.0 0.0 228.0 3.0 0.0 0.0 1.0 1.0 0.01 0.07 0.0 255.0 3.0 0.01 0.07 0.0 0.0 0.0 0.0 1.0 1.0
0.0 0.0 0.0 0.0 0.0 0.0 0.0 0.0 0.0 0.0 0.0 0.0 0.0 0.0 0.0 238.0 4.0 0.0 0.0 1.0 1.0 0.02 0.07 0.0 255.0 4.0 0.02 0.07 0.0 0.0 0.0 0.0 1.0 1.0
0.0 0.0 0.0 0.0 0.0 0.0 0.0 0.0 0.0 0.0 0.0 0.0 0.0 0.0 0.0 248.0 9.0 0.0 0.0 1.0 1.0 0.04 0.07 0.0 255.0 9.0 0.04 0.07 0.0 0.0 0.0 0.0 1.0 1.0
0.0 0.0 0.0 0.0 0.0 0.0 0.0 0.0 0.0 0.0 0.0 0.0 0.0 0.0 0.0 258.0 14.0 0.0 0.0 1.0 1.0 0.05 0.07 0.0 255.0 14.0 0.05 0.07 0.0 0.0 0.0 0.0 1.0 1.0
0.0 0.0 0.0 0.0 0.0 0.0 0.0 0.0 0.0 0.0 0.0 0.0 0.0 0.0 0.0 268.0 19.0 0.0 0.0 1.0 1.0 0.07 0.06 0.0 255.0 19.0 0.07 0.07 0.0 0.0 0.0 0.0 1.0 1.0
0.0 0.0 0.0 0.0 0.0 0.0 0.0 0.0 0.0 0.0 0.0 0.0 0.0 0.0 0.0 278.0 13.0 0.0 0.0 1.0 1.0 0.05 0.06 0.0 255.0 13.0 0.05 0.07 0.0 0.0 0.0 0.0 1.0 1.0
0.0 0.0 0.0 0.0 0.0 0.0 0.0 0.0 0.0 0.0 0.0 0.0 0.0 0.0 0.0 288.0 18.0 0.0 0.0 1.0 1.0 0.06 0.06 0.0 255.0 18.0 0.07 0.07 0.0 0.0 0.0 0.0 1.0 1.0
0.0 0.0 0.0 0.0 0.0 0.0 0.0 0.0 0.0 0.0 0.0 0.0 0.0 0.0 0.0 198.0 3.0 0.0 0.0 1.0 1.0 0.02 0.07 0.0 255.0 3.0 0.01 0.07 0.0 0.0 0.0 0.0 1.0 1.0
0.0 0.0 0.0 0.0 0.0 0.0 0.0 0.0 0.0 0.0 0.0 0.0 0.0 0.0 0.0 208.0 8.0 0.0 0.0 1.0 1.0 0.04 0.07 0.0 255.0 8.0 0.03 0.07 0.0 0.0 0.0 0.0 1.0 1.0
0.0 0.0 0.0 0.0 0.0 0.0 0.0 0.0 0.0 0.0 0.0 0.0 0.0 0.0 0.0 218.0 4.0 0.0 0.0 1.0 1.0 0.02 0.07 0.0 255.0 4.0 0.02 0.08 0.0 0.0 0.0 0.0 1.0 1.0
0.0 0.0 0.0 0.0 0.0 0.0 0.0 0.0 0.0 0.0 0.0 0.0 0.0 0.0 0.0 228.0 10.0 0.0 0.0 1.0 1.0 0.04 0.07 0.0 255.0 10.0 0.04 0.08 0.0 0.0 0.0 0.0 1.0 1.0
0.0 0.0 0.0 0.0 0.0 0.0 0.0 0.0 0.0 0.0 0.0 0.0 0.0 0.0 0.0 238.0 15.0 0.0 0.0 1.0 1.0 0.06 0.06 0.0 255.0 15.0 0.06 0.07 0.0 0.0 0.0 0.0 1.0 1.0
0.0 0.0 0.0 0.0 0.0 0.0 0.0 0.0 0.0 0.0 0.0 0.0 0.0 0.0 0.0 248.0 20.0 0.0 0.0 1.0 1.0 0.08 0.06 0.0 255.0 20.0 0.08 0.07 0.0 0.0 0.0 0.0 1.0 1.0
0.0 0.0 0.0 0.0 0.0 0.0 0.0 0.0 0.0 0.0 0.0 0.0 0.0 0.0 0.0 258.0 5.0 0.0 0.0 1.0 1.0 0.02 0.06 0.0 255.0 5.0 0.02 0.06 0.0 0.0 0.0 0.0 1.0 1.0
0.0 0.0 0.0 0.0 0.0 0.0 0.0 0.0 0.0 0.0 0.0 0.0 0.0 0.0 0.0 268.0 9.0 0.0 0.0 1.0 1.0 0.03 0.06 0.0 255.0 9.0 0.04 0.06 0.0 0.0 0.0 0.0 1.0 1.0
0.0 0.0 0.0 0.0 0.0 0.0 0.0 0.0 0.0 0.0 0.0 0.0 0.0 0.0 0.0 278.0 14.0 0.0 0.0 1.0 1.0 0.05 0.06 0.0 255.0 14.0 0.05 0.06 0.0 0.0 0.0 0.0 1.0 1.0
0.0 0.0 0.0 0.0 0.0 0.0 0.0 0.0 0.0 0.0 0.0 0.0 0.0 0.0 0.0 288.0 19.0 0.0 0.0 1.0 1.0 0.07 0.06 0.0 255.0 19.0 0.07 0.06 0.0 0.0 0.0 0.0 1.0 1.0
0.0 0.0 0.0 0.0 0.0 0.0 0.0 0.0 0.0 0.0 0.0 0.0 0.0 0.0 0.0 205.0 3.0 0.0 0.0 1.0 1.0 0.01 0.07 0.0 255.0 3.0 0.01 0.07 0.0 0.0 0.0 0.0 1.0 1.0
0.0 0.0 0.0 0.0 0.0 0.0 0.0 0.0 0.0 0.0 0.0 0.0 0.0 0.0 0.0 215.0 8.0 0.0 0.0 1.0 1.0 0.04 0.07 0.0 255.0 8.0 0.03 0.07 0.0 0.0 0.0 0.0 1.0 1.0
0.0 0.0 0.0 0.0 0.0 0.0 0.0 0.0 0.0 0.0 0.0 0.0 0.0 0.0 0.0 225.0 13.0 0.0 0.0 1.0 1.0 0.06 0.06 0.0 255.0 13.0 0.05 0.07 0.0 0.0 0.0 0.0 1.0 1.0
0.0 0.0 0.0 0.0 0.0 0.0 0.0 0.0 0.0 0.0 0.0 0.0 0.0 0.0 0.0 235.0 18.0 0.0 0.0 1.0 1.0 0.08 0.06 0.0 255.0 18.0 0.07 0.07 0.0 0.0 0.0 0.0 1.0 1.0
0.0 0.0 0.0 0.0 0.0 0.0 0.0 0.0 0.0 0.0 0.0 0.0 0.0 0.0 0.0 245.0 5.0 0.0 0.0 1.0 1.0 0.02 0.07 0.0 255.0 5.0 0.02 0.07 0.0 0.0 0.0 0.0 1.0 1.0
0.0 0.0 0.0 0.0 0.0 0.0 0.0 0.0 0.0 0.0 0.0 0.0 0.0 0.0 0.0 255.0 10.0 0.0 0.0 1.0 1.0 0.04 0.07 0.0 255.0 10.0 0.04 0.07 0.0 0.0 0.0 0.0 1.0 1.0
0.0 0.0 0.0 0.0 0.0 0.0 0.0 0.0 0.0 0.0 0.0 0.0 0.0 0.0 0.0 265.0 15.0 0.0 0.0 1.0 1.0 0.06 0.06 0.0 255.0 15.0 0.06 0.07 0.0 0.0 0.0 0.0 1.0 1.0
0.0 0.0 0.0 0.0 0.0 0.0 0.0 0.0 0.0 0.0 0.0 0.0 0.0 0.0 0.0 275.0 17.0 0.0 0.0 1.0 1.0 0.06 0.06 0.0 255.0 17.0 0.07 0.07 0.0 0.0 0.0 0.0 1.0 1.0
0.0 0.0 0.0 0.0 0.0 0.0 0.0 0.0 0.0 0.0 0.0 0.0 0.0 0.0 0.0 285.0 14.0 0.0 0.0 1.0 1.0 0.05 0.06 0.0 255.0 14.0 0.05 0.07 0.0 0.0 0.0 0.0 1.0 1.0
0.0 0.0 0.0 0.0 0.0 0.0 0.0 0.0 0.0 0.0 0.0 0.0 0.0 0.0 0.0 295.0 19.0 0.0 0.0 1.0 1.0 0.06 0.06 0.0 255.0 19.0 0.07 0.07 0.0 0.0 0.0 0.0 1.0 1.0
0.0 0.0 0.0 0.0 0.0 0.0 0.0 0.0 0.0 0.0 0.0 0.0 0.0 0.0 0.0 205.0 3.0 0.0 0.0 1.0 1.0 0.01 0.07 0.0 255.0 3.0 0.01 0.07 0.0 0.0 0.0 0.0 1.0 1.0
0.0 0.0 0.0 0.0 0.0 0.0 0.0 0.0 0.0 0.0 0.0 0.0 0.0 0.0 0.0 215.0 8.0 0.0 0.0 1.0 1.0 0.04 0.07 0.0 255.0 8.0 0.03 0.07 0.0 0.0 0.0 0.0 1.0 1.0
0.0 0.0 0.0 0.0 0.0 0.0 0.0 0.0 0.0 0.0 0.0 0.0 0.0 0.0 0.0 225.0 4.0 0.0 0.0 1.0 1.0 0.02 0.07 0.0 255.0 4.0 0.02 0.08 0.0 0.0 0.0 0.0 1.0 1.0
0.0 0.0 0.0 0.0 0.0 0.0 0.0 0.0 0.0 0.0 0.0 0.0 0.0 0.0 0.0 235.0 9.0 0.0 0.0 1.0 1.0 0.04 0.07 0.0 255.0 9.0 0.04 0.08 0.0 0.0 0.0 0.0 1.0 1.0
0.0 0.0 0.0 0.0 0.0 0.0 0.0 0.0 0.0 0.0 0.0 0.0 0.0 0.0 0.0 245.0 14.0 0.0 0.0 1.0 1.0 0.06 0.07 0.0 255.0 14.0 0.05 0.07 0.0 0.0 0.0 0.0 1.0 1.0
0.0 0.0 0.0 0.0 0.0 0.0 0.0 0.0 0.0 0.0 0.0 0.0 0.0 0.0 0.0 255.0 20.0 0.0 0.0 1.0 1.0 0.08 0.06 0.0 255.0 20.0 0.08 0.06 0.0 0.0 0.0 0.0 1.0 1.0
0.0 0.0 0.0 0.0 0.0 0.0 0.0 0.0 0.0 0.0 0.0 0.0 0.0 0.0 0.0 265.0 5.0 0.0 0.0 1.0 1.0 0.02 0.06 0.0 255.0 5.0 0.02 0.07 0.0 0.0 0.0 0.0 1.0 1.0
0.0 0.0 0.0 0.0 0.0 0.0 0.0 0.0 0.0 0.0 0.0 0.0 0.0 0.0 0.0 275.0 9.0 0.0 0.0 1.0 1.0 0.03 0.06 0.0 255.0 9.0 0.04 0.07 0.0 0.0 0.0 0.0 1.0 1.0
0.0 0.0 0.0 0.0 0.0 0.0 0.0 0.0 0.0 0.0 0.0 0.0 0.0 0.0 0.0 285.0 14.0 0.0 0.0 1.0 1.0 0.05 0.06 0.0 255.0 14.0 0.05 0.07 0.0 0.0 0.0 0.0 1.0 1.0
0.0 0.0 0.0 0.0 0.0 0.0 0.0 0.0 0.0 0.0 0.0 0.0 0.0 0.0 0.0 295.0 19.0 0.0 0.0 1.0 1.0 0.06 0.06 0.0 255.0 19.0 0.07 0.07 0.0 0.0 0.0 0.0 1.0 1.0
0.0 0.0 0.0 0.0 0.0 0.0 0.0 0.0 0.0 0.0 0.0 0.0 0.0 0.0 0.0 206.0 3.0 0.0 0.0 1.0 1.0 0.01 0.07 0.0 255.0 3.0 0.01 0.07 0.0 0.0 0.0 0.0 1.0 1.0
0.0 0.0 0.0 0.0 0.0 0.0 0.0 0.0 0.0 0.0 0.0 0.0 0.0 0.0 0.0 216.0 8.0 0.0 0.0 1.0 1.0 0.04 0.06 0.0 255.0 8.0 0.03 0.07 0.0 0.0 0.0 0.0 1.0 1.0
0.0 0.0 0.0 0.0 0.0 0.0 0.0 0.0 0.0 0.0 0.0 0.0 0.0 0.0 0.0 226.0 13.0 0.0 0.0 1.0 1.0 0.06 0.06 0.0 255.0 13.0 0.05 0.07 0.0 0.0 0.0 0.0 1.0 1.0
0.0 0.0 0.0 0.0 0.0 0.0 0.0 0.0 0.0 0.0 0.0 0.0 0.0 0.0 0.0 236.0 18.0 0.0 0.0 1.0 1.0 0.08 0.06 0.0 255.0 18.0 0.07 0.07 0.0 0.0 0.0 0.0 1.0 1.0
0.0 0.0 0.0 0.0 0.0 0.0 0.0 0.0 0.0 0.0 0.0 0.0 0.0 0.0 0.0 246.0 5.0 0.0 0.0 1.0 1.0 0.02 0.07 0.0 255.0 5.0 0.02 0.08 0.0 0.0 0.0 0.0 1.0 1.0
0.0 0.0 0.0 0.0 0.0 0.0 0.0 0.0 0.0 0.0 0.0 0.0 0.0 0.0 0.0 256.0 10.0 0.0 0.0 1.0 1.0 0.04 0.07 0.0 255.0 10.0 0.04 0.07 0.0 0.0 0.0 0.0 1.0 1.0
0.0 0.0 0.0 0.0 0.0 0.0 0.0 0.0 0.0 0.0 0.0 0.0 0.0 0.0 0.0 266.0 15.0 0.0 0.0 1.0 1.0 0.06 0.06 0.0 255.0 15.0 0.06 0.07 0.0 0.0 0.0 0.0 1.0 1.0
