0.0 0.0 0.0 0.0 0.0 0.0 0.0 0.0 0.0 0.0 0.0 0.0 0.0 0.0 0.0 211.0 5.0 0.0 0.0 1.0 1.0 0.02 0.06 0.0 255.0 5.0 0.02 0.07 0.0 0.0 0.0 0.0 1.0 1.0
0.0 0.0 0.0 0.0 0.0 0.0 0.0 0.0 0.0 0.0 0.0 0.0 0.0 0.0 0.0 221.0 10.0 0.0 0.0 1.0 1.0 0.05 0.07 0.0 255.0 10.0 0.04 0.07 0.0 0.0 0.0 0.0 1.0 1.0
0.0 0.0 0.0 0.0 0.0 0.0 0.0 0.0 0.0 0.0 0.0 0.0 0.0 0.0 0.0 231.0 8.0 0.0 0.0 1.0 1.0 0.03 0.07 0.0 255.0 8.0 0.03 0.07 0.0 0.0 0.0 0.0 1.0 1.0
0.0 0.0 0.0 0.0 0.0 0.0 0.0 0.0 0.0 0.0 0.0 0.0 0.0 0.0 0.0 241.0 16.0 0.0 0.0 1.0 1.0 0.07 0.07 0.0 255.0 16.0 0.06 0.07 0.0 0.0 0.0 0.0 1.0 1.0
0.0 0.0 0.0 0.0 0.0 0.0 0.0 0.0 0.0 0.0 0.0 0.0 0.0 0.0 0.0 251.0 17.0 0.0 0.0 1.0 1.0 0.07 0.07 0.0 255.0 17.0 0.07 0.08 0.0 0.0 0.0 0.0 1.0 1.0
0.0 0.0 0.0 0.0 0.0 0.0 0.0 0.0 0.0 0.0 0.0 0.0 0.0 0.0 0.0 261.0 7.0 0.0 0.0 1.0 1.0 0.03 0.07 0.0 255.0 7.0 0.03 0.07 0.0 0.0 0.0 0.0 1.0 1.0
0.0 0.0 0.0 0.0 0.0 0.0 0.0 0.0 0.0 0.0 0.0 0.0 0.0 0.0 0.0 271.0 8.0 0.0 0.0 1.0 1.0 0.03 0.06 0.0 255.0 8.0 0.03 0.07 0.0 0.0 0.0 0.0 1.0 1.0
0.0 0.0 0.0 0.0 0.0 0.0 0.0 0.0 0.0 0.0 0.0 0.0 0.0 0.0 0.0 281.0 17.0 0.0 0.0 1.0 1.0 0.06 0.06 0.0 255.0 17.0 0.07 0.07 0.0 0.0 0.0 0.0 1.0 1.0
0.0 0.0 0.0 0.0 0.0 0.0 0.0 0.0 0.0 0.0 0.0 0.0 0.0 0.0 0.0 291.0 18.0 0.0 0.0 1.0 1.0 0.06 0.06 0.0 255.0 18.0 0.07 0.07 0.0 0.0 0.0 0.0 1.0 1.0
0.0 0.0 0.0 0.0 0.0 0.0 0.0 0.0 0.0 0.0 0.0 0.0 0.0 0.0 0.0 201.0 2.0 0.0 0.0 1.0 1.0 0.01 0.07 0.0 255.0 2.0 0.01 0.07 0.0 0.0 0.0 0.0 1.0 1.0
0.0 0.0 0.0 0.0 0.0 0.0 0.0 0.0 0.0 0.0 0.0 0.0 0.0 0.0 0.0 211.0 6.0 0.0 0.0 1.0 1.0 0.03 0.07 0.0 255.0 6.0 0.02 0.07 0.0 0.0 0.0 0.0 1.0 1.0
0.0 0.0 0.0 0.0 0.0 0.0 0.0 0.0 0.0 0.0 0.0 0.0 0.0 0.0 0.0 221.0 8.0 0.0 0.0 1.0 1.0 0.04 0.07 0.0 255.0 8.0 0.03 0.07 0.0 0.0 0.0 0.0 1.0 1.0
0.0 0.0 0.0 0.0 0.0 0.0 0.0 0.0 0.0 0.0 0.0 0.0 0.0 0.0 0.0 231.0 16.0 0.0 0.0 1.0 1.0 0.07 0.06 0.0 255.0 16.0 0.06 0.07 0.0 0.0 0.0 0.0 1.0 1.0
0.0 0.0 0.0 0.0 0.0 0.0 0.0 0.0 0.0 0.0 0.0 0.0 0.0 0.0 0.0 241.0 12.0 0.0 0.0 1.0 1.0 0.05 0.06 0.0 255.0 12.0 0.05 0.07 0.0 0.0 0.0 0.0 1.0 1.0
0.0 0.0 0.0 0.0 0.0 0.0 0.0 0.0 0.0 0.0 0.0 0.0 0.0 0.0 0.0 251.0 12.0 0.0 0.0 1.0 1.0 0.05 0.06 0.0 255.0 12.0 0.05 0.07 0.0 0.0 0.0 0.0 1.0 1.0
0.0 0.0 0.0 0.0 0.0 0.0 0.0 0.0 0.0 0.0 0.0 0.0 0.0 0.0 0.0 261.0 2.0 0.0 0.0 1.0 1.0 0.01 0.06 0.0 255.0 2.0 0.01 0.06 0.0 0.0 0.0 0.0 1.0 1.0
0.0 0.0 0.0 0.0 0.0 0.0 0.0 0.0 0.0 0.0 0.0 0.0 0.0 0.0 0.0 271.0 7.0 0.0 0.0 1.0 1.0 0.03 0.06 0.0 255.0 7.0 0.03 0.06 0.0 0.0 0.0 0.0 1.0 1.0
0.0 0.0 0.0 0.0 0.0 0.0 0.0 0.0 0.0 0.0 0.0 0.0 0.0 0.0 0.0 281.0 12.0 0.0 0.0 1.0 1.0 0.04 0.06 0.0 255.0 12.0 0.05 0.06 0.0 0.0 0.0 0.0 1.0 1.0
0.0 0.0 0.0 0.0 0.0 0.0 0.0 0.0 0.0 0.0 0.0 0.0 0.0 0.0 0.0 291.0 17.0 0.0 0.0 1.0 1.0 0.06 0.05 0.0 255.0 17.0 0.07 0.06 0.0 0.0 0.0 0.0 1.0 1.0
0.0 0.0 0.0 0.0 0.0 0.0 0.0 0.0 0.0 0.0 0.0 0.0 0.0 0.0 0.0 201.0 1.0 0.0 0.0 1.0 1.0 0.0 0.06 0.0 255.0 1.0 0.0 0.07 0.0 0.0 0.0 0.0 1.0 1.0
0.0 0.0 0.0 0.0 0.0 0.0 0.0 0.0 0.0 0.0 0.0 0.0 0.0 0.0 0.0 211.0 7.0 0.0 0.0 1.0 1.0 0.03 0.06 0.0 255.0 7.0 0.03 0.07 0.0 0.0 0.0 0.0 1.0 1.0
0.0 0.0 0.0 0.0 0.0 0.0 0.0 0.0 0.0 0.0 0.0 0.0 0.0 0.0 0.0 221.0 11.0 0.0 0.0 1.0 1.0 0.05 0.06 0.0 255.0 11.0 0.04 0.07 0.0 0.0 0.0 0.0 1.0 1.0
0.0 0.0 0.0 0.0 0.0 0.0 0.0 0.0 0.0 0.0 0.0 0.0 0.0 0.0 0.0 231.0 7.0 0.0 0.0 1.0 1.0 0.03 0.06 0.0 255.0 7.0 0.03 0.07 0.0 0.0 0.0 0.0 1.0 1.0
0.0 0.0 0.0 0.0 0.0 0.0 0.0 0.0 0.0 0.0 0.0 0.0 0.0 0.0 0.0 241.0 13.0 0.0 0.0 1.0 1.0 0.05 0.06 0.0 255.0 13.0 0.05 0.07 0.0 0.0 0.0 0.0 1.0 1.0
0.0 0.0 0.0 0.0 0.0 0.0 0.0 0.0 0.0 0.0 0.0 0.0 0.0 0.0 0.0 251.0 3.0 0.0 0.0 1.0 1.0 0.01 0.06 0.0 255.0 3.0 0.01 0.07 0.0 0.0 0.0 0.0 1.0 1.0
0.0 0.0 0.0 0.0 0.0 0.0 0.0 0.0 0.0 0.0 0.0 0.0 0.0 0.0 0.0 261.0 3.0 0.0 0.0 1.0 1.0 0.01 0.07 0.0 255.0 3.0 0.01 0.07 0.0 0.0 0.0 0.0 1.0 1.0
0.0 0.0 0.0 0.0 0.0 0.0 0.0 0.0 0.0 0.0 0.0 0.0 0.0 0.0 0.0 271.0 13.0 0.0 0.0 1.0 1.0 0.05 0.06 0.0 255.0 13.0 0.05 0.07 0.0 0.0 0.0 0.0 1.0 1.0
0.0 0.0 0.0 0.0 0.0 0.0 0.0 0.0 0.0 0.0 0.0 0.0 0.0 0.0 0.0 281.0 13.0 0.0 0.0 1.0 1.0 0.05 0.06 0.0 255.0 13.0 0.05 0.07 0.0 0.0 0.0 0.0 1.0 1.0
0.0 0.0 0.0 0.0 0.0 0.0 0.0 0.0 0.0 0.0 0.0 0.0 0.0 0.0 0.0 291.0 18.0 0.0 0.0 1.0 1.0 0.06 0.06 0.0 255.0 18.0 0.07 0.07 0.0 0.0 0.0 0.0 1.0 1.0
0.0 0.0 0.0 0.0 0.0 0.0 0.0 0.0 0.0 0.0 0.0 0.0 0.0 0.0 0.0 203.0 2.0 0.0 0.0 1.0 1.0 0.01 0.07 0.0 255.0 2.0 0.01 0.07 0.0 0.0 0.0 0.0 1.0 1.0
0.0 0.0 0.0 0.0 0.0 0.0 0.0 0.0 0.0 0.0 0.0 0.0 0.0 0.0 0.0 213.0 6.0 0.0 0.0 1.0 1.0 0.03 0.07 0.0 255.0 6.0 0.02 0.08 0.0 0.0 0.0 0.0 1.0 1.0
0.0 0.0 0.0 0.0 0.0 0.0 0.0 0.0 0.0 0.0 0.0 0.0 0.0 0.0 0.0 223.0 8.0 0.0 0.0 1.0 1.0 0.04 0.07 0.0 255.0 8.0 0.03 0.07 0.0 0.0 0.0 0.0 1.0 1.0
0.0 0.0 0.0 0.0 0.0 0.0 0.0 0.0 0.0 0.0 0.0 0.0 0.0 0.0 0.0 233.0 16.0 0.0 0.0 1.0 1.0 0.07 0.06 0.0 255.0 16.0 0.06 0.07 0.0 0.0 0.0 0.0 1.0 1.0
0.0 0.0 0.0 0.0 0.0 0.0 0.0 0.0 0.0 0.0 0.0 0.0 0.0 0.0 0.0 243.0 3.0 0.0 0.0 1.0 1.0 0.01 0.07 0.0 255.0 3.0 0.01 0.08 0.0 0.0 0.0 0.0 1.0 1.0
0.0 0.0 0.0 0.0 0.0 0.0 0.0 0.0 0.0 0.0 0.0 0.0 0.0 0.0 0.0 253.0 13.0 0.0 0.0 1.0 1.0 0.05 0.06 0.0 255.0 13.0 0.05 0.07 0.0 0.0 0.0 0.0 1.0 1.0
0.0 0.0 0.0 0.0 0.0 0.0 0.0 0.0 0.0 0.0 0.0 0.0 0.0 0.0 0.0 263.0 13.0 0.0 0.0 1.0 1.0 0.05 0.06 0.0 255.0 13.0 0.05 0.06 0.0 0.0 0.0 0.0 1.0 1.0
0.0 0.0 0.0 0.0 0.0 0.0 0.0 0.0 0.0 0.0 0.0 0.0 0.0 0.0 0.0 273.0 7.0 0.0 0.0 1.0 1.0 0.03 0.06 0.0 255.0 7.0 0.03 0.06 0.0 0.0 0.0 0.0 1.0 1.0
0.0 0.0 0.0 0.0 0.0 0.0 0.0 0.0 0.0 0.0 0.0 0.0 0.0 0.0 0.0 283.0 12.0 0.0 0.0 1.0 1.0 0.04 0.06 0.0 255.0 12.0 0.05 0.06 0.0 0.0 0.0 0.0 1.0 1.0
0.0 0.0 0.0 0.0 0.0 0.0 0.0 0.0 0.0 0.0 0.0 0.0 0.0 0.0 0.0 293.0 17.0 0.0 0.0 1.0 1.0 0.06 0.05 0.0 255.0 17.0 0.07 0.06 0.0 0.0 0.0 0.0 1.0 1.0
0.0 0.0 0.0 0.0 0.0 0.0 0.0 0.0 0.0 0.0 0.0 0.0 0.0 0.0 0.0 203.0 1.0 0.0 0.0 1.0 1.0 0.0 0.07 0.0 255.0 1.0 0.0 0.07 0.0 0.0 0.0 0.0 1.0 1.0
0.0 0.0 0.0 0.0 0.0 0.0 0.0 0.0 0.0 0.0 0.0 0.0 0.0 0.0 0.0 213.0 7.0 0.0 0.0 1.0 1.0 0.03 0.07 0.0 255.0 7.0 0.03 0.07 0.0 0.0 0.0 0.0 1.0 1.0
0.0 0.0 0.0 0.0 0.0 0.0 0.0 0.0 0.0 0.0 0.0 0.0 0.0 0.0 0.0 223.0 11.0 0.0 0.0 1.0 1.0 0.05 0.07 0.0 255.0 11.0 0.04 0.07 0.0 0.0 0.0 0.0 1.0 1.0
0.0 0.0 0.0 0.0 0.0 0.0 0.0 0.0 0.0 0.0 0.0 0.0 0.0 0.0 0.0 233.0 8.0 0.0 0.0 1.0 1.0 0.03 0.07 0.0 255.0 8.0 0.03 0.07 0.0 0.0 0.0 0.0 1.0 1.0
0.0 0.0 0.0 0.0 0.0 0.0 0.0 0.0 0.0 0.0 0.0 0.0 0.0 0.0 0.0 243.0 13.0 0.0 0.0 1.0 1.0 0.05 0.07 0.0 255.0 13.0 0.05 0.07 0.0 0.0 0.0 0.0 1.0 1.0
0.0 0.0 0.0 0.0 0.0 0.0 0.0 0.0 0.0 0.0 0.0 0.0 0.0 0.0 0.0 253.0 3.0 0.0 0.0 1.0 1.0 0.01 0.07 0.0 255.0 3.0 0.01 0.07 0.0 0.0 0.0 0.0 1.0 1.0
0.0 0.0 0.0 0.0 0.0 0.0 0.0 0.0 0.0 0.0 0.0 0.0 0.0 0.0 0.0 263.0 3.0 0.0 0.0 1.0 1.0 0.01 0.07 0.0 255.0 3.0 0.01 0.07 0.0 0.0 0.0 0.0 1.0 1.0
0.0 0.0 0.0 0.0 0.0 0.0 0.0 0.0 0.0 0.0 0.0 0.0 0.0 0.0 0.0 273.0 13.0 0.0 0.0 1.0 1.0 0.05 0.07 0.0 255.0 13.0 0.05 0.07 0.0 0.0 0.0 0.0 1.0 1.0
0.0 0.0 0.0 0.0 0.0 0.0 0.0 0.0 0.0 0.0 0.0 0.0 0.0 0.0 0.0 283.0 13.0 0.0 0.0 1.0 1.0 0.05 0.06 0.0 255.0 13.0 0.05 0.07 0.0 0.0 0.0 0.0 1.0 1.0
0.0 0.0 0.0 0.0 0.0 0.0 0.0 0.0 0.0 0.0 0.0 0.0 0.0 0.0 0.0 293.0 17.0 0.0 0.0 1.0 1.0 0.06 0.06 0.0 255.0 17.0 0.07 0.07 0.0 0.0 0.0 0.0 1.0 1.0
0.0 0.0 0.0 0.0 0.0 0.0 0.0 0.0 0.0 0.0 0.0 0.0 0.0 0.0 0.0 203.0 2.0 0.0 0.0 1.0 1.0 0.01 0.07 0.0 255.0 2.0 0.01 0.07 0.0 0.0 0.0 0.0 1.0 1.0
0.0 0.0 0.0 0.0 0.0 0.0 0.0 0.0 0.0 0.0 0.0 0.0 0.0 0.0 0.0 213.0 3.0 0.0 0.0 1.0 1.0 0.01 0.07 0.0 255.0 3.0 0.01 0.07 0.0 0.0 0.0 0.0 1.0 1.0
0.0 0.0 0.0 0.0 0.0 0.0 0.0 0.0 0.0 0.0 0.0 0.0 0.0 0.0 0.0 223.0 12.0 0.0 0.0 1.0 1.0 0.05 0.07 0.0 255.0 12.0 0.05 0.07 0.0 0.0 0.0 0.0 1.0 1.0
0.0 0.0 0.0 0.0 0.0 0.0 0.0 0.0 0.0 0.0 0.0 0.0 0.0 0.0 0.0 233.0 5.0 0.0 0.0 1.0 1.0 0.02 0.06 0.0 255.0 5.0 0.02 0.07 0.0 0.0 0.0 0.0 1.0 1.0
0.0 0.0 0.0 0.0 0.0 0.0 0.0 0.0 0.0 0.0 0.0 0.0 0.0 0.0 0.0 243.0 5.0 0.0 0.0 1.0 1.0 0.02 0.07 0.0 255.0 5.0 0.02 0.07 0.0 0.0 0.0 0.0 1.0 1.0
0.0 0.0 0.0 0.0 0.0 0.0 0.0 0.0 0.0 0.0 0.0 0.0 0.0 0.0 0.0 253.0 15.0 0.0 0.0 1.0 1.0 0.06 0.06 0.0 255.0 15.0 0.06 0.07 0.0 0.0 0.0 0.0 1.0 1.0
0.0 0.0 0.0 0.0 0.0 0.0 0.0 0.0 0.0 0.0 0.0 0.0 0.0 0.0 0.0 263.0 15.0 0.0 0.0 1.0 1.0 0.06 0.06 0.0 255.0 15.0 0.06 0.06 0.0 0.0 0.0 0.0 1.0 1.0
0.0 0.0 0.0 0.0 0.0 0.0 0.0 0.0 0.0 0.0 0.0 0.0 0.0 0.0 0.0 273.0 9.0 0.0 0.0 1.0 1.0 0.03 0.06 0.0 255.0 9.0 0.04 0.06 0.0 0.0 0.0 0.0 1.0 1.0
0.0 0.0 0.0 0.0 0.0 0.0 0.0 0.0 0.0 0.0 0.0 0.0 0.0 0.0 0.0 283.0 14.0 0.0 0.0 1.0 1.0 0.05 0.06 0.0 255.0 14.0 0.05 0.06 0.0 0.0 0.0 0.0 1.0 1.0
0.0 0.0 0.0 0.0 0.0 0.0 0.0 0.0 0.0 0.0 0.0 0.0 0.0 0.0 0.0 293.0 19.0 0.0 0.0 1.0 1.0 0.06 0.05 0.0 255.0 19.0 0.07 0.06 0.0 0.0 0.0 0.0 1.0 1.0
0.0 0.0 0.0 0.0 0.0 0.0 0.0 0.0 0.0 0.0 0.0 0.0 0.0 0.0 0.0 203.0 3.0 0.0 0.0 1.0 1.0 0.01 0.07 0.0 255.0 3.0 0.01 0.07 0.0 0.0 0.0 0.0 1.0 1.0
0.0 0.0 0.0 0.0 0.0 0.0 0.0 0.0 0.0 0.0 0.0 0.0 0.0 0.0 0.0 213.0 9.0 0.0 0.0 1.0 1.0 0.04 0.07 0.0 255.0 9.0 0.04 0.07 0.0 0.0 0.0 0.0 1.0 1.0
0.0 0.0 0.0 0.0 0.0 0.0 0.0 0.0 0.0 0.0 0.0 0.0 0.0 0.0 0.0 223.0 3.0 0.0 0.0 1.0 1.0 0.01 0.07 0.0 255.0 3.0 0.01 0.07 0.0 0.0 0.0 0.0 1.0 1.0
0.0 0.0 0.0 0.0 0.0 0.0 0.0 0.0 0.0 0.0 0.0 0.0 0.0 0.0 0.0 233.0 12.0 0.0 0.0 1.0 1.0 0.05 0.07 0.0 255.0 12.0 0.05 0.07 0.0 0.0 0.0 0.0 1.0 1.0
0.0 0.0 0.0 0.0 0.0 0.0 0.0 0.0 0.0 0.0 0.0 0.0 0.0 0.0 0.0 243.0 2.0 0.0 0.0 1.0 1.0 0.01 0.07 0.0 255.0 2.0 0.01 0.07 0.0 0.0 0.0 0.0 1.0 1.0
0.0 0.0 0.0 0.0 0.0 0.0 0.0 0.0 0.0 0.0 0.0 0.0 0.0 0.0 0.0 253.0 2.0 0.0 0.0 1.0 1.0 0.01 0.07 0.0 255.0 2.0 0.01 0.08 0.0 0.0 0.0 0.0 1.0 1.0
0.0 0.0 0.0 0.0 0.0 0.0 0.0 0.0 0.0 0.0 0.0 0.0 0.0 0.0 0.0 263.0 12.0 0.0 0.0 1.0 1.0 0.05 0.07 0.0 255.0 12.0 0.05 0.07 0.0 0.0 0.0 0.0 1.0 1.0
0.0 0.0 0.0 0.0 0.0 0.0 0.0 0.0 0.0 0.0 0.0 0.0 0.0 0.0 0.0 273.0 12.0 0.0 0.0 1.0 1.0 0.04 0.07 0.0 255.0 12.0 0.05 0.07 0.0 0.0 0.0 0.0 1.0 1.0
0.0 0.0 0.0 0.0 0.0 0.0 0.0 0.0 0.0 0.0 0.0 0.0 0.0 0.0 0.0 283.0 14.0 0.0 0.0 1.0 1.0 0.05 0.06 0.0 255.0 14.0 0.05 0.07 0.0 0.0 0.0 0.0 1.0 1.0
0.0 0.0 0.0 0.0 0.0 0.0 0.0 0.0 0.0 0.0 0.0 0.0 0.0 0.0 0.0 293.0 19.0 0.0 0.0 1.0 1.0 0.06 0.06 0.0 255.0 19.0 0.07 0.07 0.0 0.0 0.0 0.0 1.0 1.0
0.0 0.0 0.0 0.0 0.0 0.0 0.0 0.0 0.0 0.0 0.0 0.0 0.0 0.0 0.0 203.0 3.0 0.0 0.0 1.0 1.0 0.01 0.07 0.0 255.0 3.0 0.01 0.08 0.0 0.0 0.0 0.0 1.0 1.0
0.0 0.0 0.0 0.0 0.0 0.0 0.0 0.0 0.0 0.0 0.0 0.0 0.0 0.0 0.0 213.0 3.0 0.0 0.0 1.0 1.0 0.01 0.08 0.0 255.0 3.0 0.01 0.08 0.0 0.0 0.0 0.0 1.0 1.0
0.0 0.0 0.0 0.0 0.0 0.0 0.0 0.0 0.0 0.0 0.0 0.0 0.0 0.0 0.0 223.0 13.0 0.0 0.0 1.0 1.0 0.06 0.07 0.0 255.0 13.0 0.05 0.08 0.0 0.0 0.0 0.0 1.0 1.0
0.0 0.0 0.0 0.0 0.0 0.0 0.0 0.0 0.0 0.0 0.0 0.0 0.0 0.0 0.0 233.0 3.0 0.0 0.0 1.0 1.0 0.01 0.07 0.0 255.0 3.0 0.01 0.08 0.0 0.0 0.0 0.0 1.0 1.0
0.0 0.0 0.0 0.0 0.0 0.0 0.0 0.0 0.0 0.0 0.0 0.0 0.0 0.0 0.0 243.0 13.0 0.0 0.0 1.0 1.0 0.05 0.07 0.0 255.0 13.0 0.05 0.07 0.0 0.0 0.0 0.0 1.0 1.0
0.0 0.0 0.0 0.0 0.0 0.0 0.0 0.0 0.0 0.0 0.0 0.0 0.0 0.0 0.0 253.0 13.0 0.0 0.0 1.0 1.0 0.05 0.06 0.0 255.0 13.0 0.05 0.07 0.0 0.0 0.0 0.0 1.0 1.0
0.0 0.0 0.0 0.0 0.0 0.0 0.0 0.0 0.0 0.0 0.0 0.0 0.0 0.0 0.0 263.0 4.0 0.0 0.0 1.0 1.0 0.02 0.06 0.0 255.0 4.0 0.02 0.06 0.0 0.0 0.0 0.0 1.0 1.0
0.0 0.0 0.0 0.0 0.0 0.0 0.0 0.0 0.0 0.0 0.0 0.0 0.0 0.0 0.0 273.0 8.0 0.0 0.0 1.0 1.0 0.03 0.06 0.0 255.0 8.0 0.03 0.06 0.0 0.0 0.0 0.0 1.0 1.0
0.0 0.0 0.0 0.0 0.0 0.0 0.0 0.0 0.0 0.0 0.0 0.0 0.0 0.0 0.0 283.0 14.0 0.0 0.0 1.0 1.0 0.05 0.06 0.0 255.0 14.0 0.05 0.06 0.0 0.0 0.0 0.0 1.0 1.0
0.0 0.0 0.0 0.0 0.0 0.0 0.0 0.0 0.0 0.0 0.0 0.0 0.0 0.0 0.0 293.0 19.0 0.0 0.0 1.0 1.0 0.06 0.05 0.0 255.0 19.0 0.07 0.06 0.0 0.0 0.0 0.0 1.0 1.0
0.0 0.0 0.0 0.0 0.0 0.0 0.0 0.0 0.0 0.0 0.0 0.0 0.0 0.0 0.0 207.0 3.0 0.0 0.0 1.0 1.0 0.01 0.07 0.0 255.0 3.0 0.01 0.07 0.0 0.0 0.0 0.0 1.0 1.0
0.0 0.0 0.0 0.0 0.0 0.0 0.0 0.0 0.0 0.0 0.0 0.0 0.0 0.0 0.0 217.0 9.0 0.0 0.0 1.0 1.0 0.04 0.06 0.0 255.0 9.0 0.04 0.07 0.0 0.0 0.0 0.0 1.0 1.0
0.0 0.0 0.0 0.0 0.0 0.0 0.0 0.0 0.0 0.0 0.0 0.0 0.0 0.0 0.0 227.0 3.0 0.0 0.0 1.0 1.0 0.01 0.07 0.0 255.0 3.0 0.01 0.07 0.0 0.0 0.0 0.0 1.0 1.0
0.0 0.0 0.0 0.0 0.0 0.0 0.0 0.0 0.0 0.0 0.0 0.0 0.0 0.0 0.0 237.0 12.0 0.0 0.0 1.0 1.0 0.05 0.07 0.0 255.0 12.0 0.05 0.07 0.0 0.0 0.0 0.0 1.0 1.0
0.0 0.0 0.0 0.0 0.0 0.0 0.0 0.0 0.0 0.0 0.0 0.0 0.0 0.0 0.0 247.0 18.0 0.0 0.0 1.0 1.0 0.07 0.07 0.0 255.0 18.0 0.07 0.07 0.0 0.0 0.0 0.0 1.0 1.0
0.0 0.0 0.0 0.0 0.0 0.0 0.0 0.0 0.0 0.0 0.0 0.0 0.0 0.0 0.0 257.0 7.0 0.0 0.0 1.0 1.0 0.03 0.07 0.0 255.0 7.0 0.03 0.07 0.0 0.0 0.0 0.0 1.0 1.0
0.0 0.0 0.0 0.0 0.0 0.0 0.0 0.0 0.0 0.0 0.0 0.0 0.0 0.0 0.0 267.0 8.0 0.0 0.0 1.0 1.0 0.03 0.07 0.0 255.0 8.0 0.03 0.07 0.0 0.0 0.0 0.0 1.0 1.0
0.0 0.0 0.0 0.0 0.0 0.0 0.0 0.0 0.0 0.0 0.0 0.0 0.0 0.0 0.0 277.0 17.0 0.0 0.0 1.0 1.0 0.06 0.06 0.0 255.0 17.0 0.07 0.07 0.0 0.0 0.0 0.0 1.0 1.0
0.0 0.0 0.0 0.0 0.0 0.0 0.0 0.0 0.0 0.0 0.0 0.0 0.0 0.0 0.0 287.0 18.0 0.0 0.0 1.0 1.0 0.06 0.06 0.0 255.0 18.0 0.07 0.07 0.0 0.0 0.0 0.0 1.0 1.0
0.0 0.0 0.0 0.0 0.0 0.0 0.0 0.0 0.0 0.0 0.0 0.0 0.0 0.0 0.0 297.0 20.0 0.0 0.0 1.0 1.0 0.07 0.06 0.0 255.0 20.0 0.08 0.07 0.0 0.0 0.0 0.0 1.0 1.0
0.0 0.0 0.0 0.0 0.0 0.0 0.0 0.0 0.0 0.0 0.0 0.0 0.0 0.0 0.0 207.0 2.0 0.0 0.0 1.0 1.0 0.01 0.07 0.0 255.0 2.0 0.01 0.08 0.0 0.0 0.0 0.0 1.0 1.0
0.0 0.0 0.0 0.0 0.0 0.0 0.0 0.0 0.0 0.0 0.0 0.0 0.0 0.0 0.0 217.0 2.0 0.0 0.0 1.0 1.0 0.01 0.07 0.0 255.0 2.0 0.01 0.08 0.0 0.0 0.0 0.0 1.0 1.0
0.0 0.0 0.0 0.0 0.0 0.0 0.0 0.0 0.0 0.0 0.0 0.0 0.0 0.0 0.0 227.0 4.0 0.0 0.0 1.0 1.0 0.02 0.07 0.0 255.0 4.0 0.02 0.08 0.0 0.0 0.0 0.0 1.0 1.0
0.0 0.0 0.0 0.0 0.0 0.0 0.0 0.0 0.0 0.0 0.0 0.0 0.0 0.0 0.0 237.0 14.0 0.0 0.0 1.0 1.0 0.06 0.07 0.0 255.0 14.0 0.05 0.08 0.0 0.0 0.0 0.0 1.0 1.0
0.0 0.0 0.0 0.0 0.0 0.0 0.0 0.0 0.0 0.0 0.0 0.0 0.0 0.0 0.0 247.0 14.0 0.0 0.0 1.0 1.0 0.06 0.06 0.0 255.0 14.0 0.05 0.08 0.0 0.0 0.0 0.0 1.0 1.0
0.0 0.0 0.0 0.0 0.0 0.0 0.0 0.0 0.0 0.0 0.0 0.0 0.0 0.0 0.0 257.0 6.0 0.0 0.0 1.0 1.0 0.02 0.06 0.0 255.0 6.0 0.02 0.06 0.0 0.0 0.0 0.0 1.0 1.0
0.0 0.0 0.0 0.0 0.0 0.0 0.0 0.0 0.0 0.0 0.0 0.0 0.0 0.0 0.0 267.0 11.0 0.0 0.0 1.0 1.0 0.04 0.06 0.0 255.0 11.0 0.04 0.06 0.0 0.0 0.0 0.0 1.0 1.0
0.0 0.0 0.0 0.0 0.0 0.0 0.0 0.0 0.0 0.0 0.0 0.0 0.0 0.0 0.0 277.0 16.0 0.0 0.0 1.0 1.0 0.06 0.06 0.0 255.0 16.0 0.06 0.06 0.0 0.0 0.0 0.0 1.0 1.0
0.0 0.0 0.0 0.0 0.0 0.0 0.0 0.0 0.0 0.0 0.0 0.0 0.0 0.0 0.0 187.0 1.0 0.0 0.0 1.0 1.0 0.01 0.07 0.0 255.0 1.0 0.0 0.07 0.0 0.0 0.0 0.0 1.0 1.0
0.0 0.0 0.0 0.0 0.0 0.0 0.0 0.0 0.0 0.0 0.0 0.0 0.0 0.0 0.0 197.0 3.0 0.0 0.0 1.0 1.0 0.02 0.08 0.0 255.0 3.0 0.01 0.07 0.0 0.0 0.0 0.0 1.0 1.0
0.0 0.0 0.0 0.0 0.0 0.0 0.0 0.0 0.0 0.0 0.0 0.0 0.0 0.0 0.0 207.0 11.0 0.0 0.0 1.0 1.0 0.05 0.07 0.0 255.0 11.0 0.04 0.07 0.0 0.0 0.0 0.0 1.0 1.0
0.0 0.0 0.0 0.0 0.0 0.0 0.0 0.0 0.0 0.0 0.0 0.0 0.0 0.0 0.0 217.0 6.0 0.0 0.0 1.0 1.0 0.03 0.07 0.0 255.0 6.0 0.02 0.07 0.0 0.0 0.0 0.0 1.0 1.0
0.0 0.0 0.0 0.0 0.0 0.0 0.0 0.0 0.0 0.0 0.0 0.0 0.0 0.0 0.0 227.0 6.0 0.0 0.0 1.0 1.0 0.03 0.07 0.0 255.0 6.0 0.02 0.07 0.0 0.0 0.0 0.0 1.0 1.0
0.0 0.0 0.0 0.0 0.0 0.0 0.0 0.0 0.0 0.0 0.0 0.0 0.0 0.0 0.0 237.0 16.0 0.0 0.0 1.0 1.0 0.07 0.07 0.0 255.0 16.0 0.06 0.07 0.0 0.0 0.0 0.0 1.0 1.0
0.0 0.0 0.0 0.0 0.0 0.0 0.0 0.0 0.0 0.0 0.0 0.0 0.0 0.0 0.0 247.0 16.0 0.0 0.0 1.0 1.0 0.06 0.06 0.0 255.0 16.0 0.06 0.07 0.0 0.0 0.0 0.0 1.0 1.0
0.0 0.0 0.0 0.0 0.0 0.0 0.0 0.0 0.0 0.0 0.0 0.0 0.0 0.0 0.0 257.0 11.0 0.0 0.0 1.0 1.0 0.04 0.06 0.0 255.0 11.0 0.04 0.06 0.0 0.0 0.0 0.0 1.0 1.0
0.0 0.0 0.0 0.0 0.0 0.0 0.0 0.0 0.0 0.0 0.0 0.0 0.0 0.0 0.0 267.0 16.0 0.0 0.0 1.0 1.0 0.06 0.06 0.0 255.0 16.0 0.06 0.06 0.0 0.0 0.0 0.0 1.0 1.0
0.0 0.0 0.0 0.0 0.0 0.0 0.0 0.0 0.0 0.0 0.0 0.0 0.0 0.0 0.0 177.0 1.0 0.0 0.0 1.0 1.0 0.01 0.06 0.0 255.0 1.0 0.0 0.07 0.0 0.0 0.0 0.0 1.0 1.0
0.0 0.0 0.0 0.0 0.0 0.0 0.0 0.0 0.0 0.0 0.0 0.0 0.0 0.0 0.0 187.0 5.0 0.0 0.0 1.0 1.0 0.03 0.06 0.0 255.0 5.0 0.02 0.07 0.0 0.0 0.0 0.0 1.0 1.0
0.0 0.0 0.0 0.0 0.0 0.0 0.0 0.0 0.0 0.0 0.0 0.0 0.0 0.0 0.0 197.0 11.0 0.0 0.0 1.0 1.0 0.06 0.06 0.0 255.0 11.0 0.04 0.07 0.0 0.0 0.0 0.0 1.0 1.0
0.0 0.0 0.0 0.0 0.0 0.0 0.0 0.0 0.0 0.0 0.0 0.0 0.0 0.0 0.0 207.0 3.0 0.0 0.0 1.0 1.0 0.01 0.06 0.0 255.0 3.0 0.01 0.07 0.0 0.0 0.0 0.0 1.0 1.0
0.0 0.0 0.0 0.0 0.0 0.0 0.0 0.0 0.0 0.0 0.0 0.0 0.0 0.0 0.0 217.0 17.0 0.0 0.0 1.0 1.0 0.08 0.06 0.0 255.0 17.0 0.07 0.07 0.0 0.0 0.0 0.0 1.0 1.0
0.0 0.0 0.0 0.0 0.0 0.0 0.0 0.0 0.0 0.0 0.0 0.0 0.0 0.0 0.0 227.0 17.0 0.0 0.0 1.0 1.0 0.07 0.06 0.0 255.0 17.0 0.07 0.07 0.0 0.0 0.0 0.0 1.0 1.0
0.0 0.0 0.0 0.0 0.0 0.0 0.0 0.0 0.0 0.0 0.0 0.0 0.0 0.0 0.0 237.0 7.0 0.0 0.0 1.0 1.0 0.03 0.06 0.0 255.0 7.0 0.03 0.08 0.0 0.0 0.0 0.0 1.0 1.0
0.0 0.0 0.0 0.0 0.0 0.0 0.0 0.0 0.0 0.0 0.0 0.0 0.0 0.0 0.0 247.0 7.0 0.0 0.0 1.0 1.0 0.03 0.06 0.0 255.0 7.0 0.03 0.07 0.0 0.0 0.0 0.0 1.0 1.0
0.0 0.0 0.0 0.0 0.0 0.0 0.0 0.0 0.0 0.0 0.0 0.0 0.0 0.0 0.0 257.0 17.0 0.0 0.0 1.0 1.0 0.07 0.06 0.0 255.0 17.0 0.07 0.06 0.0 0.0 0.0 0.0 1.0 1.0
0.0 0.0 0.0 0.0 0.0 0.0 0.0 0.0 0.0 0.0 0.0 0.0 0.0 0.0 0.0 267.0 17.0 0.0 0.0 1.0 1.0 0.06 0.06 0.0 255.0 17.0 0.07 0.06 0.0 0.0 0.0 0.0 1.0 1.0
0.0 0.0 0.0 0.0 0.0 0.0 0.0 0.0 0.0 0.0 0.0 0.0 0.0 0.0 0.0 191.0 1.0 0.0 0.0 1.0 1.0 0.01 0.06 0.0 255.0 1.0 0.0 0.06 0.0 0.0 0.0 0.0 1.0 1.0
0.0 0.0 0.0 0.0 0.0 0.0 0.0 0.0 0.0 0.0 0.0 0.0 0.0 0.0 0.0 201.0 3.0 0.0 0.0 1.0 1.0 0.01 0.07 0.0 255.0 3.0 0.01 0.07 0.0 0.0 0.0 0.0 1.0 1.0
0.0 0.0 0.0 0.0 0.0 0.0 0.0 0.0 0.0 0.0 0.0 0.0 0.0 0.0 0.0 211.0 3.0 0.0 0.0 1.0 1.0 0.01 0.07 0.0 255.0 3.0 0.01 0.07 0.0 0.0 0.0 0.0 1.0 1.0
0.0 0.0 0.0 0.0 0.0 0.0 0.0 0.0 0.0 0.0 0.0 0.0 0.0 0.0 0.0 221.0 13.0 0.0 0.0 1.0 1.0 0.06 0.07 0.0 255.0 13.0 0.05 0.07 0.0 0.0 0.0 0.0 1.0 1.0
0.0 0.0 0.0 0.0 0.0 0.0 0.0 0.0 0.0 0.0 0.0 0.0 0.0 0.0 0.0 231.0 6.0 0.0 0.0 1.0 1.0 0.03 0.06 0.0 255.0 6.0 0.02 0.07 0.0 0.0 0.0 0.0 1.0 1.0
0.0 0.0 0.0 0.0 0.0 0.0 0.0 0.0 0.0 0.0 0.0 0.0 0.0 0.0 0.0 241.0 16.0 0.0 0.0 1.0 1.0 0.07 0.06 0.0 255.0 16.0 0.06 0.07 0.0 0.0 0.0 0.0 1.0 1.0
0.0 0.0 0.0 0.0 0.0 0.0 0.0 0.0 0.0 0.0 0.0 0.0 0.0 0.0 0.0 251.0 16.0 0.0 0.0 1.0 1.0 0.06 0.06 0.0 255.0 16.0 0.06 0.07 0.0 0.0 0.0 0.0 1.0 1.0
0.0 0.0 0.0 0.0 0.0 0.0 0.0 0.0 0.0 0.0 0.0 0.0 0.0 0.0 0.0 261.0 6.0 0.0 0.0 1.0 1.0 0.02 0.06 0.0 255.0 6.0 0.02 0.06 0.0 0.0 0.0 0.0 1.0 1.0
0.0 0.0 0.0 0.0 0.0 0.0 0.0 0.0 0.0 0.0 0.0 0.0 0.0 0.0 0.0 271.0 11.0 0.0 0.0 1.0 1.0 0.04 0.06 0.0 255.0 11.0 0.04 0.06 0.0 0.0 0.0 0.0 1.0 1.0
0.0 0.0 0.0 0.0 0.0 0.0 0.0 0.0 0.0 0.0 0.0 0.0 0.0 0.0 0.0 281.0 16.0 0.0 0.0 1.0 1.0 0.06 0.06 0.0 255.0 16.0 0.06 0.06 0.0 0.0 0.0 0.0 1.0 1.0
0.0 0.0 0.0 0.0 0.0 0.0 0.0 0.0 0.0 0.0 0.0 0.0 0.0 0.0 0.0 201.0 1.0 0.0 0.0 1.0 1.0 0.0 0.06 0.0 255.0 1.0 0.0 0.07 0.0 0.0 0.0 0.0 1.0 1.0
0.0 0.0 0.0 0.0 0.0 0.0 0.0 0.0 0.0 0.0 0.0 0.0 0.0 0.0 0.0 211.0 5.0 0.0 0.0 1.0 1.0 0.02 0.07 0.0 255.0 5.0 0.02 0.07 0.0 0.0 0.0 0.0 1.0 1.0
0.0 0.0 0.0 0.0 0.0 0.0 0.0 0.0 0.0 0.0 0.0 0.0 0.0 0.0 0.0 221.0 11.0 0.0 0.0 1.0 1.0 0.05 0.06 0.0 255.0 11.0 0.04 0.07 0.0 0.0 0.0 0.0 1.0 1.0
0.0 0.0 0.0 0.0 0.0 0.0 0.0 0.0 0.0 0.0 0.0 0.0 0.0 0.0 0.0 231.0 3.0 0.0 0.0 1.0 1.0 0.01 0.06 0.0 255.0 3.0 0.01 0.07 0.0 0.0 0.0 0.0 1.0 1.0
0.0 0.0 0.0 0.0 0.0 0.0 0.0 0.0 0.0 0.0 0.0 0.0 0.0 0.0 0.0 241.0 17.0 0.0 0.0 1.0 1.0 0.07 0.06 0.0 255.0 17.0 0.07 0.07 0.0 0.0 0.0 0.0 1.0 1.0
0.0 0.0 0.0 0.0 0.0 0.0 0.0 0.0 0.0 0.0 0.0 0.0 0.0 0.0 0.0 251.0 17.0 0.0 0.0 1.0 1.0 0.07 0.06 0.0 255.0 17.0 0.07 0.07 0.0 0.0 0.0 0.0 1.0 1.0
0.0 0.0 0.0 0.0 0.0 0.0 0.0 0.0 0.0 0.0 0.0 0.0 0.0 0.0 0.0 261.0 7.0 0.0 0.0 1.0 1.0 0.03 0.07 0.0 255.0 7.0 0.03 0.07 0.0 0.0 0.0 0.0 1.0 1.0
0.0 0.0 0.0 0.0 0.0 0.0 0.0 0.0 0.0 0.0 0.0 0.0 0.0 0.0 0.0 271.0 7.0 0.0 0.0 1.0 1.0 0.03 0.06 0.0 255.0 7.0 0.03 0.07 0.0 0.0 0.0 0.0 1.0 1.0
0.0 0.0 0.0 0.0 0.0 0.0 0.0 0.0 0.0 0.0 0.0 0.0 0.0 0.0 0.0 281.0 17.0 0.0 0.0 1.0 1.0 0.06 0.06 0.0 255.0 17.0 0.07 0.07 0.0 0.0 0.0 0.0 1.0 1.0
0.0 0.0 0.0 0.0 0.0 0.0 0.0 0.0 0.0 0.0 0.0 0.0 0.0 0.0 0.0 291.0 17.0 0.0 0.0 1.0 1.0 0.06 0.06 0.0 255.0 17.0 0.07 0.07 0.0 0.0 0.0 0.0 1.0 1.0
0.0 0.0 0.0 0.0 0.0 0.0 0.0 0.0 0.0 0.0 0.0 0.0 0.0 0.0 0.0 201.0 1.0 0.0 0.0 1.0 1.0 0.0 0.06 0.0 255.0 1.0 0.0 0.07 0.0 0.0 0.0 0.0 1.0 1.0
0.0 0.0 0.0 0.0 0.0 0.0 0.0 0.0 0.0 0.0 0.0 0.0 0.0 0.0 0.0 211.0 3.0 0.0 0.0 1.0 1.0 0.01 0.07 0.0 255.0 3.0 0.01 0.07 0.0 0.0 0.0 0.0 1.0 1.0
0.0 0.0 0.0 0.0 0.0 0.0 0.0 0.0 0.0 0.0 0.0 0.0 0.0 0.0 0.0 221.0 3.0 0.0 0.0 1.0 1.0 0.01 0.07 0.0 255.0 3.0 0.01 0.07 0.0 0.0 0.0 0.0 1.0 1.0
0.0 0.0 0.0 0.0 0.0 0.0 0.0 0.0 0.0 0.0 0.0 0.0 0.0 0.0 0.0 231.0 13.0 0.0 0.0 1.0 1.0 0.06 0.06 0.0 255.0 13.0 0.05 0.07 0.0 0.0 0.0 0.0 1.0 1.0
0.0 0.0 0.0 0.0 0.0 0.0 0.0 0.0 0.0 0.0 0.0 0.0 0.0 0.0 0.0 241.0 6.0 0.0 0.0 1.0 1.0 0.02 0.06 0.0 255.0 6.0 0.02 0.07 0.0 0.0 0.0 0.0 1.0 1.0
0.0 0.0 0.0 0.0 0.0 0.0 0.0 0.0 0.0 0.0 0.0 0.0 0.0 0.0 0.0 251.0 16.0 0.0 0.0 1.0 1.0 0.06 0.06 0.0 255.0 16.0 0.06 0.07 0.0 0.0 0.0 0.0 1.0 1.0
0.0 0.0 0.0 0.0 0.0 0.0 0.0 0.0 0.0 0.0 0.0 0.0 0.0 0.0 0.0 261.0 16.0 0.0 0.0 1.0 1.0 0.06 0.06 0.0 255.0 16.0 0.06 0.06 0.0 0.0 0.0 0.0 1.0 1.0
0.0 0.0 0.0 0.0 0.0 0.0 0.0 0.0 0.0 0.0 0.0 0.0 0.0 0.0 0.0 271.0 6.0 0.0 0.0 1.0 1.0 0.02 0.06 0.0 255.0 6.0 0.02 0.06 0.0 0.0 0.0 0.0 1.0 1.0
0.0 0.0 0.0 0.0 0.0 0.0 0.0 0.0 0.0 0.0 0.0 0.0 0.0 0.0 0.0 281.0 11.0 0.0 0.0 1.0 1.0 0.04 0.06 0.0 255.0 11.0 0.04 0.06 0.0 0.0 0.0 0.0 1.0 1.0
0.0 0.0 0.0 0.0 0.0 0.0 0.0 0.0 0.0 0.0 0.0 0.0 0.0 0.0 0.0 291.0 16.0 0.0 0.0 1.0 1.0 0.05 0.05 0.0 255.0 16.0 0.06 0.06 0.0 0.0 0.0 0.0 1.0 1.0
0.0 0.0 0.0 0.0 0.0 0.0 0.0 0.0 0.0 0.0 0.0 0.0 0.0 0.0 0.0 201.0 1.0 0.0 0.0 1.0 1.0 0.0 0.06 0.0 255.0 1.0 0.0 0.07 0.0 0.0 0.0 0.0 1.0 1.0
0.0 0.0 0.0 0.0 0.0 0.0 0.0 0.0 0.0 0.0 0.0 0.0 0.0 0.0 0.0 211.0 5.0 0.0 0.0 1.0 1.0 0.02 0.07 0.0 255.0 5.0 0.02 0.07 0.0 0.0 0.0 0.0 1.0 1.0
0.0 0.0 0.0 0.0 0.0 0.0 0.0 0.0 0.0 0.0 0.0 0.0 0.0 0.0 0.0 221.0 11.0 0.0 0.0 1.0 1.0 0.05 0.06 0.0 255.0 11.0 0.04 0.07 0.0 0.0 0.0 0.0 1.0 1.0
0.0 0.0 0.0 0.0 0.0 0.0 0.0 0.0 0.0 0.0 0.0 0.0 0.0 0.0 0.0 231.0 3.0 0.0 0.0 1.0 1.0 0.01 0.06 0.0 255.0 3.0 0.01 0.07 0.0 0.0 0.0 0.0 1.0 1.0
0.0 0.0 0.0 0.0 0.0 0.0 0.0 0.0 0.0 0.0 0.0 0.0 0.0 0.0 0.0 241.0 17.0 0.0 0.0 1.0 1.0 0.07 0.06 0.0 255.0 17.0 0.07 0.07 0.0 0.0 0.0 0.0 1.0 1.0
0.0 0.0 0.0 0.0 0.0 0.0 0.0 0.0 0.0 0.0 0.0 0.0 0.0 0.0 0.0 251.0 17.0 0.0 0.0 1.0 1.0 0.07 0.06 0.0 255.0 17.0 0.07 0.07 0.0 0.0 0.0 0.0 1.0 1.0
0.0 0.0 0.0 0.0 0.0 0.0 0.0 0.0 0.0 0.0 0.0 0.0 0.0 0.0 0.0 261.0 7.0 0.0 0.0 1.0 1.0 0.03 0.07 0.0 255.0 7.0 0.03 0.07 0.0 0.0 0.0 0.0 1.0 1.0
0.0 0.0 0.0 0.0 0.0 0.0 0.0 0.0 0.0 0.0 0.0 0.0 0.0 0.0 0.0 271.0 7.0 0.0 0.0 1.0 1.0 0.03 0.06 0.0 255.0 7.0 0.03 0.07 0.0 0.0 0.0 0.0 1.0 1.0
0.0 0.0 0.0 0.0 0.0 0.0 0.0 0.0 0.0 0.0 0.0 0.0 0.0 0.0 0.0 281.0 17.0 0.0 0.0 1.0 1.0 0.06 0.06 0.0 255.0 17.0 0.07 0.07 0.0 0.0 0.0 0.0 1.0 1.0
0.0 0.0 0.0 0.0 0.0 0.0 0.0 0.0 0.0 0.0 0.0 0.0 0.0 0.0 0.0 291.0 17.0 0.0 0.0 1.0 1.0 0.06 0.06 0.0 255.0 17.0 0.07 0.07 0.0 0.0 0.0 0.0 1.0 1.0
0.0 0.0 0.0 0.0 0.0 0.0 0.0 0.0 0.0 0.0 0.0 0.0 0.0 0.0 0.0 201.0 1.0 0.0 0.0 1.0 1.0 0.0 0.06 0.0 255.0 1.0 0.0 0.07 0.0 0.0 0.0 0.0 1.0 1.0
0.0 0.0 0.0 0.0 0.0 0.0 0.0 0.0 0.0 0.0 0.0 0.0 0.0 0.0 0.0 211.0 3.0 0.0 0.0 1.0 1.0 0.01 0.07 0.0 255.0 3.0 0.01 0.07 0.0 0.0 0.0 0.0 1.0 1.0
0.0 0.0 0.0 0.0 0.0 0.0 0.0 0.0 0.0 0.0 0.0 0.0 0.0 0.0 0.0 221.0 3.0 0.0 0.0 1.0 1.0 0.01 0.07 0.0 255.0 3.0 0.01 0.07 0.0 0.0 0.0 0.0 1.0 1.0
0.0 0.0 0.0 0.0 0.0 0.0 0.0 0.0 0.0 0.0 0.0 0.0 0.0 0.0 0.0 231.0 13.0 0.0 0.0 1.0 1.0 0.06 0.06 0.0 255.0 13.0 0.05 0.07 0.0 0.0 0.0 0.0 1.0 1.0
0.0 0.0 0.0 0.0 0.0 0.0 0.0 0.0 0.0 0.0 0.0 0.0 0.0 0.0 0.0 241.0 12.0 0.0 0.0 1.0 1.0 0.05 0.06 0.0 255.0 12.0 0.05 0.07 0.0 0.0 0.0 0.0 1.0 1.0
0.0 0.0 0.0 0.0 0.0 0.0 0.0 0.0 0.0 0.0 0.0 0.0 0.0 0.0 0.0 251.0 12.0 0.0 0.0 1.0 1.0 0.05 0.06 0.0 255.0 12.0 0.05 0.07 0.0 0.0 0.0 0.0 1.0 1.0
0.0 0.0 0.0 0.0 0.0 0.0 0.0 0.0 0.0 0.0 0.0 0.0 0.0 0.0 0.0 261.0 2.0 0.0 0.0 1.0 1.0 0.01 0.06 0.0 255.0 2.0 0.01 0.06 0.0 0.0 0.0 0.0 1.0 1.0
0.0 0.0 0.0 0.0 0.0 0.0 0.0 0.0 0.0 0.0 0.0 0.0 0.0 0.0 0.0 271.0 7.0 0.0 0.0 1.0 1.0 0.03 0.06 0.0 255.0 7.0 0.03 0.06 0.0 0.0 0.0 0.0 1.0 1.0
0.0 0.0 0.0 0.0 0.0 0.0 0.0 0.0 0.0 0.0 0.0 0.0 0.0 0.0 0.0 281.0 12.0 0.0 0.0 1.0 1.0 0.04 0.06 0.0 255.0 12.0 0.05 0.06 0.0 0.0 0.0 0.0 1.0 1.0
0.0 0.0 0.0 0.0 0.0 0.0 0.0 0.0 0.0 0.0 0.0 0.0 0.0 0.0 0.0 291.0 17.0 0.0 0.0 1.0 1.0 0.06 0.05 0.0 255.0 17.0 0.07 0.06 0.0 0.0 0.0 0.0 1.0 1.0
0.0 0.0 0.0 0.0 0.0 0.0 0.0 0.0 0.0 0.0 0.0 0.0 0.0 0.0 0.0 201.0 1.0 0.0 0.0 1.0 1.0 0.0 0.07 0.0 255.0 1.0 0.0 0.07 0.0 0.0 0.0 0.0 1.0 1.0
0.0 0.0 0.0 0.0 0.0 0.0 0.0 0.0 0.0 0.0 0.0 0.0 0.0 0.0 0.0 211.0 7.0 0.0 0.0 1.0 1.0 0.03 0.07 0.0 255.0 7.0 0.03 0.07 0.0 0.0 0.0 0.0 1.0 1.0
0.0 0.0 0.0 0.0 0.0 0.0 0.0 0.0 0.0 0.0 0.0 0.0 0.0 0.0 0.0 221.0 11.0 0.0 0.0 1.0 1.0 0.05 0.06 0.0 255.0 11.0 0.04 0.07 0.0 0.0 0.0 0.0 1.0 1.0
0.0 0.0 0.0 0.0 0.0 0.0 0.0 0.0 0.0 0.0 0.0 0.0 0.0 0.0 0.0 231.0 3.0 0.0 0.0 1.0 1.0 0.01 0.06 0.0 255.0 3.0 0.01 0.07 0.0 0.0 0.0 0.0 1.0 1.0
0.0 0.0 0.0 0.0 0.0 0.0 0.0 0.0 0.0 0.0 0.0 0.0 0.0 0.0 0.0 241.0 18.0 0.0 0.0 1.0 1.0 0.07 0.06 0.0 255.0 18.0 0.07 0.07 0.0 0.0 0.0 0.0 1.0 1.0
0.0 0.0 0.0 0.0 0.0 0.0 0.0 0.0 0.0 0.0 0.0 0.0 0.0 0.0 0.0 251.0 18.0 0.0 0.0 1.0 1.0 0.07 0.06 0.0 255.0 18.0 0.07 0.07 0.0 0.0 0.0 0.0 1.0 1.0
0.0 0.0 0.0 0.0 0.0 0.0 0.0 0.0 0.0 0.0 0.0 0.0 0.0 0.0 0.0 261.0 8.0 0.0 0.0 1.0 1.0 0.03 0.07 0.0 255.0 8.0 0.03 0.07 0.0 0.0 0.0 0.0 1.0 1.0
0.0 0.0 0.0 0.0 0.0 0.0 0.0 0.0 0.0 0.0 0.0 0.0 0.0 0.0 0.0 271.0 8.0 0.0 0.0 1.0 1.0 0.03 0.06 0.0 255.0 8.0 0.03 0.07 0.0 0.0 0.0 0.0 1.0 1.0
0.0 0.0 0.0 0.0 0.0 0.0 0.0 0.0 0.0 0.0 0.0 0.0 0.0 0.0 0.0 281.0 18.0 0.0 0.0 1.0 1.0 0.06 0.06 0.0 255.0 18.0 0.07 0.07 0.0 0.0 0.0 0.0 1.0 1.0
0.0 0.0 0.0 0.0 0.0 0.0 0.0 0.0 0.0 0.0 0.0 0.0 0.0 0.0 0.0 291.0 18.0 0.0 0.0 1.0 1.0 0.06 0.06 0.0 255.0 18.0 0.07 0.07 0.0 0.0 0.0 0.0 1.0 1.0
0.0 0.0 0.0 0.0 0.0 0.0 0.0 0.0 0.0 0.0 0.0 0.0 0.0 0.0 0.0 201.0 1.0 0.0 0.0 1.0 1.0 0.0 0.06 0.0 255.0 1.0 0.0 0.07 0.0 0.0 0.0 0.0 1.0 1.0
0.0 0.0 0.0 0.0 0.0 0.0 0.0 0.0 0.0 0.0 0.0 0.0 0.0 0.0 0.0 211.0 3.0 0.0 0.0 1.0 1.0 0.01 0.07 0.0 255.0 3.0 0.01 0.07 0.0 0.0 0.0 0.0 1.0 1.0
0.0 0.0 0.0 0.0 0.0 0.0 0.0 0.0 0.0 0.0 0.0 0.0 0.0 0.0 0.0 221.0 3.0 0.0 0.0 1.0 1.0 0.01 0.07 0.0 255.0 3.0 0.01 0.07 0.0 0.0 0.0 0.0 1.0 1.0
0.0 0.0 0.0 0.0 0.0 0.0 0.0 0.0 0.0 0.0 0.0 0.0 0.0 0.0 0.0 231.0 13.0 0.0 0.0 1.0 1.0 0.06 0.06 0.0 255.0 13.0 0.05 0.07 0.0 0.0 0.0 0.0 1.0 1.0
0.0 0.0 0.0 0.0 0.0 0.0 0.0 0.0 0.0 0.0 0.0 0.0 0.0 0.0 0.0 241.0 8.0 0.0 0.0 1.0 1.0 0.03 0.06 0.0 255.0 8.0 0.03 0.07 0.0 0.0 0.0 0.0 1.0 1.0
0.0 0.0 0.0 0.0 0.0 0.0 0.0 0.0 0.0 0.0 0.0 0.0 0.0 0.0 0.0 251.0 18.0 0.0 0.0 1.0 1.0 0.07 0.06 0.0 255.0 18.0 0.07 0.07 0.0 0.0 0.0 0.0 1.0 1.0
0.0 0.0 0.0 0.0 0.0 0.0 0.0 0.0 0.0 0.0 0.0 0.0 0.0 0.0 0.0 261.0 18.0 0.0 0.0 1.0 1.0 0.07 0.06 0.0 255.0 18.0 0.07 0.06 0.0 0.0 0.0 0.0 1.0 1.0
0.0 0.0 0.0 0.0 0.0 0.0 0.0 0.0 0.0 0.0 0.0 0.0 0.0 0.0 0.0 271.0 8.0 0.0 0.0 1.0 1.0 0.03 0.06 0.0 255.0 8.0 0.03 0.06 0.0 0.0 0.0 0.0 1.0 1.0
0.0 0.0 0.0 0.0 0.0 0.0 0.0 0.0 0.0 0.0 0.0 0.0 0.0 0.0 0.0 281.0 12.0 0.0 0.0 1.0 1.0 0.04 0.06 0.0 255.0 12.0 0.05 0.06 0.0 0.0 0.0 0.0 1.0 1.0
0.0 0.0 0.0 0.0 0.0 0.0 0.0 0.0 0.0 0.0 0.0 0.0 0.0 0.0 0.0 291.0 18.0 0.0 0.0 1.0 1.0 0.06 0.05 0.0 255.0 18.0 0.07 0.06 0.0 0.0 0.0 0.0 1.0 1.0
0.0 0.0 0.0 0.0 0.0 0.0 0.0 0.0 0.0 0.0 0.0 0.0 0.0 0.0 0.0 203.0 1.0 0.0 0.0 1.0 1.0 0.0 0.07 0.0 255.0 1.0 0.0 0.07 0.0 0.0 0.0 0.0 1.0 1.0
0.0 0.0 0.0 0.0 0.0 0.0 0.0 0.0 0.0 0.0 0.0 0.0 0.0 0.0 0.0 213.0 7.0 0.0 0.0 1.0 1.0 0.03 0.07 0.0 255.0 7.0 0.03 0.07 0.0 0.0 0.0 0.0 1.0 1.0
0.0 0.0 0.0 0.0 0.0 0.0 0.0 0.0 0.0 0.0 0.0 0.0 0.0 0.0 0.0 223.0 11.0 0.0 0.0 1.0 1.0 0.05 0.06 0.0 255.0 11.0 0.04 0.07 0.0 0.0 0.0 0.0 1.0 1.0
0.0 0.0 0.0 0.0 0.0 0.0 0.0 0.0 0.0 0.0 0.0 0.0 0.0 0.0 0.0 233.0 3.0 0.0 0.0 1.0 1.0 0.01 0.06 0.0 255.0 3.0 0.01 0.07 0.0 0.0 0.0 0.0 1.0 1.0
0.0 0.0 0.0 0.0 0.0 0.0 0.0 0.0 0.0 0.0 0.0 0.0 0.0 0.0 0.0 243.0 18.0 0.0 0.0 1.0 1.0 0.07 0.07 0.0 255.0 18.0 0.07 0.07 0.0 0.0 0.0 0.0 1.0 1.0
0.0 0.0 0.0 0.0 0.0 0.0 0.0 0.0 0.0 0.0 0.0 0.0 0.0 0.0 0.0 253.0 8.0 0.0 0.0 1.0 1.0 0.03 0.07 0.0 255.0 8.0 0.03 0.07 0.0 0.0 0.0 0.0 1.0 1.0
0.0 0.0 0.0 0.0 0.0 0.0 0.0 0.0 0.0 0.0 0.0 0.0 0.0 0.0 0.0 263.0 8.0 0.0 0.0 1.0 1.0 0.03 0.06 0.0 255.0 8.0 0.03 0.07 0.0 0.0 0.0 0.0 1.0 1.0
0.0 0.0 0.0 0.0 0.0 0.0 0.0 0.0 0.0 0.0 0.0 0.0 0.0 0.0 0.0 273.0 13.0 0.0 0.0 1.0 1.0 0.05 0.06 0.0 255.0 13.0 0.05 0.07 0.0 0.0 0.0 0.0 1.0 1.0
0.0 0.0 0.0 0.0 0.0 0.0 0.0 0.0 0.0 0.0 0.0 0.0 0.0 0.0 0.0 283.0 12.0 0.0 0.0 1.0 1.0 0.04 0.06 0.0 255.0 12.0 0.05 0.07 0.0 0.0 0.0 0.0 1.0 1.0
0.0 0.0 0.0 0.0 0.0 0.0 0.0 0.0 0.0 0.0 0.0 0.0 0.0 0.0 0.0 293.0 17.0 0.0 0.0 1.0 1.0 0.06 0.06 0.0 255.0 17.0 0.07 0.07 0.0 0.0 0.0 0.0 1.0 1.0
0.0 0.0 0.0 0.0 0.0 0.0 0.0 0.0 0.0 0.0 0.0 0.0 0.0 0.0 0.0 203.0 1.0 0.0 0.0 1.0 1.0 0.0 0.07 0.0 255.0 1.0 0.0 0.07 0.0 0.0 0.0 0.0 1.0 1.0
0.0 0.0 0.0 0.0 0.0 0.0 0.0 0.0 0.0 0.0 0.0 0.0 0.0 0.0 0.0 213.0 3.0 0.0 0.0 1.0 1.0 0.01 0.07 0.0 255.0 3.0 0.01 0.07 0.0 0.0 0.0 0.0 1.0 1.0
0.0 0.0 0.0 0.0 0.0 0.0 0.0 0.0 0.0 0.0 0.0 0.0 0.0 0.0 0.0 223.0 3.0 0.0 0.0 1.0 1.0 0.01 0.07 0.0 255.0 3.0 0.01 0.07 0.0 0.0 0.0 0.0 1.0 1.0
