0.0 0.0 0.0 0.0 0.0 0.0 0.0 0.0 0.0 0.0 0.0 0.0 0.0 0.0 0.0 233.0 13.0 0.0 0.0 1.0 1.0 0.06 0.07 0.0 255.0 13.0 0.05 0.07 0.0 0.0 0.0 0.0 1.0 1.0
0.0 0.0 0.0 0.0 0.0 0.0 0.0 0.0 0.0 0.0 0.0 0.0 0.0 0.0 0.0 243.0 8.0 0.0 0.0 1.0 1.0 0.03 0.07 0.0 255.0 8.0 0.03 0.07 0.0 0.0 0.0 0.0 1.0 1.0
0.0 0.0 0.0 0.0 0.0 0.0 0.0 0.0 0.0 0.0 0.0 0.0 0.0 0.0 0.0 253.0 8.0 0.0 0.0 1.0 1.0 0.03 0.07 0.0 255.0 8.0 0.03 0.07 0.0 0.0 0.0 0.0 1.0 1.0
0.0 0.0 0.0 0.0 0.0 0.0 0.0 0.0 0.0 0.0 0.0 0.0 0.0 0.0 0.0 263.0 18.0 0.0 0.0 1.0 1.0 0.07 0.06 0.0 255.0 18.0 0.07 0.07 0.0 0.0 0.0 0.0 1.0 1.0
0.0 0.0 0.0 0.0 0.0 0.0 0.0 0.0 0.0 0.0 0.0 0.0 0.0 0.0 0.0 273.0 18.0 0.0 0.0 1.0 1.0 0.07 0.06 0.0 255.0 18.0 0.07 0.07 0.0 0.0 0.0 0.0 1.0 1.0
0.0 0.0 0.0 0.0 0.0 0.0 0.0 0.0 0.0 0.0 0.0 0.0 0.0 0.0 0.0 283.0 12.0 0.0 0.0 1.0 1.0 0.04 0.06 0.0 255.0 12.0 0.05 0.07 0.0 0.0 0.0 0.0 1.0 1.0
0.0 0.0 0.0 0.0 0.0 0.0 0.0 0.0 0.0 0.0 0.0 0.0 0.0 0.0 0.0 293.0 17.0 0.0 0.0 1.0 1.0 0.06 0.06 0.0 255.0 17.0 0.07 0.07 0.0 0.0 0.0 0.0 1.0 1.0
0.0 0.0 0.0 0.0 0.0 0.0 0.0 0.0 0.0 0.0 0.0 0.0 0.0 0.0 0.0 203.0 1.0 0.0 0.0 1.0 1.0 0.0 0.07 0.0 255.0 1.0 0.0 0.07 0.0 0.0 0.0 0.0 1.0 1.0
0.0 0.0 0.0 0.0 0.0 0.0 0.0 0.0 0.0 0.0 0.0 0.0 0.0 0.0 0.0 213.0 7.0 0.0 0.0 1.0 1.0 0.03 0.07 0.0 255.0 7.0 0.03 0.07 0.0 0.0 0.0 0.0 1.0 1.0
0.0 0.0 0.0 0.0 0.0 0.0 0.0 0.0 0.0 0.0 0.0 0.0 0.0 0.0 0.0 223.0 11.0 0.0 0.0 1.0 1.0 0.05 0.06 0.0 255.0 11.0 0.04 0.07 0.0 0.0 0.0 0.0 1.0 1.0
0.0 0.0 0.0 0.0 0.0 0.0 0.0 0.0 0.0 0.0 0.0 0.0 0.0 0.0 0.0 233.0 16.0 0.0 0.0 1.0 1.0 0.07 0.06 0.0 255.0 16.0 0.06 0.07 0.0 0.0 0.0 0.0 1.0 1.0
0.0 0.0 0.0 0.0 0.0 0.0 0.0 0.0 0.0 0.0 0.0 0.0 0.0 0.0 0.0 243.0 4.0 0.0 0.0 1.0 1.0 0.02 0.07 0.0 255.0 4.0 0.02 0.07 0.0 0.0 0.0 0.0 1.0 1.0
0.0 0.0 0.0 0.0 0.0 0.0 0.0 0.0 0.0 0.0 0.0 0.0 0.0 0.0 0.0 253.0 4.0 0.0 0.0 1.0 1.0 0.02 0.07 0.0 255.0 4.0 0.02 0.07 0.0 0.0 0.0 0.0 1.0 1.0
0.0 0.0 0.0 0.0 0.0 0.0 0.0 0.0 0.0 0.0 0.0 0.0 0.0 0.0 0.0 263.0 14.0 0.0 0.0 1.0 1.0 0.05 0.06 0.0 255.0 14.0 0.05 0.07 0.0 0.0 0.0 0.0 1.0 1.0
0.0 0.0 0.0 0.0 0.0 0.0 0.0 0.0 0.0 0.0 0.0 0.0 0.0 0.0 0.0 273.0 14.0 0.0 0.0 1.0 1.0 0.05 0.06 0.0 255.0 14.0 0.05 0.07 0.0 0.0 0.0 0.0 1.0 1.0
0.0 0.0 0.0 0.0 0.0 0.0 0.0 0.0 0.0 0.0 0.0 0.0 0.0 0.0 0.0 283.0 14.0 0.0 0.0 1.0 1.0 0.05 0.06 0.0 255.0 14.0 0.05 0.07 0.0 0.0 0.0 0.0 1.0 1.0
0.0 0.0 0.0 0.0 0.0 0.0 0.0 0.0 0.0 0.0 0.0 0.0 0.0 0.0 0.0 293.0 18.0 0.0 0.0 1.0 1.0 0.06 0.06 0.0 255.0 18.0 0.07 0.07 0.0 0.0 0.0 0.0 1.0 1.0
0.0 0.0 0.0 0.0 0.0 0.0 0.0 0.0 0.0 0.0 0.0 0.0 0.0 0.0 0.0 203.0 2.0 0.0 0.0 1.0 1.0 0.01 0.07 0.0 255.0 2.0 0.01 0.07 0.0 0.0 0.0 0.0 1.0 1.0
0.0 0.0 0.0 0.0 0.0 0.0 0.0 0.0 0.0 0.0 0.0 0.0 0.0 0.0 0.0 213.0 8.0 0.0 0.0 1.0 1.0 0.04 0.07 0.0 255.0 8.0 0.03 0.07 0.0 0.0 0.0 0.0 1.0 1.0
0.0 0.0 0.0 0.0 0.0 0.0 0.0 0.0 0.0 0.0 0.0 0.0 0.0 0.0 0.0 223.0 8.0 0.0 0.0 1.0 1.0 0.04 0.07 0.0 255.0 8.0 0.03 0.08 0.0 0.0 0.0 0.0 1.0 1.0
0.0 0.0 0.0 0.0 0.0 0.0 0.0 0.0 0.0 0.0 0.0 0.0 0.0 0.0 0.0 233.0 8.0 0.0 0.0 1.0 1.0 0.03 0.07 0.0 255.0 8.0 0.03 0.08 0.0 0.0 0.0 0.0 1.0 1.0
0.0 0.0 0.0 0.0 0.0 0.0 0.0 0.0 0.0 0.0 0.0 0.0 0.0 0.0 0.0 243.0 15.0 0.0 0.0 1.0 1.0 0.06 0.07 0.0 255.0 15.0 0.06 0.07 0.0 0.0 0.0 0.0 1.0 1.0
0.0 0.0 0.0 0.0 0.0 0.0 0.0 0.0 0.0 0.0 0.0 0.0 0.0 0.0 0.0 253.0 15.0 0.0 0.0 1.0 1.0 0.06 0.06 0.0 255.0 15.0 0.06 0.07 0.0 0.0 0.0 0.0 1.0 1.0
0.0 0.0 0.0 0.0 0.0 0.0 0.0 0.0 0.0 0.0 0.0 0.0 0.0 0.0 0.0 263.0 5.0 0.0 0.0 1.0 1.0 0.02 0.06 0.0 255.0 5.0 0.02 0.07 0.0 0.0 0.0 0.0 1.0 1.0
0.0 0.0 0.0 0.0 0.0 0.0 0.0 0.0 0.0 0.0 0.0 0.0 0.0 0.0 0.0 273.0 8.0 0.0 0.0 1.0 1.0 0.03 0.06 0.0 255.0 8.0 0.03 0.07 0.0 0.0 0.0 0.0 1.0 1.0
0.0 0.0 0.0 0.0 0.0 0.0 0.0 0.0 0.0 0.0 0.0 0.0 0.0 0.0 0.0 283.0 15.0 0.0 0.0 1.0 1.0 0.05 0.06 0.0 255.0 15.0 0.06 0.07 0.0 0.0 0.0 0.0 1.0 1.0
0.0 0.0 0.0 0.0 0.0 0.0 0.0 0.0 0.0 0.0 0.0 0.0 0.0 0.0 0.0 293.0 18.0 0.0 0.0 1.0 1.0 0.06 0.06 0.0 255.0 18.0 0.07 0.06 0.0 0.0 0.0 0.0 1.0 1.0
0.0 0.0 0.0 0.0 0.0 0.0 0.0 0.0 0.0 0.0 0.0 0.0 0.0 0.0 0.0 203.0 3.0 0.0 0.0 1.0 1.0 0.01 0.07 0.0 255.0 3.0 0.01 0.07 0.0 0.0 0.0 0.0 1.0 1.0
0.0 0.0 0.0 0.0 0.0 0.0 0.0 0.0 0.0 0.0 0.0 0.0 0.0 0.0 0.0 213.0 7.0 0.0 0.0 1.0 1.0 0.03 0.07 0.0 255.0 7.0 0.03 0.07 0.0 0.0 0.0 0.0 1.0 1.0
0.0 0.0 0.0 0.0 0.0 0.0 0.0 0.0 0.0 0.0 0.0 0.0 0.0 0.0 0.0 223.0 13.0 0.0 0.0 1.0 1.0 0.06 0.06 0.0 255.0 13.0 0.05 0.07 0.0 0.0 0.0 0.0 1.0 1.0
0.0 0.0 0.0 0.0 0.0 0.0 0.0 0.0 0.0 0.0 0.0 0.0 0.0 0.0 0.0 233.0 17.0 0.0 0.0 1.0 1.0 0.07 0.06 0.0 255.0 17.0 0.07 0.07 0.0 0.0 0.0 0.0 1.0 1.0
0.0 0.0 0.0 0.0 0.0 0.0 0.0 0.0 0.0 0.0 0.0 0.0 0.0 0.0 0.0 243.0 5.0 0.0 0.0 1.0 1.0 0.02 0.07 0.0 255.0 5.0 0.02 0.07 0.0 0.0 0.0 0.0 1.0 1.0
0.0 0.0 0.0 0.0 0.0 0.0 0.0 0.0 0.0 0.0 0.0 0.0 0.0 0.0 0.0 253.0 5.0 0.0 0.0 1.0 1.0 0.02 0.07 0.0 255.0 5.0 0.02 0.07 0.0 0.0 0.0 0.0 1.0 1.0
0.0 0.0 0.0 0.0 0.0 0.0 0.0 0.0 0.0 0.0 0.0 0.0 0.0 0.0 0.0 263.0 15.0 0.0 0.0 1.0 1.0 0.06 0.06 0.0 255.0 15.0 0.06 0.07 0.0 0.0 0.0 0.0 1.0 1.0
0.0 0.0 0.0 0.0 0.0 0.0 0.0 0.0 0.0 0.0 0.0 0.0 0.0 0.0 0.0 273.0 15.0 0.0 0.0 1.0 1.0 0.05 0.06 0.0 255.0 15.0 0.06 0.07 0.0 0.0 0.0 0.0 1.0 1.0
0.0 0.0 0.0 0.0 0.0 0.0 0.0 0.0 0.0 0.0 0.0 0.0 0.0 0.0 0.0 283.0 13.0 0.0 0.0 1.0 1.0 0.05 0.06 0.0 255.0 13.0 0.05 0.07 0.0 0.0 0.0 0.0 1.0 1.0
0.0 0.0 0.0 0.0 0.0 0.0 0.0 0.0 0.0 0.0 0.0 0.0 0.0 0.0 0.0 293.0 18.0 0.0 0.0 1.0 1.0 0.06 0.06 0.0 255.0 18.0 0.07 0.07 0.0 0.0 0.0 0.0 1.0 1.0
0.0 0.0 0.0 0.0 0.0 0.0 0.0 0.0 0.0 0.0 0.0 0.0 0.0 0.0 0.0 205.0 3.0 0.0 0.0 1.0 1.0 0.01 0.07 0.0 255.0 3.0 0.01 0.07 0.0 0.0 0.0 0.0 1.0 1.0
0.0 0.0 0.0 0.0 0.0 0.0 0.0 0.0 0.0 0.0 0.0 0.0 0.0 0.0 0.0 215.0 7.0 0.0 0.0 1.0 1.0 0.03 0.07 0.0 255.0 7.0 0.03 0.07 0.0 0.0 0.0 0.0 1.0 1.0
0.0 0.0 0.0 0.0 0.0 0.0 0.0 0.0 0.0 0.0 0.0 0.0 0.0 0.0 0.0 225.0 8.0 0.0 0.0 1.0 1.0 0.04 0.07 0.0 255.0 8.0 0.03 0.08 0.0 0.0 0.0 0.0 1.0 1.0
0.0 0.0 0.0 0.0 0.0 0.0 0.0 0.0 0.0 0.0 0.0 0.0 0.0 0.0 0.0 235.0 8.0 0.0 0.0 1.0 1.0 0.03 0.07 0.0 255.0 8.0 0.03 0.07 0.0 0.0 0.0 0.0 1.0 1.0
0.0 0.0 0.0 0.0 0.0 0.0 0.0 0.0 0.0 0.0 0.0 0.0 0.0 0.0 0.0 245.0 3.0 0.0 0.0 1.0 1.0 0.01 0.07 0.0 255.0 3.0 0.01 0.07 0.0 0.0 0.0 0.0 1.0 1.0
0.0 0.0 0.0 0.0 0.0 0.0 0.0 0.0 0.0 0.0 0.0 0.0 0.0 0.0 0.0 255.0 13.0 0.0 0.0 1.0 1.0 0.05 0.07 0.0 255.0 13.0 0.05 0.07 0.0 0.0 0.0 0.0 1.0 1.0
0.0 0.0 0.0 0.0 0.0 0.0 0.0 0.0 0.0 0.0 0.0 0.0 0.0 0.0 0.0 265.0 13.0 0.0 0.0 1.0 1.0 0.05 0.06 0.0 255.0 13.0 0.05 0.07 0.0 0.0 0.0 0.0 1.0 1.0
0.0 0.0 0.0 0.0 0.0 0.0 0.0 0.0 0.0 0.0 0.0 0.0 0.0 0.0 0.0 275.0 8.0 0.0 0.0 1.0 1.0 0.03 0.06 0.0 255.0 8.0 0.03 0.07 0.0 0.0 0.0 0.0 1.0 1.0
0.0 0.0 0.0 0.0 0.0 0.0 0.0 0.0 0.0 0.0 0.0 0.0 0.0 0.0 0.0 285.0 13.0 0.0 0.0 1.0 1.0 0.05 0.06 0.0 255.0 13.0 0.05 0.07 0.0 0.0 0.0 0.0 1.0 1.0
0.0 0.0 0.0 0.0 0.0 0.0 0.0 0.0 0.0 0.0 0.0 0.0 0.0 0.0 0.0 295.0 18.0 0.0 0.0 1.0 1.0 0.06 0.06 0.0 255.0 18.0 0.07 0.07 0.0 0.0 0.0 0.0 1.0 1.0
0.0 0.0 0.0 0.0 0.0 0.0 0.0 0.0 0.0 0.0 0.0 0.0 0.0 0.0 0.0 205.0 3.0 0.0 0.0 1.0 1.0 0.01 0.07 0.0 255.0 3.0 0.01 0.07 0.0 0.0 0.0 0.0 1.0 1.0
0.0 0.0 0.0 0.0 0.0 0.0 0.0 0.0 0.0 0.0 0.0 0.0 0.0 0.0 0.0 215.0 7.0 0.0 0.0 1.0 1.0 0.03 0.07 0.0 255.0 7.0 0.03 0.07 0.0 0.0 0.0 0.0 1.0 1.0
0.0 0.0 0.0 0.0 0.0 0.0 0.0 0.0 0.0 0.0 0.0 0.0 0.0 0.0 0.0 225.0 13.0 0.0 0.0 1.0 1.0 0.06 0.06 0.0 255.0 13.0 0.05 0.07 0.0 0.0 0.0 0.0 1.0 1.0
0.0 0.0 0.0 0.0 0.0 0.0 0.0 0.0 0.0 0.0 0.0 0.0 0.0 0.0 0.0 235.0 17.0 0.0 0.0 1.0 1.0 0.07 0.06 0.0 255.0 17.0 0.07 0.07 0.0 0.0 0.0 0.0 1.0 1.0
0.0 0.0 0.0 0.0 0.0 0.0 0.0 0.0 0.0 0.0 0.0 0.0 0.0 0.0 0.0 245.0 5.0 0.0 0.0 1.0 1.0 0.02 0.07 0.0 255.0 5.0 0.02 0.07 0.0 0.0 0.0 0.0 1.0 1.0
0.0 0.0 0.0 0.0 0.0 0.0 0.0 0.0 0.0 0.0 0.0 0.0 0.0 0.0 0.0 255.0 5.0 0.0 0.0 1.0 1.0 0.02 0.07 0.0 255.0 5.0 0.02 0.07 0.0 0.0 0.0 0.0 1.0 1.0
0.0 0.0 0.0 0.0 0.0 0.0 0.0 0.0 0.0 0.0 0.0 0.0 0.0 0.0 0.0 265.0 15.0 0.0 0.0 1.0 1.0 0.06 0.06 0.0 255.0 15.0 0.06 0.07 0.0 0.0 0.0 0.0 1.0 1.0
0.0 0.0 0.0 0.0 0.0 0.0 0.0 0.0 0.0 0.0 0.0 0.0 0.0 0.0 0.0 275.0 15.0 0.0 0.0 1.0 1.0 0.05 0.06 0.0 255.0 15.0 0.06 0.07 0.0 0.0 0.0 0.0 1.0 1.0
0.0 0.0 0.0 0.0 0.0 0.0 0.0 0.0 0.0 0.0 0.0 0.0 0.0 0.0 0.0 285.0 13.0 0.0 0.0 1.0 1.0 0.05 0.06 0.0 255.0 13.0 0.05 0.07 0.0 0.0 0.0 0.0 1.0 1.0
0.0 0.0 0.0 0.0 0.0 0.0 0.0 0.0 0.0 0.0 0.0 0.0 0.0 0.0 0.0 295.0 18.0 0.0 0.0 1.0 1.0 0.06 0.06 0.0 255.0 18.0 0.07 0.07 0.0 0.0 0.0 0.0 1.0 1.0
0.0 0.0 0.0 0.0 0.0 0.0 0.0 0.0 0.0 0.0 0.0 0.0 0.0 0.0 0.0 205.0 3.0 0.0 0.0 1.0 1.0 0.01 0.07 0.0 255.0 3.0 0.01 0.07 0.0 0.0 0.0 0.0 1.0 1.0
0.0 0.0 0.0 0.0 0.0 0.0 0.0 0.0 0.0 0.0 0.0 0.0 0.0 0.0 0.0 215.0 7.0 0.0 0.0 1.0 1.0 0.03 0.07 0.0 255.0 7.0 0.03 0.07 0.0 0.0 0.0 0.0 1.0 1.0
0.0 0.0 0.0 0.0 0.0 0.0 0.0 0.0 0.0 0.0 0.0 0.0 0.0 0.0 0.0 225.0 8.0 0.0 0.0 1.0 1.0 0.04 0.07 0.0 255.0 8.0 0.03 0.08 0.0 0.0 0.0 0.0 1.0 1.0
0.0 0.0 0.0 0.0 0.0 0.0 0.0 0.0 0.0 0.0 0.0 0.0 0.0 0.0 0.0 235.0 11.0 0.0 0.0 1.0 1.0 0.05 0.07 0.0 255.0 11.0 0.04 0.07 0.0 0.0 0.0 0.0 1.0 1.0
0.0 0.0 0.0 0.0 0.0 0.0 0.0 0.0 0.0 0.0 0.0 0.0 0.0 0.0 0.0 245.0 11.0 0.0 0.0 1.0 1.0 0.04 0.07 0.0 255.0 11.0 0.04 0.07 0.0 0.0 0.0 0.0 1.0 1.0
0.0 0.0 0.0 0.0 0.0 0.0 0.0 0.0 0.0 0.0 0.0 0.0 0.0 0.0 0.0 255.0 1.0 0.0 0.0 1.0 1.0 0.0 0.07 0.0 255.0 1.0 0.0 0.07 0.0 0.0 0.0 0.0 1.0 1.0
0.0 0.0 0.0 0.0 0.0 0.0 0.0 0.0 0.0 0.0 0.0 0.0 0.0 0.0 0.0 265.0 4.0 0.0 0.0 1.0 1.0 0.02 0.06 0.0 255.0 4.0 0.02 0.07 0.0 0.0 0.0 0.0 1.0 1.0
0.0 0.0 0.0 0.0 0.0 0.0 0.0 0.0 0.0 0.0 0.0 0.0 0.0 0.0 0.0 275.0 9.0 0.0 0.0 1.0 1.0 0.03 0.06 0.0 255.0 9.0 0.04 0.07 0.0 0.0 0.0 0.0 1.0 1.0
0.0 0.0 0.0 0.0 0.0 0.0 0.0 0.0 0.0 0.0 0.0 0.0 0.0 0.0 0.0 285.0 15.0 0.0 0.0 1.0 1.0 0.05 0.06 0.0 255.0 15.0 0.06 0.07 0.0 0.0 0.0 0.0 1.0 1.0
0.0 0.0 0.0 0.0 0.0 0.0 0.0 0.0 0.0 0.0 0.0 0.0 0.0 0.0 0.0 295.0 19.0 0.0 0.0 1.0 1.0 0.06 0.06 0.0 255.0 19.0 0.07 0.06 0.0 0.0 0.0 0.0 1.0 1.0
0.0 0.0 0.0 0.0 0.0 0.0 0.0 0.0 0.0 0.0 0.0 0.0 0.0 0.0 0.0 205.0 3.0 0.0 0.0 1.0 1.0 0.01 0.07 0.0 255.0 3.0 0.01 0.07 0.0 0.0 0.0 0.0 1.0 1.0
0.0 0.0 0.0 0.0 0.0 0.0 0.0 0.0 0.0 0.0 0.0 0.0 0.0 0.0 0.0 215.0 8.0 0.0 0.0 1.0 1.0 0.04 0.07 0.0 255.0 8.0 0.03 0.07 0.0 0.0 0.0 0.0 1.0 1.0
0.0 0.0 0.0 0.0 0.0 0.0 0.0 0.0 0.0 0.0 0.0 0.0 0.0 0.0 0.0 225.0 13.0 0.0 0.0 1.0 1.0 0.06 0.07 0.0 255.0 13.0 0.05 0.07 0.0 0.0 0.0 0.0 1.0 1.0
0.0 0.0 0.0 0.0 0.0 0.0 0.0 0.0 0.0 0.0 0.0 0.0 0.0 0.0 0.0 235.0 13.0 0.0 0.0 1.0 1.0 0.06 0.07 0.0 255.0 13.0 0.05 0.07 0.0 0.0 0.0 0.0 1.0 1.0
0.0 0.0 0.0 0.0 0.0 0.0 0.0 0.0 0.0 0.0 0.0 0.0 0.0 0.0 0.0 245.0 12.0 0.0 0.0 1.0 1.0 0.05 0.07 0.0 255.0 12.0 0.05 0.07 0.0 0.0 0.0 0.0 1.0 1.0
0.0 0.0 0.0 0.0 0.0 0.0 0.0 0.0 0.0 0.0 0.0 0.0 0.0 0.0 0.0 255.0 3.0 0.0 0.0 1.0 1.0 0.01 0.07 0.0 255.0 3.0 0.01 0.07 0.0 0.0 0.0 0.0 1.0 1.0
0.0 0.0 0.0 0.0 0.0 0.0 0.0 0.0 0.0 0.0 0.0 0.0 0.0 0.0 0.0 265.0 4.0 0.0 0.0 1.0 1.0 0.02 0.06 0.0 255.0 4.0 0.02 0.07 0.0 0.0 0.0 0.0 1.0 1.0
0.0 0.0 0.0 0.0 0.0 0.0 0.0 0.0 0.0 0.0 0.0 0.0 0.0 0.0 0.0 275.0 13.0 0.0 0.0 1.0 1.0 0.05 0.06 0.0 255.0 13.0 0.05 0.07 0.0 0.0 0.0 0.0 1.0 1.0
0.0 0.0 0.0 0.0 0.0 0.0 0.0 0.0 0.0 0.0 0.0 0.0 0.0 0.0 0.0 285.0 14.0 0.0 0.0 1.0 1.0 0.05 0.06 0.0 255.0 14.0 0.05 0.07 0.0 0.0 0.0 0.0 1.0 1.0
0.0 0.0 0.0 0.0 0.0 0.0 0.0 0.0 0.0 0.0 0.0 0.0 0.0 0.0 0.0 295.0 19.0 0.0 0.0 1.0 1.0 0.06 0.06 0.0 255.0 19.0 0.07 0.07 0.0 0.0 0.0 0.0 1.0 1.0
0.0 0.0 0.0 0.0 0.0 0.0 0.0 0.0 0.0 0.0 0.0 0.0 0.0 0.0 0.0 205.0 3.0 0.0 0.0 1.0 1.0 0.01 0.07 0.0 255.0 3.0 0.01 0.07 0.0 0.0 0.0 0.0 1.0 1.0
0.0 0.0 0.0 0.0 0.0 0.0 0.0 0.0 0.0 0.0 0.0 0.0 0.0 0.0 0.0 215.0 3.0 0.0 0.0 1.0 1.0 0.01 0.07 0.0 255.0 3.0 0.01 0.07 0.0 0.0 0.0 0.0 1.0 1.0
0.0 0.0 0.0 0.0 0.0 0.0 0.0 0.0 0.0 0.0 0.0 0.0 0.0 0.0 0.0 225.0 8.0 0.0 0.0 1.0 1.0 0.04 0.07 0.0 255.0 8.0 0.03 0.08 0.0 0.0 0.0 0.0 1.0 1.0
0.0 0.0 0.0 0.0 0.0 0.0 0.0 0.0 0.0 0.0 0.0 0.0 0.0 0.0 0.0 235.0 7.0 0.0 0.0 1.0 1.0 0.03 0.07 0.0 255.0 7.0 0.03 0.07 0.0 0.0 0.0 0.0 1.0 1.0
0.0 0.0 0.0 0.0 0.0 0.0 0.0 0.0 0.0 0.0 0.0 0.0 0.0 0.0 0.0 245.0 16.0 0.0 0.0 1.0 1.0 0.07 0.07 0.0 255.0 16.0 0.06 0.07 0.0 0.0 0.0 0.0 1.0 1.0
0.0 0.0 0.0 0.0 0.0 0.0 0.0 0.0 0.0 0.0 0.0 0.0 0.0 0.0 0.0 255.0 17.0 0.0 0.0 1.0 1.0 0.07 0.07 0.0 255.0 17.0 0.07 0.07 0.0 0.0 0.0 0.0 1.0 1.0
0.0 0.0 0.0 0.0 0.0 0.0 0.0 0.0 0.0 0.0 0.0 0.0 0.0 0.0 0.0 265.0 7.0 0.0 0.0 1.0 1.0 0.03 0.06 0.0 255.0 7.0 0.03 0.07 0.0 0.0 0.0 0.0 1.0 1.0
0.0 0.0 0.0 0.0 0.0 0.0 0.0 0.0 0.0 0.0 0.0 0.0 0.0 0.0 0.0 275.0 10.0 0.0 0.0 1.0 1.0 0.04 0.06 0.0 255.0 10.0 0.04 0.07 0.0 0.0 0.0 0.0 1.0 1.0
0.0 0.0 0.0 0.0 0.0 0.0 0.0 0.0 0.0 0.0 0.0 0.0 0.0 0.0 0.0 285.0 17.0 0.0 0.0 1.0 1.0 0.06 0.06 0.0 255.0 17.0 0.07 0.07 0.0 0.0 0.0 0.0 1.0 1.0
0.0 0.0 0.0 0.0 0.0 0.0 0.0 0.0 0.0 0.0 0.0 0.0 0.0 0.0 0.0 295.0 20.0 0.0 0.0 1.0 1.0 0.07 0.06 0.0 255.0 20.0 0.08 0.07 0.0 0.0 0.0 0.0 1.0 1.0
0.0 0.0 0.0 0.0 0.0 0.0 0.0 0.0 0.0 0.0 0.0 0.0 0.0 0.0 0.0 207.0 3.0 0.0 0.0 1.0 1.0 0.01 0.07 0.0 255.0 3.0 0.01 0.08 0.0 0.0 0.0 0.0 1.0 1.0
0.0 0.0 0.0 0.0 0.0 0.0 0.0 0.0 0.0 0.0 0.0 0.0 0.0 0.0 0.0 217.0 8.0 0.0 0.0 1.0 1.0 0.04 0.07 0.0 255.0 8.0 0.03 0.07 0.0 0.0 0.0 0.0 1.0 1.0
0.0 0.0 0.0 0.0 0.0 0.0 0.0 0.0 0.0 0.0 0.0 0.0 0.0 0.0 0.0 227.0 13.0 0.0 0.0 1.0 1.0 0.06 0.07 0.0 255.0 13.0 0.05 0.07 0.0 0.0 0.0 0.0 1.0 1.0
0.0 0.0 0.0 0.0 0.0 0.0 0.0 0.0 0.0 0.0 0.0 0.0 0.0 0.0 0.0 237.0 17.0 0.0 0.0 1.0 1.0 0.07 0.07 0.0 255.0 17.0 0.07 0.07 0.0 0.0 0.0 0.0 1.0 1.0
0.0 0.0 0.0 0.0 0.0 0.0 0.0 0.0 0.0 0.0 0.0 0.0 0.0 0.0 0.0 247.0 7.0 0.0 0.0 1.0 1.0 0.03 0.07 0.0 255.0 7.0 0.03 0.08 0.0 0.0 0.0 0.0 1.0 1.0
0.0 0.0 0.0 0.0 0.0 0.0 0.0 0.0 0.0 0.0 0.0 0.0 0.0 0.0 0.0 257.0 7.0 0.0 0.0 1.0 1.0 0.03 0.07 0.0 255.0 7.0 0.03 0.07 0.0 0.0 0.0 0.0 1.0 1.0
0.0 0.0 0.0 0.0 0.0 0.0 0.0 0.0 0.0 0.0 0.0 0.0 0.0 0.0 0.0 267.0 17.0 0.0 0.0 1.0 1.0 0.06 0.06 0.0 255.0 17.0 0.07 0.07 0.0 0.0 0.0 0.0 1.0 1.0
0.0 0.0 0.0 0.0 0.0 0.0 0.0 0.0 0.0 0.0 0.0 0.0 0.0 0.0 0.0 277.0 17.0 0.0 0.0 1.0 1.0 0.06 0.06 0.0 255.0 17.0 0.07 0.07 0.0 0.0 0.0 0.0 1.0 1.0
0.0 0.0 0.0 0.0 0.0 0.0 0.0 0.0 0.0 0.0 0.0 0.0 0.0 0.0 0.0 287.0 14.0 0.0 0.0 1.0 1.0 0.05 0.06 0.0 255.0 14.0 0.05 0.07 0.0 0.0 0.0 0.0 1.0 1.0
0.0 0.0 0.0 0.0 0.0 0.0 0.0 0.0 0.0 0.0 0.0 0.0 0.0 0.0 0.0 297.0 19.0 0.0 0.0 1.0 1.0 0.06 0.06 0.0 255.0 19.0 0.07 0.07 0.0 0.0 0.0 0.0 1.0 1.0
0.0 0.0 0.0 0.0 0.0 0.0 0.0 0.0 0.0 0.0 0.0 0.0 0.0 0.0 0.0 207.0 3.0 0.0 0.0 1.0 1.0 0.01 0.07 0.0 255.0 3.0 0.01 0.07 0.0 0.0 0.0 0.0 1.0 1.0
0.0 0.0 0.0 0.0 0.0 0.0 0.0 0.0 0.0 0.0 0.0 0.0 0.0 0.0 0.0 217.0 9.0 0.0 0.0 1.0 1.0 0.04 0.07 0.0 255.0 9.0 0.04 0.07 0.0 0.0 0.0 0.0 1.0 1.0
0.0 0.0 0.0 0.0 0.0 0.0 0.0 0.0 0.0 0.0 0.0 0.0 0.0 0.0 0.0 227.0 8.0 0.0 0.0 1.0 1.0 0.04 0.07 0.0 255.0 8.0 0.03 0.07 0.0 0.0 0.0 0.0 1.0 1.0
0.0 0.0 0.0 0.0 0.0 0.0 0.0 0.0 0.0 0.0 0.0 0.0 0.0 0.0 0.0 237.0 7.0 0.0 0.0 1.0 1.0 0.03 0.07 0.0 255.0 7.0 0.03 0.07 0.0 0.0 0.0 0.0 1.0 1.0
0.0 0.0 0.0 0.0 0.0 0.0 0.0 0.0 0.0 0.0 0.0 0.0 0.0 0.0 0.0 247.0 17.0 0.0 0.0 1.0 1.0 0.07 0.06 0.0 255.0 17.0 0.07 0.07 0.0 0.0 0.0 0.0 1.0 1.0
0.0 0.0 0.0 0.0 0.0 0.0 0.0 0.0 0.0 0.0 0.0 0.0 0.0 0.0 0.0 257.0 17.0 0.0 0.0 1.0 1.0 0.07 0.07 0.0 255.0 17.0 0.07 0.07 0.0 0.0 0.0 0.0 1.0 1.0
0.0 0.0 0.0 0.0 0.0 0.0 0.0 0.0 0.0 0.0 0.0 0.0 0.0 0.0 0.0 267.0 7.0 0.0 0.0 1.0 1.0 0.03 0.06 0.0 255.0 7.0 0.03 0.07 0.0 0.0 0.0 0.0 1.0 1.0
0.0 0.0 0.0 0.0 0.0 0.0 0.0 0.0 0.0 0.0 0.0 0.0 0.0 0.0 0.0 277.0 9.0 0.0 0.0 1.0 1.0 0.03 0.06 0.0 255.0 9.0 0.04 0.07 0.0 0.0 0.0 0.0 1.0 1.0
0.0 0.0 0.0 0.0 0.0 0.0 0.0 0.0 0.0 0.0 0.0 0.0 0.0 0.0 0.0 287.0 17.0 0.0 0.0 1.0 1.0 0.06 0.06 0.0 255.0 17.0 0.07 0.07 0.0 0.0 0.0 0.0 1.0 1.0
0.0 0.0 0.0 0.0 0.0 0.0 0.0 0.0 0.0 0.0 0.0 0.0 0.0 0.0 0.0 297.0 19.0 0.0 0.0 1.0 1.0 0.06 0.06 0.0 255.0 19.0 0.07 0.07 0.0 0.0 0.0 0.0 1.0 1.0
0.0 0.0 0.0 0.0 0.0 0.0 0.0 0.0 0.0 0.0 0.0 0.0 0.0 0.0 0.0 207.0 3.0 0.0 0.0 1.0 1.0 0.01 0.07 0.0 255.0 3.0 0.01 0.08 0.0 0.0 0.0 0.0 1.0 1.0
0.0 0.0 0.0 0.0 0.0 0.0 0.0 0.0 0.0 0.0 0.0 0.0 0.0 0.0 0.0 217.0 8.0 0.0 0.0 1.0 1.0 0.04 0.07 0.0 255.0 8.0 0.03 0.08 0.0 0.0 0.0 0.0 1.0 1.0
0.0 0.0 0.0 0.0 0.0 0.0 0.0 0.0 0.0 0.0 0.0 0.0 0.0 0.0 0.0 227.0 13.0 0.0 0.0 1.0 1.0 0.06 0.07 0.0 255.0 13.0 0.05 0.07 0.0 0.0 0.0 0.0 1.0 1.0
0.0 0.0 0.0 0.0 0.0 0.0 0.0 0.0 0.0 0.0 0.0 0.0 0.0 0.0 0.0 237.0 8.0 0.0 0.0 1.0 1.0 0.03 0.07 0.0 255.0 8.0 0.03 0.08 0.0 0.0 0.0 0.0 1.0 1.0
0.0 0.0 0.0 0.0 0.0 0.0 0.0 0.0 0.0 0.0 0.0 0.0 0.0 0.0 0.0 247.0 18.0 0.0 0.0 1.0 1.0 0.07 0.06 0.0 255.0 18.0 0.07 0.08 0.0 0.0 0.0 0.0 1.0 1.0
0.0 0.0 0.0 0.0 0.0 0.0 0.0 0.0 0.0 0.0 0.0 0.0 0.0 0.0 0.0 257.0 18.0 0.0 0.0 1.0 1.0 0.07 0.07 0.0 255.0 18.0 0.07 0.07 0.0 0.0 0.0 0.0 1.0 1.0
0.0 0.0 0.0 0.0 0.0 0.0 0.0 0.0 0.0 0.0 0.0 0.0 0.0 0.0 0.0 267.0 8.0 0.0 0.0 1.0 1.0 0.03 0.06 0.0 255.0 8.0 0.03 0.07 0.0 0.0 0.0 0.0 1.0 1.0
0.0 0.0 0.0 0.0 0.0 0.0 0.0 0.0 0.0 0.0 0.0 0.0 0.0 0.0 0.0 277.0 9.0 0.0 0.0 1.0 1.0 0.03 0.06 0.0 255.0 9.0 0.04 0.07 0.0 0.0 0.0 0.0 1.0 1.0
0.0 0.0 0.0 0.0 0.0 0.0 0.0 0.0 0.0 0.0 0.0 0.0 0.0 0.0 0.0 287.0 18.0 0.0 0.0 1.0 1.0 0.06 0.06 0.0 255.0 18.0 0.07 0.07 0.0 0.0 0.0 0.0 1.0 1.0
0.0 0.0 0.0 0.0 0.0 0.0 0.0 0.0 0.0 0.0 0.0 0.0 0.0 0.0 0.0 297.0 19.0 0.0 0.0 1.0 1.0 0.06 0.06 0.0 255.0 19.0 0.07 0.07 0.0 0.0 0.0 0.0 1.0 1.0
0.0 0.0 0.0 0.0 0.0 0.0 0.0 0.0 0.0 0.0 0.0 0.0 0.0 0.0 0.0 207.0 5.0 0.0 0.0 1.0 1.0 0.02 0.07 0.0 255.0 5.0 0.02 0.07 0.0 0.0 0.0 0.0 1.0 1.0
0.0 0.0 0.0 0.0 0.0 0.0 0.0 0.0 0.0 0.0 0.0 0.0 0.0 0.0 0.0 217.0 9.0 0.0 0.0 1.0 1.0 0.04 0.07 0.0 255.0 9.0 0.04 0.07 0.0 0.0 0.0 0.0 1.0 1.0
0.0 0.0 0.0 0.0 0.0 0.0 0.0 0.0 0.0 0.0 0.0 0.0 0.0 0.0 0.0 227.0 8.0 0.0 0.0 1.0 1.0 0.04 0.07 0.0 255.0 8.0 0.03 0.08 0.0 0.0 0.0 0.0 1.0 1.0
0.0 0.0 0.0 0.0 0.0 0.0 0.0 0.0 0.0 0.0 0.0 0.0 0.0 0.0 0.0 237.0 9.0 0.0 0.0 1.0 1.0 0.04 0.07 0.0 255.0 9.0 0.04 0.07 0.0 0.0 0.0 0.0 1.0 1.0
0.0 0.0 0.0 0.0 0.0 0.0 0.0 0.0 0.0 0.0 0.0 0.0 0.0 0.0 0.0 247.0 19.0 0.0 0.0 1.0 1.0 0.08 0.06 0.0 255.0 19.0 0.07 0.07 0.0 0.0 0.0 0.0 1.0 1.0
0.0 0.0 0.0 0.0 0.0 0.0 0.0 0.0 0.0 0.0 0.0 0.0 0.0 0.0 0.0 257.0 19.0 0.0 0.0 1.0 1.0 0.07 0.07 0.0 255.0 19.0 0.07 0.07 0.0 0.0 0.0 0.0 1.0 1.0
0.0 0.0 0.0 0.0 0.0 0.0 0.0 0.0 0.0 0.0 0.0 0.0 0.0 0.0 0.0 267.0 9.0 0.0 0.0 1.0 1.0 0.03 0.06 0.0 255.0 9.0 0.04 0.07 0.0 0.0 0.0 0.0 1.0 1.0
0.0 0.0 0.0 0.0 0.0 0.0 0.0 0.0 0.0 0.0 0.0 0.0 0.0 0.0 0.0 277.0 10.0 0.0 0.0 1.0 1.0 0.04 0.06 0.0 255.0 10.0 0.04 0.07 0.0 0.0 0.0 0.0 1.0 1.0
0.0 0.0 0.0 0.0 0.0 0.0 0.0 0.0 0.0 0.0 0.0 0.0 0.0 0.0 0.0 287.0 19.0 0.0 0.0 1.0 1.0 0.07 0.06 0.0 255.0 19.0 0.07 0.07 0.0 0.0 0.0 0.0 1.0 1.0
0.0 0.0 0.0 0.0 0.0 0.0 0.0 0.0 0.0 0.0 0.0 0.0 0.0 0.0 0.0 297.0 20.0 0.0 0.0 1.0 1.0 0.07 0.06 0.0 255.0 20.0 0.08 0.07 0.0 0.0 0.0 0.0 1.0 1.0
0.0 0.0 0.0 0.0 0.0 0.0 0.0 0.0 0.0 0.0 0.0 0.0 0.0 0.0 0.0 207.0 5.0 0.0 0.0 1.0 1.0 0.02 0.07 0.0 255.0 5.0 0.02 0.08 0.0 0.0 0.0 0.0 1.0 1.0
0.0 0.0 0.0 0.0 0.0 0.0 0.0 0.0 0.0 0.0 0.0 0.0 0.0 0.0 0.0 217.0 8.0 0.0 0.0 1.0 1.0 0.04 0.07 0.0 255.0 8.0 0.03 0.07 0.0 0.0 0.0 0.0 1.0 1.0
0.0 0.0 0.0 0.0 0.0 0.0 0.0 0.0 0.0 0.0 0.0 0.0 0.0 0.0 0.0 227.0 15.0 0.0 0.0 1.0 1.0 0.07 0.07 0.0 255.0 15.0 0.06 0.07 0.0 0.0 0.0 0.0 1.0 1.0
0.0 0.0 0.0 0.0 0.0 0.0 0.0 0.0 0.0 0.0 0.0 0.0 0.0 0.0 0.0 237.0 13.0 0.0 0.0 1.0 1.0 0.05 0.07 0.0 255.0 13.0 0.05 0.07 0.0 0.0 0.0 0.0 1.0 1.0
0.0 0.0 0.0 0.0 0.0 0.0 0.0 0.0 0.0 0.0 0.0 0.0 0.0 0.0 0.0 247.0 12.0 0.0 0.0 1.0 1.0 0.05 0.06 0.0 255.0 12.0 0.05 0.07 0.0 0.0 0.0 0.0 1.0 1.0
0.0 0.0 0.0 0.0 0.0 0.0 0.0 0.0 0.0 0.0 0.0 0.0 0.0 0.0 0.0 257.0 3.0 0.0 0.0 1.0 1.0 0.01 0.07 0.0 255.0 3.0 0.01 0.07 0.0 0.0 0.0 0.0 1.0 1.0
0.0 0.0 0.0 0.0 0.0 0.0 0.0 0.0 0.0 0.0 0.0 0.0 0.0 0.0 0.0 267.0 8.0 0.0 0.0 1.0 1.0 0.03 0.06 0.0 255.0 8.0 0.03 0.07 0.0 0.0 0.0 0.0 1.0 1.0
0.0 0.0 0.0 0.0 0.0 0.0 0.0 0.0 0.0 0.0 0.0 0.0 0.0 0.0 0.0 277.0 10.0 0.0 0.0 1.0 1.0 0.04 0.06 0.0 255.0 10.0 0.04 0.07 0.0 0.0 0.0 0.0 1.0 1.0
0.0 0.0 0.0 0.0 0.0 0.0 0.0 0.0 0.0 0.0 0.0 0.0 0.0 0.0 0.0 287.0 18.0 0.0 0.0 1.0 1.0 0.06 0.06 0.0 255.0 18.0 0.07 0.07 0.0 0.0 0.0 0.0 1.0 1.0
0.0 0.0 0.0 0.0 0.0 0.0 0.0 0.0 0.0 0.0 0.0 0.0 0.0 0.0 0.0 297.0 20.0 0.0 0.0 1.0 1.0 0.07 0.06 0.0 255.0 20.0 0.08 0.07 0.0 0.0 0.0 0.0 1.0 1.0
0.0 0.0 0.0 0.0 0.0 0.0 0.0 0.0 0.0 0.0 0.0 0.0 0.0 0.0 0.0 209.0 5.0 0.0 0.0 1.0 1.0 0.02 0.07 0.0 255.0 5.0 0.02 0.07 0.0 0.0 0.0 0.0 1.0 1.0
0.0 0.0 0.0 0.0 0.0 0.0 0.0 0.0 0.0 0.0 0.0 0.0 0.0 0.0 0.0 219.0 2.0 0.0 0.0 1.0 1.0 0.01 0.07 0.0 255.0 2.0 0.01 0.07 0.0 0.0 0.0 0.0 1.0 1.0
0.0 0.0 0.0 0.0 0.0 0.0 0.0 0.0 0.0 0.0 0.0 0.0 0.0 0.0 0.0 229.0 7.0 0.0 0.0 1.0 1.0 0.03 0.07 0.0 255.0 7.0 0.03 0.07 0.0 0.0 0.0 0.0 1.0 1.0
0.0 0.0 0.0 0.0 0.0 0.0 0.0 0.0 0.0 0.0 0.0 0.0 0.0 0.0 0.0 239.0 14.0 0.0 0.0 1.0 1.0 0.06 0.07 0.0 255.0 14.0 0.05 0.07 0.0 0.0 0.0 0.0 1.0 1.0
0.0 0.0 0.0 0.0 0.0 0.0 0.0 0.0 0.0 0.0 0.0 0.0 0.0 0.0 0.0 249.0 15.0 0.0 0.0 1.0 1.0 0.06 0.06 0.0 255.0 15.0 0.06 0.07 0.0 0.0 0.0 0.0 1.0 1.0
0.0 0.0 0.0 0.0 0.0 0.0 0.0 0.0 0.0 0.0 0.0 0.0 0.0 0.0 0.0 259.0 5.0 0.0 0.0 1.0 1.0 0.02 0.07 0.0 255.0 5.0 0.02 0.07 0.0 0.0 0.0 0.0 1.0 1.0
0.0 0.0 0.0 0.0 0.0 0.0 0.0 0.0 0.0 0.0 0.0 0.0 0.0 0.0 0.0 269.0 9.0 0.0 0.0 1.0 1.0 0.03 0.06 0.0 255.0 9.0 0.04 0.07 0.0 0.0 0.0 0.0 1.0 1.0
0.0 0.0 0.0 0.0 0.0 0.0 0.0 0.0 0.0 0.0 0.0 0.0 0.0 0.0 0.0 279.0 10.0 0.0 0.0 1.0 1.0 0.04 0.06 0.0 255.0 10.0 0.04 0.07 0.0 0.0 0.0 0.0 1.0 1.0
0.0 0.0 0.0 0.0 0.0 0.0 0.0 0.0 0.0 0.0 0.0 0.0 0.0 0.0 0.0 289.0 19.0 0.0 0.0 1.0 1.0 0.07 0.06 0.0 255.0 19.0 0.07 0.07 0.0 0.0 0.0 0.0 1.0 1.0
0.0 0.0 0.0 0.0 0.0 0.0 0.0 0.0 0.0 0.0 0.0 0.0 0.0 0.0 0.0 299.0 19.0 0.0 0.0 1.0 1.0 0.06 0.06 0.0 255.0 19.0 0.07 0.07 0.0 0.0 0.0 0.0 1.0 1.0
0.0 0.0 0.0 0.0 0.0 0.0 0.0 0.0 0.0 0.0 0.0 0.0 0.0 0.0 0.0 209.0 5.0 0.0 0.0 1.0 1.0 0.02 0.07 0.0 255.0 5.0 0.02 0.07 0.0 0.0 0.0 0.0 1.0 1.0
0.0 0.0 0.0 0.0 0.0 0.0 0.0 0.0 0.0 0.0 0.0 0.0 0.0 0.0 0.0 219.0 8.0 0.0 0.0 1.0 1.0 0.04 0.07 0.0 255.0 8.0 0.03 0.07 0.0 0.0 0.0 0.0 1.0 1.0
0.0 0.0 0.0 0.0 0.0 0.0 0.0 0.0 0.0 0.0 0.0 0.0 0.0 0.0 0.0 229.0 15.0 0.0 0.0 1.0 1.0 0.07 0.07 0.0 255.0 15.0 0.06 0.07 0.0 0.0 0.0 0.0 1.0 1.0
0.0 0.0 0.0 0.0 0.0 0.0 0.0 0.0 0.0 0.0 0.0 0.0 0.0 0.0 0.0 239.0 19.0 0.0 0.0 1.0 1.0 0.08 0.07 0.0 255.0 19.0 0.07 0.07 0.0 0.0 0.0 0.0 1.0 1.0
0.0 0.0 0.0 0.0 0.0 0.0 0.0 0.0 0.0 0.0 0.0 0.0 0.0 0.0 0.0 249.0 9.0 0.0 0.0 1.0 1.0 0.04 0.07 0.0 255.0 9.0 0.04 0.07 0.0 0.0 0.0 0.0 1.0 1.0
0.0 0.0 0.0 0.0 0.0 0.0 0.0 0.0 0.0 0.0 0.0 0.0 0.0 0.0 0.0 259.0 9.0 0.0 0.0 1.0 1.0 0.03 0.07 0.0 255.0 9.0 0.04 0.07 0.0 0.0 0.0 0.0 1.0 1.0
0.0 0.0 0.0 0.0 0.0 0.0 0.0 0.0 0.0 0.0 0.0 0.0 0.0 0.0 0.0 269.0 15.0 0.0 0.0 1.0 1.0 0.06 0.06 0.0 255.0 15.0 0.06 0.07 0.0 0.0 0.0 0.0 1.0 1.0
0.0 0.0 0.0 0.0 0.0 0.0 0.0 0.0 0.0 0.0 0.0 0.0 0.0 0.0 0.0 279.0 11.0 0.0 0.0 1.0 1.0 0.04 0.06 0.0 255.0 11.0 0.04 0.07 0.0 0.0 0.0 0.0 1.0 1.0
0.0 0.0 0.0 0.0 0.0 0.0 0.0 0.0 0.0 0.0 0.0 0.0 0.0 0.0 0.0 289.0 16.0 0.0 0.0 1.0 1.0 0.06 0.06 0.0 255.0 16.0 0.06 0.07 0.0 0.0 0.0 0.0 1.0 1.0
0.0 0.0 0.0 0.0 0.0 0.0 0.0 0.0 0.0 0.0 0.0 0.0 0.0 0.0 0.0 299.0 19.0 0.0 0.0 1.0 1.0 0.06 0.06 0.0 255.0 19.0 0.07 0.07 0.0 0.0 0.0 0.0 1.0 1.0
0.0 0.0 0.0 0.0 0.0 0.0 0.0 0.0 0.0 0.0 0.0 0.0 0.0 0.0 0.0 209.0 5.0 0.0 0.0 1.0 1.0 0.02 0.07 0.0 255.0 5.0 0.02 0.07 0.0 0.0 0.0 0.0 1.0 1.0
0.0 0.0 0.0 0.0 0.0 0.0 0.0 0.0 0.0 0.0 0.0 0.0 0.0 0.0 0.0 219.0 9.0 0.0 0.0 1.0 1.0 0.04 0.07 0.0 255.0 9.0 0.04 0.07 0.0 0.0 0.0 0.0 1.0 1.0
0.0 0.0 0.0 0.0 0.0 0.0 0.0 0.0 0.0 0.0 0.0 0.0 0.0 0.0 0.0 229.0 8.0 0.0 0.0 1.0 1.0 0.03 0.07 0.0 255.0 8.0 0.03 0.08 0.0 0.0 0.0 0.0 1.0 1.0
0.0 0.0 0.0 0.0 0.0 0.0 0.0 0.0 0.0 0.0 0.0 0.0 0.0 0.0 0.0 239.0 18.0 0.0 0.0 1.0 1.0 0.08 0.07 0.0 255.0 18.0 0.07 0.08 0.0 0.0 0.0 0.0 1.0 1.0
0.0 0.0 0.0 0.0 0.0 0.0 0.0 0.0 0.0 0.0 0.0 0.0 0.0 0.0 0.0 249.0 9.0 0.0 0.0 1.0 1.0 0.04 0.07 0.0 255.0 9.0 0.04 0.08 0.0 0.0 0.0 0.0 1.0 1.0
0.0 0.0 0.0 0.0 0.0 0.0 0.0 0.0 0.0 0.0 0.0 0.0 0.0 0.0 0.0 259.0 9.0 0.0 0.0 1.0 1.0 0.03 0.07 0.0 255.0 9.0 0.04 0.07 0.0 0.0 0.0 0.0 1.0 1.0
0.0 0.0 0.0 0.0 0.0 0.0 0.0 0.0 0.0 0.0 0.0 0.0 0.0 0.0 0.0 269.0 19.0 0.0 0.0 1.0 1.0 0.07 0.06 0.0 255.0 19.0 0.07 0.07 0.0 0.0 0.0 0.0 1.0 1.0
0.0 0.0 0.0 0.0 0.0 0.0 0.0 0.0 0.0 0.0 0.0 0.0 0.0 0.0 0.0 279.0 19.0 0.0 0.0 1.0 1.0 0.07 0.06 0.0 255.0 19.0 0.07 0.07 0.0 0.0 0.0 0.0 1.0 1.0
0.0 0.0 0.0 0.0 0.0 0.0 0.0 0.0 0.0 0.0 0.0 0.0 0.0 0.0 0.0 289.0 16.0 0.0 0.0 1.0 1.0 0.06 0.06 0.0 255.0 16.0 0.06 0.07 0.0 0.0 0.0 0.0 1.0 1.0
0.0 0.0 0.0 0.0 0.0 0.0 0.0 0.0 0.0 0.0 0.0 0.0 0.0 0.0 0.0 199.0 1.0 0.0 0.0 1.0 1.0 0.01 0.07 0.0 255.0 1.0 0.0 0.07 0.0 0.0 0.0 0.0 1.0 1.0
0.0 0.0 0.0 0.0 0.0 0.0 0.0 0.0 0.0 0.0 0.0 0.0 0.0 0.0 0.0 209.0 5.0 0.0 0.0 1.0 1.0 0.02 0.07 0.0 255.0 5.0 0.02 0.08 0.0 0.0 0.0 0.0 1.0 1.0
0.0 0.0 0.0 0.0 0.0 0.0 0.0 0.0 0.0 0.0 0.0 0.0 0.0 0.0 0.0 219.0 7.0 0.0 0.0 1.0 1.0 0.03 0.07 0.0 255.0 7.0 0.03 0.07 0.0 0.0 0.0 0.0 1.0 1.0
0.0 0.0 0.0 0.0 0.0 0.0 0.0 0.0 0.0 0.0 0.0 0.0 0.0 0.0 0.0 229.0 15.0 0.0 0.0 1.0 1.0 0.07 0.07 0.0 255.0 15.0 0.06 0.07 0.0 0.0 0.0 0.0 1.0 1.0
0.0 0.0 0.0 0.0 0.0 0.0 0.0 0.0 0.0 0.0 0.0 0.0 0.0 0.0 0.0 239.0 1.0 0.0 0.0 1.0 1.0 0.0 0.07 0.0 255.0 1.0 0.0 0.08 0.0 0.0 0.0 0.0 1.0 1.0
0.0 0.0 0.0 0.0 0.0 0.0 0.0 0.0 0.0 0.0 0.0 0.0 0.0 0.0 0.0 249.0 11.0 0.0 0.0 1.0 1.0 0.04 0.06 0.0 255.0 11.0 0.04 0.07 0.0 0.0 0.0 0.0 1.0 1.0
0.0 0.0 0.0 0.0 0.0 0.0 0.0 0.0 0.0 0.0 0.0 0.0 0.0 0.0 0.0 259.0 11.0 0.0 0.0 1.0 1.0 0.04 0.06 0.0 255.0 11.0 0.04 0.06 0.0 0.0 0.0 0.0 1.0 1.0
0.0 0.0 0.0 0.0 0.0 0.0 0.0 0.0 0.0 0.0 0.0 0.0 0.0 0.0 0.0 269.0 6.0 0.0 0.0 1.0 1.0 0.02 0.06 0.0 255.0 6.0 0.02 0.06 0.0 0.0 0.0 0.0 1.0 1.0
0.0 0.0 0.0 0.0 0.0 0.0 0.0 0.0 0.0 0.0 0.0 0.0 0.0 0.0 0.0 279.0 12.0 0.0 0.0 1.0 1.0 0.04 0.06 0.0 255.0 12.0 0.05 0.06 0.0 0.0 0.0 0.0 1.0 1.0
0.0 0.0 0.0 0.0 0.0 0.0 0.0 0.0 0.0 0.0 0.0 0.0 0.0 0.0 0.0 289.0 16.0 0.0 0.0 1.0 1.0 0.06 0.06 0.0 255.0 16.0 0.06 0.06 0.0 0.0 0.0 0.0 1.0 1.0
0.0 0.0 0.0 0.0 0.0 0.0 0.0 0.0 0.0 0.0 0.0 0.0 0.0 0.0 0.0 199.0 1.0 0.0 0.0 1.0 1.0 0.01 0.06 0.0 255.0 1.0 0.0 0.06 0.0 0.0 0.0 0.0 1.0 1.0
0.0 0.0 0.0 0.0 0.0 0.0 0.0 0.0 0.0 0.0 0.0 0.0 0.0 0.0 0.0 209.0 6.0 0.0 0.0 1.0 1.0 0.03 0.06 0.0 255.0 6.0 0.02 0.07 0.0 0.0 0.0 0.0 1.0 1.0
0.0 0.0 0.0 0.0 0.0 0.0 0.0 0.0 0.0 0.0 0.0 0.0 0.0 0.0 0.0 219.0 10.0 0.0 0.0 1.0 1.0 0.05 0.06 0.0 255.0 10.0 0.04 0.07 0.0 0.0 0.0 0.0 1.0 1.0
0.0 0.0 0.0 0.0 0.0 0.0 0.0 0.0 0.0 0.0 0.0 0.0 0.0 0.0 0.0 229.0 8.0 0.0 0.0 1.0 1.0 0.03 0.07 0.0 255.0 8.0 0.03 0.07 0.0 0.0 0.0 0.0 1.0 1.0
0.0 0.0 0.0 0.0 0.0 0.0 0.0 0.0 0.0 0.0 0.0 0.0 0.0 0.0 0.0 239.0 11.0 0.0 0.0 1.0 1.0 0.05 0.06 0.0 255.0 11.0 0.04 0.07 0.0 0.0 0.0 0.0 1.0 1.0
0.0 0.0 0.0 0.0 0.0 0.0 0.0 0.0 0.0 0.0 0.0 0.0 0.0 0.0 0.0 249.0 1.0 0.0 0.0 1.0 1.0 0.0 0.06 0.0 255.0 1.0 0.0 0.07 0.0 0.0 0.0 0.0 1.0 1.0
0.0 0.0 0.0 0.0 0.0 0.0 0.0 0.0 0.0 0.0 0.0 0.0 0.0 0.0 0.0 259.0 1.0 0.0 0.0 1.0 1.0 0.0 0.07 0.0 255.0 1.0 0.0 0.07 0.0 0.0 0.0 0.0 1.0 1.0
0.0 0.0 0.0 0.0 0.0 0.0 0.0 0.0 0.0 0.0 0.0 0.0 0.0 0.0 0.0 269.0 11.0 0.0 0.0 1.0 1.0 0.04 0.06 0.0 255.0 11.0 0.04 0.07 0.0 0.0 0.0 0.0 1.0 1.0
0.0 0.0 0.0 0.0 0.0 0.0 0.0 0.0 0.0 0.0 0.0 0.0 0.0 0.0 0.0 279.0 11.0 0.0 0.0 1.0 1.0 0.04 0.06 0.0 255.0 11.0 0.04 0.07 0.0 0.0 0.0 0.0 1.0 1.0
0.0 0.0 0.0 0.0 0.0 0.0 0.0 0.0 0.0 0.0 0.0 0.0 0.0 0.0 0.0 289.0 16.0 0.0 0.0 1.0 1.0 0.06 0.06 0.0 255.0 16.0 0.06 0.07 0.0 0.0 0.0 0.0 1.0 1.0
0.0 0.0 0.0 0.0 0.0 0.0 0.0 0.0 0.0 0.0 0.0 0.0 0.0 0.0 0.0 201.0 1.0 0.0 0.0 1.0 1.0 0.0 0.06 0.0 255.0 1.0 0.0 0.07 0.0 0.0 0.0 0.0 1.0 1.0
0.0 0.0 0.0 0.0 0.0 0.0 0.0 0.0 0.0 0.0 0.0 0.0 0.0 0.0 0.0 211.0 5.0 0.0 0.0 1.0 1.0 0.02 0.07 0.0 255.0 5.0 0.02 0.07 0.0 0.0 0.0 0.0 1.0 1.0
0.0 0.0 0.0 0.0 0.0 0.0 0.0 0.0 0.0 0.0 0.0 0.0 0.0 0.0 0.0 221.0 8.0 0.0 0.0 1.0 1.0 0.04 0.07 0.0 255.0 8.0 0.03 0.07 0.0 0.0 0.0 0.0 1.0 1.0
0.0 0.0 0.0 0.0 0.0 0.0 0.0 0.0 0.0 0.0 0.0 0.0 0.0 0.0 0.0 231.0 15.0 0.0 0.0 1.0 1.0 0.06 0.06 0.0 255.0 15.0 0.06 0.07 0.0 0.0 0.0 0.0 1.0 1.0
0.0 0.0 0.0 0.0 0.0 0.0 0.0 0.0 0.0 0.0 0.0 0.0 0.0 0.0 0.0 241.0 1.0 0.0 0.0 1.0 1.0 0.0 0.07 0.0 255.0 1.0 0.0 0.07 0.0 0.0 0.0 0.0 1.0 1.0
0.0 0.0 0.0 0.0 0.0 0.0 0.0 0.0 0.0 0.0 0.0 0.0 0.0 0.0 0.0 251.0 11.0 0.0 0.0 1.0 1.0 0.04 0.06 0.0 255.0 11.0 0.04 0.07 0.0 0.0 0.0 0.0 1.0 1.0
0.0 0.0 0.0 0.0 0.0 0.0 0.0 0.0 0.0 0.0 0.0 0.0 0.0 0.0 0.0 261.0 11.0 0.0 0.0 1.0 1.0 0.04 0.06 0.0 255.0 11.0 0.04 0.06 0.0 0.0 0.0 0.0 1.0 1.0
0.0 0.0 0.0 0.0 0.0 0.0 0.0 0.0 0.0 0.0 0.0 0.0 0.0 0.0 0.0 271.0 6.0 0.0 0.0 1.0 1.0 0.02 0.06 0.0 255.0 6.0 0.02 0.06 0.0 0.0 0.0 0.0 1.0 1.0
0.0 0.0 0.0 0.0 0.0 0.0 0.0 0.0 0.0 0.0 0.0 0.0 0.0 0.0 0.0 281.0 11.0 0.0 0.0 1.0 1.0 0.04 0.06 0.0 255.0 11.0 0.04 0.06 0.0 0.0 0.0 0.0 1.0 1.0
0.0 0.0 0.0 0.0 0.0 0.0 0.0 0.0 0.0 0.0 0.0 0.0 0.0 0.0 0.0 291.0 16.0 0.0 0.0 1.0 1.0 0.05 0.05 0.0 255.0 16.0 0.06 0.06 0.0 0.0 0.0 0.0 1.0 1.0
0.0 0.0 0.0 0.0 0.0 0.0 0.0 0.0 0.0 0.0 0.0 0.0 0.0 0.0 0.0 201.0 1.0 0.0 0.0 1.0 1.0 0.0 0.06 0.0 255.0 1.0 0.0 0.06 0.0 0.0 0.0 0.0 1.0 1.0
0.0 0.0 0.0 0.0 0.0 0.0 0.0 0.0 0.0 0.0 0.0 0.0 0.0 0.0 0.0 211.0 5.0 0.0 0.0 1.0 1.0 0.02 0.06 0.0 255.0 5.0 0.02 0.07 0.0 0.0 0.0 0.0 1.0 1.0
0.0 0.0 0.0 0.0 0.0 0.0 0.0 0.0 0.0 0.0 0.0 0.0 0.0 0.0 0.0 221.0 11.0 0.0 0.0 1.0 1.0 0.05 0.06 0.0 255.0 11.0 0.04 0.07 0.0 0.0 0.0 0.0 1.0 1.0
