0.0 0.0 0.0 0.0 0.0 0.0 0.0 0.0 0.0 0.0 0.0 0.0 0.0 0.0 0.0 124.0 18.0 0.0 0.0 1.0 1.0 0.15 0.07 0.0 255.0 18.0 0.07 0.06 0.0 0.0 0.0 0.0 1.0 1.0
0.0 0.0 0.0 0.0 0.0 0.0 0.0 0.0 0.0 0.0 0.0 0.0 0.0 0.0 0.0 134.0 14.0 0.0 0.0 1.0 1.0 0.1 0.07 0.0 255.0 14.0 0.05 0.06 0.0 0.0 0.0 0.0 1.0 1.0
0.0 0.0 0.0 0.0 0.0 0.0 0.0 0.0 0.0 0.0 0.0 0.0 0.0 0.0 0.0 144.0 14.0 0.0 0.0 1.0 1.0 0.1 0.06 0.0 255.0 14.0 0.05 0.06 0.0 0.0 0.0 0.0 1.0 1.0
0.0 0.0 0.0 0.0 0.0 0.0 0.0 0.0 0.0 0.0 0.0 0.0 0.0 0.0 0.0 104.0 1.0 0.0 0.0 1.0 1.0 0.01 0.08 0.0 255.0 1.0 0.0 0.07 0.0 0.0 0.0 0.0 1.0 1.0
0.0 0.0 0.0 0.0 0.0 0.0 0.0 0.0 0.0 0.0 0.0 0.0 0.0 0.0 0.0 114.0 11.0 0.0 0.0 1.0 1.0 0.1 0.07 0.0 255.0 11.0 0.04 0.06 0.0 0.0 0.0 0.0 1.0 1.0
0.0 0.0 0.0 0.0 0.0 0.0 0.0 0.0 0.0 0.0 0.0 0.0 0.0 0.0 0.0 124.0 12.0 0.0 0.0 1.0 1.0 0.1 0.06 0.0 255.0 12.0 0.05 0.06 0.0 0.0 0.0 0.0 1.0 1.0
0.0 0.0 0.0 0.0 0.0 0.0 0.0 0.0 0.0 0.0 0.0 0.0 0.0 0.0 0.0 134.0 4.0 0.0 0.0 1.0 1.0 0.03 0.06 0.0 255.0 4.0 0.02 0.06 0.0 0.0 0.0 0.0 1.0 1.0
0.0 0.0 0.0 0.0 0.0 0.0 0.0 0.0 0.0 0.0 0.0 0.0 0.0 0.0 0.0 144.0 14.0 0.0 0.0 1.0 1.0 0.1 0.06 0.0 255.0 14.0 0.05 0.06 0.0 0.0 0.0 0.0 1.0 1.0
0.0 0.0 0.0 0.0 0.0 0.0 0.0 0.0 0.0 0.0 0.0 0.0 0.0 0.0 0.0 104.0 2.0 0.0 0.0 1.0 1.0 0.02 0.09 0.0 255.0 2.0 0.01 0.07 0.0 0.0 0.0 0.0 1.0 1.0
0.0 0.0 0.0 0.0 0.0 0.0 0.0 0.0 0.0 0.0 0.0 0.0 0.0 0.0 0.0 114.0 14.0 0.0 0.0 1.0 1.0 0.12 0.08 0.0 255.0 14.0 0.05 0.06 0.0 0.0 0.0 0.0 1.0 1.0
0.0 0.0 0.0 0.0 0.0 0.0 0.0 0.0 0.0 0.0 0.0 0.0 0.0 0.0 0.0 124.0 13.0 0.0 0.0 1.0 1.0 0.1 0.07 0.0 255.0 13.0 0.05 0.06 0.0 0.0 0.0 0.0 1.0 1.0
0.0 0.0 0.0 0.0 0.0 0.0 0.0 0.0 0.0 0.0 0.0 0.0 0.0 0.0 0.0 134.0 6.0 0.0 0.0 1.0 1.0 0.04 0.07 0.0 255.0 6.0 0.02 0.06 0.0 0.0 0.0 0.0 1.0 1.0
0.0 0.0 0.0 0.0 0.0 0.0 0.0 0.0 0.0 0.0 0.0 0.0 0.0 0.0 0.0 144.0 16.0 0.0 0.0 1.0 1.0 0.11 0.06 0.0 255.0 16.0 0.06 0.06 0.0 0.0 0.0 0.0 1.0 1.0
0.0 0.0 0.0 0.0 0.0 0.0 0.0 0.0 0.0 0.0 0.0 0.0 0.0 0.0 0.0 104.0 4.0 0.0 0.0 1.0 1.0 0.04 0.07 0.0 255.0 4.0 0.02 0.06 0.0 0.0 0.0 0.0 1.0 1.0
0.0 0.0 0.0 0.0 0.0 0.0 0.0 0.0 0.0 0.0 0.0 0.0 0.0 0.0 0.0 114.0 14.0 0.0 0.0 1.0 1.0 0.12 0.06 0.0 255.0 14.0 0.05 0.06 0.0 0.0 0.0 0.0 1.0 1.0
0.0 0.0 0.0 0.0 0.0 0.0 0.0 0.0 0.0 0.0 0.0 0.0 0.0 0.0 0.0 124.0 4.0 0.0 0.0 1.0 1.0 0.03 0.06 0.0 255.0 4.0 0.02 0.06 0.0 0.0 0.0 0.0 1.0 1.0
0.0 0.0 0.0 0.0 0.0 0.0 0.0 0.0 0.0 0.0 0.0 0.0 0.0 0.0 0.0 134.0 7.0 0.0 0.0 1.0 1.0 0.05 0.06 0.0 255.0 7.0 0.03 0.06 0.0 0.0 0.0 0.0 1.0 1.0
0.0 0.0 0.0 0.0 0.0 0.0 0.0 0.0 0.0 0.0 0.0 0.0 0.0 0.0 0.0 144.0 17.0 0.0 0.0 1.0 1.0 0.12 0.06 0.0 255.0 17.0 0.07 0.06 0.0 0.0 0.0 0.0 1.0 1.0
0.0 0.0 0.0 0.0 0.0 0.0 0.0 0.0 0.0 0.0 0.0 0.0 0.0 0.0 0.0 104.0 4.0 0.0 0.0 1.0 1.0 0.04 0.08 0.0 255.0 4.0 0.02 0.06 0.0 0.0 0.0 0.0 1.0 1.0
0.0 0.0 0.0 0.0 0.0 0.0 0.0 0.0 0.0 0.0 0.0 0.0 0.0 0.0 0.0 114.0 14.0 0.0 0.0 1.0 1.0 0.12 0.07 0.0 255.0 14.0 0.05 0.06 0.0 0.0 0.0 0.0 1.0 1.0
0.0 0.0 0.0 0.0 0.0 0.0 0.0 0.0 0.0 0.0 0.0 0.0 0.0 0.0 0.0 124.0 6.0 0.0 0.0 1.0 1.0 0.05 0.07 0.0 255.0 6.0 0.02 0.06 0.0 0.0 0.0 0.0 1.0 1.0
0.0 0.0 0.0 0.0 0.0 0.0 0.0 0.0 0.0 0.0 0.0 0.0 0.0 0.0 0.0 134.0 16.0 0.0 0.0 1.0 1.0 0.12 0.07 0.0 255.0 16.0 0.06 0.06 0.0 0.0 0.0 0.0 1.0 1.0
0.0 0.0 0.0 0.0 0.0 0.0 0.0 0.0 0.0 0.0 0.0 0.0 0.0 0.0 0.0 144.0 17.0 0.0 0.0 1.0 1.0 0.12 0.06 0.0 255.0 17.0 0.07 0.06 0.0 0.0 0.0 0.0 1.0 1.0
0.0 0.0 0.0 0.0 0.0 0.0 0.0 0.0 0.0 0.0 0.0 0.0 0.0 0.0 0.0 105.0 3.0 0.0 0.0 1.0 1.0 0.03 0.08 0.0 255.0 3.0 0.01 0.07 0.0 0.0 0.0 0.0 1.0 1.0
0.0 0.0 0.0 0.0 0.0 0.0 0.0 0.0 0.0 0.0 0.0 0.0 0.0 0.0 0.0 115.0 13.0 0.0 0.0 1.0 1.0 0.11 0.07 0.0 255.0 13.0 0.05 0.06 0.0 0.0 0.0 0.0 1.0 1.0
0.0 0.0 0.0 0.0 0.0 0.0 0.0 0.0 0.0 0.0 0.0 0.0 0.0 0.0 0.0 125.0 4.0 0.0 0.0 1.0 1.0 0.03 0.06 0.0 255.0 4.0 0.02 0.06 0.0 0.0 0.0 0.0 1.0 1.0
0.0 0.0 0.0 0.0 0.0 0.0 0.0 0.0 0.0 0.0 0.0 0.0 0.0 0.0 0.0 135.0 14.0 0.0 0.0 1.0 1.0 0.1 0.06 0.0 255.0 14.0 0.05 0.06 0.0 0.0 0.0 0.0 1.0 1.0
0.0 0.0 0.0 0.0 0.0 0.0 0.0 0.0 0.0 0.0 0.0 0.0 0.0 0.0 0.0 145.0 6.0 0.0 0.0 1.0 1.0 0.04 0.06 0.0 255.0 6.0 0.02 0.06 0.0 0.0 0.0 0.0 1.0 1.0
0.0 0.0 0.0 0.0 0.0 0.0 0.0 0.0 0.0 0.0 0.0 0.0 0.0 0.0 0.0 105.0 14.0 0.0 0.0 1.0 1.0 0.13 0.07 0.0 255.0 14.0 0.05 0.06 0.0 0.0 0.0 0.0 1.0 1.0
0.0 0.0 0.0 0.0 0.0 0.0 0.0 0.0 0.0 0.0 0.0 0.0 0.0 0.0 0.0 115.0 7.0 0.0 0.0 1.0 1.0 0.06 0.06 0.0 255.0 7.0 0.03 0.05 0.0 0.0 0.0 0.0 1.0 1.0
0.0 0.0 0.0 0.0 0.0 0.0 0.0 0.0 0.0 0.0 0.0 0.0 0.0 0.0 0.0 125.0 5.0 0.0 0.0 1.0 1.0 0.04 0.07 0.0 255.0 5.0 0.02 0.06 0.0 0.0 0.0 0.0 1.0 1.0
0.0 0.0 0.0 0.0 0.0 0.0 0.0 0.0 0.0 0.0 0.0 0.0 0.0 0.0 0.0 135.0 15.0 0.0 0.0 1.0 1.0 0.11 0.07 0.0 255.0 15.0 0.06 0.06 0.0 0.0 0.0 0.0 1.0 1.0
0.0 0.0 0.0 0.0 0.0 0.0 0.0 0.0 0.0 0.0 0.0 0.0 0.0 0.0 0.0 145.0 16.0 0.0 0.0 1.0 1.0 0.11 0.06 0.0 255.0 16.0 0.06 0.06 0.0 0.0 0.0 0.0 1.0 1.0
0.0 0.0 0.0 0.0 0.0 0.0 0.0 0.0 0.0 0.0 0.0 0.0 0.0 0.0 0.0 105.0 1.0 0.0 0.0 1.0 1.0 0.01 0.08 0.0 255.0 1.0 0.0 0.07 0.0 0.0 0.0 0.0 1.0 1.0
0.0 0.0 0.0 0.0 0.0 0.0 0.0 0.0 0.0 0.0 0.0 0.0 0.0 0.0 0.0 115.0 11.0 0.0 0.0 1.0 1.0 0.1 0.07 0.0 255.0 11.0 0.04 0.06 0.0 0.0 0.0 0.0 1.0 1.0
0.0 0.0 0.0 0.0 0.0 0.0 0.0 0.0 0.0 0.0 0.0 0.0 0.0 0.0 0.0 125.0 11.0 0.0 0.0 1.0 1.0 0.09 0.06 0.0 255.0 11.0 0.04 0.06 0.0 0.0 0.0 0.0 1.0 1.0
0.0 0.0 0.0 0.0 0.0 0.0 0.0 0.0 0.0 0.0 0.0 0.0 0.0 0.0 0.0 135.0 7.0 0.0 0.0 1.0 1.0 0.05 0.06 0.0 255.0 7.0 0.03 0.06 0.0 0.0 0.0 0.0 1.0 1.0
0.0 0.0 0.0 0.0 0.0 0.0 0.0 0.0 0.0 0.0 0.0 0.0 0.0 0.0 0.0 145.0 15.0 0.0 0.0 1.0 1.0 0.1 0.06 0.0 255.0 15.0 0.06 0.06 0.0 0.0 0.0 0.0 1.0 1.0
0.0 0.0 0.0 0.0 0.0 0.0 0.0 0.0 0.0 0.0 0.0 0.0 0.0 0.0 0.0 105.0 1.0 0.0 0.0 1.0 1.0 0.01 0.09 0.0 255.0 1.0 0.0 0.06 0.0 0.0 0.0 0.0 1.0 1.0
0.0 0.0 0.0 0.0 0.0 0.0 0.0 0.0 0.0 0.0 0.0 0.0 0.0 0.0 0.0 115.0 11.0 0.0 0.0 1.0 1.0 0.1 0.08 0.0 255.0 11.0 0.04 0.06 0.0 0.0 0.0 0.0 1.0 1.0
0.0 0.0 0.0 0.0 0.0 0.0 0.0 0.0 0.0 0.0 0.0 0.0 0.0 0.0 0.0 125.0 4.0 0.0 0.0 1.0 1.0 0.03 0.07 0.0 255.0 4.0 0.02 0.06 0.0 0.0 0.0 0.0 1.0 1.0
0.0 0.0 0.0 0.0 0.0 0.0 0.0 0.0 0.0 0.0 0.0 0.0 0.0 0.0 0.0 135.0 13.0 0.0 0.0 1.0 1.0 0.1 0.07 0.0 255.0 13.0 0.05 0.06 0.0 0.0 0.0 0.0 1.0 1.0
0.0 0.0 0.0 0.0 0.0 0.0 0.0 0.0 0.0 0.0 0.0 0.0 0.0 0.0 0.0 145.0 15.0 0.0 0.0 1.0 1.0 0.1 0.06 0.0 255.0 15.0 0.06 0.06 0.0 0.0 0.0 0.0 1.0 1.0
0.0 0.0 0.0 0.0 0.0 0.0 0.0 0.0 0.0 0.0 0.0 0.0 0.0 0.0 0.0 105.0 3.0 0.0 0.0 1.0 1.0 0.03 0.07 0.0 255.0 3.0 0.01 0.06 0.0 0.0 0.0 0.0 1.0 1.0
0.0 0.0 0.0 0.0 0.0 0.0 0.0 0.0 0.0 0.0 0.0 0.0 0.0 0.0 0.0 115.0 13.0 0.0 0.0 1.0 1.0 0.11 0.06 0.0 255.0 13.0 0.05 0.06 0.0 0.0 0.0 0.0 1.0 1.0
0.0 0.0 0.0 0.0 0.0 0.0 0.0 0.0 0.0 0.0 0.0 0.0 0.0 0.0 0.0 125.0 3.0 0.0 0.0 1.0 1.0 0.02 0.06 0.0 255.0 3.0 0.01 0.06 0.0 0.0 0.0 0.0 1.0 1.0
0.0 0.0 0.0 0.0 0.0 0.0 0.0 0.0 0.0 0.0 0.0 0.0 0.0 0.0 0.0 135.0 13.0 0.0 0.0 1.0 1.0 0.1 0.06 0.0 255.0 13.0 0.05 0.06 0.0 0.0 0.0 0.0 1.0 1.0
0.0 0.0 0.0 0.0 0.0 0.0 0.0 0.0 0.0 0.0 0.0 0.0 0.0 0.0 0.0 145.0 6.0 0.0 0.0 1.0 1.0 0.04 0.06 0.0 255.0 6.0 0.02 0.06 0.0 0.0 0.0 0.0 1.0 1.0
0.0 0.0 0.0 0.0 0.0 0.0 0.0 0.0 0.0 0.0 0.0 0.0 0.0 0.0 0.0 105.0 14.0 0.0 0.0 1.0 1.0 0.13 0.07 0.0 255.0 14.0 0.05 0.05 0.0 0.0 0.0 0.0 1.0 1.0
0.0 0.0 0.0 0.0 0.0 0.0 0.0 0.0 0.0 0.0 0.0 0.0 0.0 0.0 0.0 115.0 8.0 0.0 0.0 1.0 1.0 0.07 0.06 0.0 255.0 8.0 0.03 0.05 0.0 0.0 0.0 0.0 1.0 1.0
0.0 0.0 0.0 0.0 0.0 0.0 0.0 0.0 0.0 0.0 0.0 0.0 0.0 0.0 0.0 125.0 5.0 0.0 0.0 1.0 1.0 0.04 0.07 0.0 255.0 5.0 0.02 0.06 0.0 0.0 0.0 0.0 1.0 1.0
0.0 0.0 0.0 0.0 0.0 0.0 0.0 0.0 0.0 0.0 0.0 0.0 0.0 0.0 0.0 135.0 15.0 0.0 0.0 1.0 1.0 0.11 0.07 0.0 255.0 15.0 0.06 0.06 0.0 0.0 0.0 0.0 1.0 1.0
0.0 0.0 0.0 0.0 0.0 0.0 0.0 0.0 0.0 0.0 0.0 0.0 0.0 0.0 0.0 145.0 17.0 0.0 0.0 1.0 1.0 0.12 0.06 0.0 255.0 17.0 0.07 0.06 0.0 0.0 0.0 0.0 1.0 1.0
0.0 0.0 0.0 0.0 0.0 0.0 0.0 0.0 0.0 0.0 0.0 0.0 0.0 0.0 0.0 105.0 2.0 0.0 0.0 1.0 1.0 0.02 0.08 0.0 255.0 2.0 0.01 0.06 0.0 0.0 0.0 0.0 1.0 1.0
0.0 0.0 0.0 0.0 0.0 0.0 0.0 0.0 0.0 0.0 0.0 0.0 0.0 0.0 0.0 115.0 12.0 0.0 0.0 1.0 1.0 0.1 0.07 0.0 255.0 12.0 0.05 0.06 0.0 0.0 0.0 0.0 1.0 1.0
0.0 0.0 0.0 0.0 0.0 0.0 0.0 0.0 0.0 0.0 0.0 0.0 0.0 0.0 0.0 125.0 4.0 0.0 0.0 1.0 1.0 0.03 0.06 0.0 255.0 4.0 0.02 0.06 0.0 0.0 0.0 0.0 1.0 1.0
0.0 0.0 0.0 0.0 0.0 0.0 0.0 0.0 0.0 0.0 0.0 0.0 0.0 0.0 0.0 135.0 6.0 0.0 0.0 1.0 1.0 0.04 0.06 0.0 255.0 6.0 0.02 0.06 0.0 0.0 0.0 0.0 1.0 1.0
0.0 0.0 0.0 0.0 0.0 0.0 0.0 0.0 0.0 0.0 0.0 0.0 0.0 0.0 0.0 145.0 16.0 0.0 0.0 1.0 1.0 0.11 0.06 0.0 255.0 16.0 0.06 0.06 0.0 0.0 0.0 0.0 1.0 1.0
0.0 0.0 0.0 0.0 0.0 0.0 0.0 0.0 0.0 0.0 0.0 0.0 0.0 0.0 0.0 105.0 3.0 0.0 0.0 1.0 1.0 0.03 0.08 0.0 255.0 3.0 0.01 0.06 0.0 0.0 0.0 0.0 1.0 1.0
0.0 0.0 0.0 0.0 0.0 0.0 0.0 0.0 0.0 0.0 0.0 0.0 0.0 0.0 0.0 115.0 13.0 0.0 0.0 1.0 1.0 0.11 0.07 0.0 255.0 13.0 0.05 0.06 0.0 0.0 0.0 0.0 1.0 1.0
0.0 0.0 0.0 0.0 0.0 0.0 0.0 0.0 0.0 0.0 0.0 0.0 0.0 0.0 0.0 125.0 6.0 0.0 0.0 1.0 1.0 0.05 0.06 0.0 255.0 6.0 0.02 0.06 0.0 0.0 0.0 0.0 1.0 1.0
0.0 0.0 0.0 0.0 0.0 0.0 0.0 0.0 0.0 0.0 0.0 0.0 0.0 0.0 0.0 135.0 16.0 0.0 0.0 1.0 1.0 0.12 0.06 0.0 255.0 16.0 0.06 0.06 0.0 0.0 0.0 0.0 1.0 1.0
0.0 0.0 0.0 0.0 0.0 0.0 0.0 0.0 0.0 0.0 0.0 0.0 0.0 0.0 0.0 145.0 17.0 0.0 0.0 1.0 1.0 0.12 0.06 0.0 255.0 17.0 0.07 0.06 0.0 0.0 0.0 0.0 1.0 1.0
0.0 0.0 0.0 0.0 0.0 0.0 0.0 0.0 0.0 0.0 0.0 0.0 0.0 0.0 0.0 105.0 3.0 0.0 0.0 1.0 1.0 0.03 0.07 0.0 255.0 3.0 0.01 0.06 0.0 0.0 0.0 0.0 1.0 1.0
0.0 0.0 0.0 0.0 0.0 0.0 0.0 0.0 0.0 0.0 0.0 0.0 0.0 0.0 0.0 115.0 10.0 0.0 0.0 1.0 1.0 0.09 0.07 0.0 255.0 10.0 0.04 0.06 0.0 0.0 0.0 0.0 1.0 1.0
0.0 0.0 0.0 0.0 0.0 0.0 0.0 0.0 0.0 0.0 0.0 0.0 0.0 0.0 0.0 125.0 20.0 0.0 0.0 1.0 1.0 0.16 0.06 0.0 255.0 20.0 0.08 0.06 0.0 0.0 0.0 0.0 1.0 1.0
0.0 0.0 0.0 0.0 0.0 0.0 0.0 0.0 0.0 0.0 0.0 0.0 0.0 0.0 0.0 135.0 7.0 0.0 0.0 1.0 1.0 0.05 0.06 0.0 255.0 7.0 0.03 0.06 0.0 0.0 0.0 0.0 1.0 1.0
0.0 0.0 0.0 0.0 0.0 0.0 0.0 0.0 0.0 0.0 0.0 0.0 0.0 0.0 0.0 145.0 16.0 0.0 0.0 1.0 1.0 0.11 0.06 0.0 255.0 16.0 0.06 0.06 0.0 0.0 0.0 0.0 1.0 1.0
0.0 0.0 0.0 0.0 0.0 0.0 0.0 0.0 0.0 0.0 0.0 0.0 0.0 0.0 0.0 106.0 3.0 0.0 0.0 1.0 1.0 0.03 0.08 0.0 255.0 3.0 0.01 0.06 0.0 0.0 0.0 0.0 1.0 1.0
0.0 0.0 0.0 0.0 0.0 0.0 0.0 0.0 0.0 0.0 0.0 0.0 0.0 0.0 0.0 116.0 13.0 0.0 0.0 1.0 1.0 0.11 0.07 0.0 255.0 13.0 0.05 0.06 0.0 0.0 0.0 0.0 1.0 1.0
0.0 0.0 0.0 0.0 0.0 0.0 0.0 0.0 0.0 0.0 0.0 0.0 0.0 0.0 0.0 126.0 6.0 0.0 0.0 1.0 1.0 0.05 0.06 0.0 255.0 6.0 0.02 0.06 0.0 0.0 0.0 0.0 1.0 1.0
0.0 0.0 0.0 0.0 0.0 0.0 0.0 0.0 0.0 0.0 0.0 0.0 0.0 0.0 0.0 136.0 16.0 0.0 0.0 1.0 1.0 0.12 0.06 0.0 255.0 16.0 0.06 0.05 0.0 0.0 0.0 0.0 1.0 1.0
0.0 0.0 0.0 0.0 0.0 0.0 0.0 0.0 0.0 0.0 0.0 0.0 0.0 0.0 0.0 146.0 17.0 0.0 0.0 1.0 1.0 0.12 0.05 0.0 255.0 17.0 0.07 0.05 0.0 0.0 0.0 0.0 1.0 1.0
0.0 0.0 0.0 0.0 0.0 0.0 0.0 0.0 0.0 0.0 0.0 0.0 0.0 0.0 0.0 106.0 1.0 0.0 0.0 1.0 1.0 0.01 0.08 0.0 255.0 1.0 0.0 0.06 0.0 0.0 0.0 0.0 1.0 1.0
0.0 0.0 0.0 0.0 0.0 0.0 0.0 0.0 0.0 0.0 0.0 0.0 0.0 0.0 0.0 116.0 11.0 0.0 0.0 1.0 1.0 0.09 0.07 0.0 255.0 11.0 0.04 0.06 0.0 0.0 0.0 0.0 1.0 1.0
0.0 0.0 0.0 0.0 0.0 0.0 0.0 0.0 0.0 0.0 0.0 0.0 0.0 0.0 0.0 126.0 3.0 0.0 0.0 1.0 1.0 0.02 0.06 0.0 255.0 3.0 0.01 0.06 0.0 0.0 0.0 0.0 1.0 1.0
0.0 0.0 0.0 0.0 0.0 0.0 0.0 0.0 0.0 0.0 0.0 0.0 0.0 0.0 0.0 136.0 8.0 0.0 0.0 1.0 1.0 0.06 0.06 0.0 255.0 8.0 0.03 0.06 0.0 0.0 0.0 0.0 1.0 1.0
0.0 0.0 0.0 0.0 0.0 0.0 0.0 0.0 0.0 0.0 0.0 0.0 0.0 0.0 0.0 146.0 16.0 0.0 0.0 1.0 1.0 0.11 0.05 0.0 255.0 16.0 0.06 0.06 0.0 0.0 0.0 0.0 1.0 1.0
0.0 0.0 0.0 0.0 0.0 0.0 0.0 0.0 0.0 0.0 0.0 0.0 0.0 0.0 0.0 106.0 4.0 0.0 0.0 1.0 1.0 0.04 0.08 0.0 255.0 4.0 0.02 0.06 0.0 0.0 0.0 0.0 1.0 1.0
0.0 0.0 0.0 0.0 0.0 0.0 0.0 0.0 0.0 0.0 0.0 0.0 0.0 0.0 0.0 116.0 14.0 0.0 0.0 1.0 1.0 0.12 0.07 0.0 255.0 14.0 0.05 0.06 0.0 0.0 0.0 0.0 1.0 1.0
0.0 0.0 0.0 0.0 0.0 0.0 0.0 0.0 0.0 0.0 0.0 0.0 0.0 0.0 0.0 126.0 7.0 0.0 0.0 1.0 1.0 0.06 0.06 0.0 255.0 7.0 0.03 0.06 0.0 0.0 0.0 0.0 1.0 1.0
0.0 0.0 0.0 0.0 0.0 0.0 0.0 0.0 0.0 0.0 0.0 0.0 0.0 0.0 0.0 136.0 14.0 0.0 0.0 1.0 1.0 0.1 0.06 0.0 255.0 14.0 0.05 0.05 0.0 0.0 0.0 0.0 1.0 1.0
0.0 0.0 0.0 0.0 0.0 0.0 0.0 0.0 0.0 0.0 0.0 0.0 0.0 0.0 0.0 146.0 17.0 0.0 0.0 1.0 1.0 0.12 0.05 0.0 255.0 17.0 0.07 0.05 0.0 0.0 0.0 0.0 1.0 1.0
0.0 0.0 0.0 0.0 0.0 0.0 0.0 0.0 0.0 0.0 0.0 0.0 0.0 0.0 0.0 106.0 7.0 0.0 0.0 1.0 1.0 0.07 0.06 0.0 255.0 7.0 0.03 0.05 0.0 0.0 0.0 0.0 1.0 1.0
0.0 0.0 0.0 0.0 0.0 0.0 0.0 0.0 0.0 0.0 0.0 0.0 0.0 0.0 0.0 116.0 8.0 0.0 0.0 1.0 1.0 0.07 0.06 0.0 255.0 8.0 0.03 0.06 0.0 0.0 0.0 0.0 1.0 1.0
0.0 0.0 0.0 0.0 0.0 0.0 0.0 0.0 0.0 0.0 0.0 0.0 0.0 0.0 0.0 126.0 18.0 0.0 0.0 1.0 1.0 0.14 0.06 0.0 255.0 18.0 0.07 0.06 0.0 0.0 0.0 0.0 1.0 1.0
0.0 0.0 0.0 0.0 0.0 0.0 0.0 0.0 0.0 0.0 0.0 0.0 0.0 0.0 0.0 136.0 8.0 0.0 0.0 1.0 1.0 0.06 0.06 0.0 255.0 8.0 0.03 0.06 0.0 0.0 0.0 0.0 1.0 1.0
0.0 0.0 0.0 0.0 0.0 0.0 0.0 0.0 0.0 0.0 0.0 0.0 0.0 0.0 0.0 146.0 18.0 0.0 0.0 1.0 1.0 0.12 0.05 0.0 255.0 18.0 0.07 0.06 0.0 0.0 0.0 0.0 1.0 1.0
0.0 0.0 0.0 0.0 0.0 0.0 0.0 0.0 0.0 0.0 0.0 0.0 0.0 0.0 0.0 106.0 14.0 0.0 0.0 1.0 1.0 0.13 0.07 0.0 255.0 14.0 0.05 0.05 0.0 0.0 0.0 0.0 1.0 1.0
0.0 0.0 0.0 0.0 0.0 0.0 0.0 0.0 0.0 0.0 0.0 0.0 0.0 0.0 0.0 116.0 8.0 0.0 0.0 1.0 1.0 0.07 0.06 0.0 255.0 8.0 0.03 0.05 0.0 0.0 0.0 0.0 1.0 1.0
0.0 0.0 0.0 0.0 0.0 0.0 0.0 0.0 0.0 0.0 0.0 0.0 0.0 0.0 0.0 126.0 8.0 0.0 0.0 1.0 1.0 0.06 0.06 0.0 255.0 8.0 0.03 0.06 0.0 0.0 0.0 0.0 1.0 1.0
0.0 0.0 0.0 0.0 0.0 0.0 0.0 0.0 0.0 0.0 0.0 0.0 0.0 0.0 0.0 136.0 18.0 0.0 0.0 1.0 1.0 0.13 0.06 0.0 255.0 18.0 0.07 0.05 0.0 0.0 0.0 0.0 1.0 1.0
0.0 0.0 0.0 0.0 0.0 0.0 0.0 0.0 0.0 0.0 0.0 0.0 0.0 0.0 0.0 146.0 19.0 0.0 0.0 1.0 1.0 0.13 0.05 0.0 255.0 19.0 0.07 0.05 0.0 0.0 0.0 0.0 1.0 1.0
0.0 0.0 0.0 0.0 0.0 0.0 0.0 0.0 0.0 0.0 0.0 0.0 0.0 0.0 0.0 107.0 4.0 0.0 0.0 1.0 1.0 0.04 0.07 0.0 255.0 4.0 0.02 0.06 0.0 0.0 0.0 0.0 1.0 1.0
0.0 0.0 0.0 0.0 0.0 0.0 0.0 0.0 0.0 0.0 0.0 0.0 0.0 0.0 0.0 117.0 14.0 0.0 0.0 1.0 1.0 0.12 0.07 0.0 255.0 14.0 0.05 0.06 0.0 0.0 0.0 0.0 1.0 1.0
0.0 0.0 0.0 0.0 0.0 0.0 0.0 0.0 0.0 0.0 0.0 0.0 0.0 0.0 0.0 127.0 5.0 0.0 0.0 1.0 1.0 0.04 0.07 0.0 255.0 5.0 0.02 0.06 0.0 0.0 0.0 0.0 1.0 1.0
0.0 0.0 0.0 0.0 0.0 0.0 0.0 0.0 0.0 0.0 0.0 0.0 0.0 0.0 0.0 137.0 13.0 0.0 0.0 1.0 1.0 0.09 0.07 0.0 255.0 13.0 0.05 0.06 0.0 0.0 0.0 0.0 1.0 1.0
0.0 0.0 0.0 0.0 0.0 0.0 0.0 0.0 0.0 0.0 0.0 0.0 0.0 0.0 0.0 147.0 6.0 0.0 0.0 1.0 1.0 0.04 0.06 0.0 255.0 6.0 0.02 0.06 0.0 0.0 0.0 0.0 1.0 1.0
0.0 0.0 0.0 0.0 0.0 0.0 0.0 0.0 0.0 0.0 0.0 0.0 0.0 0.0 0.0 107.0 13.0 0.0 0.0 1.0 1.0 0.12 0.07 0.0 255.0 13.0 0.05 0.05 0.0 0.0 0.0 0.0 1.0 1.0
0.0 0.0 0.0 0.0 0.0 0.0 0.0 0.0 0.0 0.0 0.0 0.0 0.0 0.0 0.0 117.0 8.0 0.0 0.0 1.0 1.0 0.07 0.06 0.0 255.0 8.0 0.03 0.05 0.0 0.0 0.0 0.0 1.0 1.0
0.0 0.0 0.0 0.0 0.0 0.0 0.0 0.0 0.0 0.0 0.0 0.0 0.0 0.0 0.0 127.0 10.0 0.0 0.0 1.0 1.0 0.08 0.06 0.0 255.0 10.0 0.04 0.06 0.0 0.0 0.0 0.0 1.0 1.0
0.0 0.0 0.0 0.0 0.0 0.0 0.0 0.0 0.0 0.0 0.0 0.0 0.0 0.0 0.0 137.0 9.0 0.0 0.0 1.0 1.0 0.07 0.06 0.0 255.0 9.0 0.04 0.05 0.0 0.0 0.0 0.0 1.0 1.0
0.0 0.0 0.0 0.0 0.0 0.0 0.0 0.0 0.0 0.0 0.0 0.0 0.0 0.0 0.0 147.0 19.0 0.0 0.0 1.0 1.0 0.13 0.05 0.0 255.0 19.0 0.07 0.05 0.0 0.0 0.0 0.0 1.0 1.0
0.0 0.0 0.0 0.0 0.0 0.0 0.0 0.0 0.0 0.0 0.0 0.0 0.0 0.0 0.0 107.0 5.0 0.0 0.0 1.0 1.0 0.05 0.07 0.0 255.0 5.0 0.02 0.06 0.0 0.0 0.0 0.0 1.0 1.0
0.0 0.0 0.0 0.0 0.0 0.0 0.0 0.0 0.0 0.0 0.0 0.0 0.0 0.0 0.0 117.0 15.0 0.0 0.0 1.0 1.0 0.13 0.07 0.0 255.0 15.0 0.06 0.06 0.0 0.0 0.0 0.0 1.0 1.0
0.0 0.0 0.0 0.0 0.0 0.0 0.0 0.0 0.0 0.0 0.0 0.0 0.0 0.0 0.0 127.0 5.0 0.0 0.0 1.0 1.0 0.04 0.07 0.0 255.0 5.0 0.02 0.06 0.0 0.0 0.0 0.0 1.0 1.0
0.0 0.0 0.0 0.0 0.0 0.0 0.0 0.0 0.0 0.0 0.0 0.0 0.0 0.0 0.0 137.0 15.0 0.0 0.0 1.0 1.0 0.11 0.07 0.0 255.0 15.0 0.06 0.06 0.0 0.0 0.0 0.0 1.0 1.0
0.0 0.0 0.0 0.0 0.0 0.0 0.0 0.0 0.0 0.0 0.0 0.0 0.0 0.0 0.0 147.0 7.0 0.0 0.0 1.0 1.0 0.05 0.06 0.0 255.0 7.0 0.03 0.06 0.0 0.0 0.0 0.0 1.0 1.0
0.0 0.0 0.0 0.0 0.0 0.0 0.0 0.0 0.0 0.0 0.0 0.0 0.0 0.0 0.0 107.0 15.0 0.0 0.0 1.0 1.0 0.14 0.07 0.0 255.0 15.0 0.06 0.06 0.0 0.0 0.0 0.0 1.0 1.0
0.0 0.0 0.0 0.0 0.0 0.0 0.0 0.0 0.0 0.0 0.0 0.0 0.0 0.0 0.0 117.0 1.0 0.0 0.0 1.0 1.0 0.01 0.07 0.0 255.0 1.0 0.0 0.06 0.0 0.0 0.0 0.0 1.0 1.0
0.0 0.0 0.0 0.0 0.0 0.0 0.0 0.0 0.0 0.0 0.0 0.0 0.0 0.0 0.0 127.0 10.0 0.0 0.0 1.0 1.0 0.08 0.06 0.0 255.0 10.0 0.04 0.06 0.0 0.0 0.0 0.0 1.0 1.0
0.0 0.0 0.0 0.0 0.0 0.0 0.0 0.0 0.0 0.0 0.0 0.0 0.0 0.0 0.0 137.0 10.0 0.0 0.0 1.0 1.0 0.07 0.06 0.0 255.0 10.0 0.04 0.06 0.0 0.0 0.0 0.0 1.0 1.0
0.0 0.0 0.0 0.0 0.0 0.0 0.0 0.0 0.0 0.0 0.0 0.0 0.0 0.0 0.0 147.0 20.0 0.0 0.0 1.0 1.0 0.14 0.05 0.0 255.0 20.0 0.08 0.06 0.0 0.0 0.0 0.0 1.0 1.0
0.0 0.0 0.0 0.0 0.0 0.0 0.0 0.0 0.0 0.0 0.0 0.0 0.0 0.0 0.0 107.0 5.0 0.0 0.0 1.0 1.0 0.05 0.07 0.0 255.0 5.0 0.02 0.06 0.0 0.0 0.0 0.0 1.0 1.0
0.0 0.0 0.0 0.0 0.0 0.0 0.0 0.0 0.0 0.0 0.0 0.0 0.0 0.0 0.0 117.0 7.0 0.0 0.0 1.0 1.0 0.06 0.08 0.0 255.0 7.0 0.03 0.06 0.0 0.0 0.0 0.0 1.0 1.0
0.0 0.0 0.0 0.0 0.0 0.0 0.0 0.0 0.0 0.0 0.0 0.0 0.0 0.0 0.0 127.0 17.0 0.0 0.0 1.0 1.0 0.13 0.07 0.0 255.0 17.0 0.07 0.06 0.0 0.0 0.0 0.0 1.0 1.0
0.0 0.0 0.0 0.0 0.0 0.0 0.0 0.0 0.0 0.0 0.0 0.0 0.0 0.0 0.0 137.0 8.0 0.0 0.0 1.0 1.0 0.06 0.07 0.0 255.0 8.0 0.03 0.06 0.0 0.0 0.0 0.0 1.0 1.0
0.0 0.0 0.0 0.0 0.0 0.0 0.0 0.0 0.0 0.0 0.0 0.0 0.0 0.0 0.0 147.0 18.0 0.0 0.0 1.0 1.0 0.12 0.06 0.0 255.0 18.0 0.07 0.06 0.0 0.0 0.0 0.0 1.0 1.0
0.0 0.0 0.0 0.0 0.0 0.0 0.0 0.0 0.0 0.0 0.0 0.0 0.0 0.0 0.0 108.0 5.0 0.0 0.0 1.0 1.0 0.05 0.07 0.0 255.0 5.0 0.02 0.06 0.0 0.0 0.0 0.0 1.0 1.0
0.0 0.0 0.0 0.0 0.0 0.0 0.0 0.0 0.0 0.0 0.0 0.0 0.0 0.0 0.0 118.0 15.0 0.0 0.0 1.0 1.0 0.13 0.07 0.0 255.0 15.0 0.06 0.06 0.0 0.0 0.0 0.0 1.0 1.0
0.0 0.0 0.0 0.0 0.0 0.0 0.0 0.0 0.0 0.0 0.0 0.0 0.0 0.0 0.0 128.0 10.0 0.0 0.0 1.0 1.0 0.08 0.06 0.0 255.0 10.0 0.04 0.06 0.0 0.0 0.0 0.0 1.0 1.0
0.0 0.0 0.0 0.0 0.0 0.0 0.0 0.0 0.0 0.0 0.0 0.0 0.0 0.0 0.0 138.0 12.0 0.0 0.0 1.0 1.0 0.09 0.06 0.0 255.0 12.0 0.05 0.06 0.0 0.0 0.0 0.0 1.0 1.0
0.0 0.0 0.0 0.0 0.0 0.0 0.0 0.0 0.0 0.0 0.0 0.0 0.0 0.0 0.0 148.0 18.0 0.0 0.0 1.0 1.0 0.12 0.05 0.0 255.0 18.0 0.07 0.05 0.0 0.0 0.0 0.0 1.0 1.0
0.0 0.0 0.0 0.0 0.0 0.0 0.0 0.0 0.0 0.0 0.0 0.0 0.0 0.0 0.0 108.0 5.0 0.0 0.0 1.0 1.0 0.05 0.07 0.0 255.0 5.0 0.02 0.06 0.0 0.0 0.0 0.0 1.0 1.0
0.0 0.0 0.0 0.0 0.0 0.0 0.0 0.0 0.0 0.0 0.0 0.0 0.0 0.0 0.0 118.0 15.0 0.0 0.0 1.0 1.0 0.13 0.07 0.0 255.0 15.0 0.06 0.06 0.0 0.0 0.0 0.0 1.0 1.0
0.0 0.0 0.0 0.0 0.0 0.0 0.0 0.0 0.0 0.0 0.0 0.0 0.0 0.0 0.0 128.0 4.0 0.0 0.0 1.0 1.0 0.03 0.07 0.0 255.0 4.0 0.02 0.06 0.0 0.0 0.0 0.0 1.0 1.0
0.0 0.0 0.0 0.0 0.0 0.0 0.0 0.0 0.0 0.0 0.0 0.0 0.0 0.0 0.0 138.0 14.0 0.0 0.0 1.0 1.0 0.1 0.07 0.0 255.0 14.0 0.05 0.06 0.0 0.0 0.0 0.0 1.0 1.0
0.0 0.0 0.0 0.0 0.0 0.0 0.0 0.0 0.0 0.0 0.0 0.0 0.0 0.0 0.0 148.0 7.0 0.0 0.0 1.0 1.0 0.05 0.06 0.0 255.0 7.0 0.03 0.06 0.0 0.0 0.0 0.0 1.0 1.0
0.0 0.0 0.0 0.0 0.0 0.0 0.0 0.0 0.0 0.0 0.0 0.0 0.0 0.0 0.0 108.0 14.0 0.0 0.0 1.0 1.0 0.13 0.06 0.0 255.0 14.0 0.05 0.06 0.0 0.0 0.0 0.0 1.0 1.0
0.0 0.0 0.0 0.0 0.0 0.0 0.0 0.0 0.0 0.0 0.0 0.0 0.0 0.0 0.0 118.0 9.0 0.0 0.0 1.0 1.0 0.08 0.06 0.0 255.0 9.0 0.04 0.06 0.0 0.0 0.0 0.0 1.0 1.0
0.0 0.0 0.0 0.0 0.0 0.0 0.0 0.0 0.0 0.0 0.0 0.0 0.0 0.0 0.0 128.0 10.0 0.0 0.0 1.0 1.0 0.08 0.06 0.0 255.0 10.0 0.04 0.06 0.0 0.0 0.0 0.0 1.0 1.0
0.0 0.0 0.0 0.0 0.0 0.0 0.0 0.0 0.0 0.0 0.0 0.0 0.0 0.0 0.0 138.0 11.0 0.0 0.0 1.0 1.0 0.08 0.06 0.0 255.0 11.0 0.04 0.06 0.0 0.0 0.0 0.0 1.0 1.0
0.0 0.0 0.0 0.0 0.0 0.0 0.0 0.0 0.0 0.0 0.0 0.0 0.0 0.0 0.0 148.0 19.0 0.0 0.0 1.0 1.0 0.13 0.05 0.0 255.0 19.0 0.07 0.05 0.0 0.0 0.0 0.0 1.0 1.0
0.0 0.0 0.0 0.0 0.0 0.0 0.0 0.0 0.0 0.0 0.0 0.0 0.0 0.0 0.0 108.0 3.0 0.0 0.0 1.0 1.0 0.03 0.07 0.0 255.0 3.0 0.01 0.06 0.0 0.0 0.0 0.0 1.0 1.0
0.0 0.0 0.0 0.0 0.0 0.0 0.0 0.0 0.0 0.0 0.0 0.0 0.0 0.0 0.0 118.0 13.0 0.0 0.0 1.0 1.0 0.11 0.07 0.0 255.0 13.0 0.05 0.06 0.0 0.0 0.0 0.0 1.0 1.0
0.0 0.0 0.0 0.0 0.0 0.0 0.0 0.0 0.0 0.0 0.0 0.0 0.0 0.0 0.0 128.0 4.0 0.0 0.0 1.0 1.0 0.03 0.07 0.0 255.0 4.0 0.02 0.06 0.0 0.0 0.0 0.0 1.0 1.0
0.0 0.0 0.0 0.0 0.0 0.0 0.0 0.0 0.0 0.0 0.0 0.0 0.0 0.0 0.0 138.0 14.0 0.0 0.0 1.0 1.0 0.1 0.07 0.0 255.0 14.0 0.05 0.06 0.0 0.0 0.0 0.0 1.0 1.0
0.0 0.0 0.0 0.0 0.0 0.0 0.0 0.0 0.0 0.0 0.0 0.0 0.0 0.0 0.0 148.0 20.0 0.0 0.0 1.0 1.0 0.14 0.06 0.0 255.0 20.0 0.08 0.06 0.0 0.0 0.0 0.0 1.0 1.0
0.0 0.0 0.0 0.0 0.0 0.0 0.0 0.0 0.0 0.0 0.0 0.0 0.0 0.0 0.0 108.0 10.0 0.0 0.0 1.0 1.0 0.09 0.07 0.0 255.0 10.0 0.04 0.06 0.0 0.0 0.0 0.0 1.0 1.0
0.0 0.0 0.0 0.0 0.0 0.0 0.0 0.0 0.0 0.0 0.0 0.0 0.0 0.0 0.0 118.0 20.0 0.0 0.0 1.0 1.0 0.17 0.07 0.0 255.0 20.0 0.08 0.06 0.0 0.0 0.0 0.0 1.0 1.0
0.0 0.0 0.0 0.0 0.0 0.0 0.0 0.0 0.0 0.0 0.0 0.0 0.0 0.0 0.0 128.0 11.0 0.0 0.0 1.0 1.0 0.09 0.06 0.0 255.0 11.0 0.04 0.06 0.0 0.0 0.0 0.0 1.0 1.0
0.0 0.0 0.0 0.0 0.0 0.0 0.0 0.0 0.0 0.0 0.0 0.0 0.0 0.0 0.0 138.0 20.0 0.0 0.0 1.0 1.0 0.14 0.06 0.0 255.0 20.0 0.08 0.05 0.0 0.0 0.0 0.0 1.0 1.0
0.0 0.0 0.0 0.0 0.0 0.0 0.0 0.0 0.0 0.0 0.0 0.0 0.0 0.0 0.0 99.0 4.0 0.0 0.0 1.0 1.0 0.04 0.07 0.0 255.0 4.0 0.02 0.06 0.0 0.0 0.0 0.0 1.0 1.0
0.0 0.0 0.0 0.0 0.0 0.0 0.0 0.0 0.0 0.0 0.0 0.0 0.0 0.0 0.0 109.0 14.0 0.0 0.0 1.0 1.0 0.13 0.06 0.0 255.0 14.0 0.05 0.05 0.0 0.0 0.0 0.0 1.0 1.0
0.0 0.0 0.0 0.0 0.0 0.0 0.0 0.0 0.0 0.0 0.0 0.0 0.0 0.0 0.0 119.0 16.0 0.0 0.0 1.0 1.0 0.13 0.06 0.0 255.0 16.0 0.06 0.05 0.0 0.0 0.0 0.0 1.0 1.0
0.0 0.0 0.0 0.0 0.0 0.0 0.0 0.0 0.0 0.0 0.0 0.0 0.0 0.0 0.0 79.0 7.0 0.0 0.0 1.0 1.0 0.09 0.06 0.0 255.0 7.0 0.03 0.06 0.0 0.0 0.0 0.0 1.0 1.0
0.0 0.0 0.0 0.0 0.0 0.0 0.0 0.0 0.0 0.0 0.0 0.0 0.0 0.0 0.0 89.0 17.0 0.0 0.0 1.0 1.0 0.19 0.06 0.0 255.0 17.0 0.07 0.06 0.0 0.0 0.0 0.0 1.0 1.0
0.0 0.0 0.0 0.0 0.0 0.0 0.0 0.0 0.0 0.0 0.0 0.0 0.0 0.0 0.0 99.0 9.0 0.0 0.0 1.0 1.0 0.09 0.06 0.0 255.0 9.0 0.04 0.06 0.0 0.0 0.0 0.0 1.0 1.0
0.0 0.0 0.0 0.0 0.0 0.0 0.0 0.0 0.0 0.0 0.0 0.0 0.0 0.0 0.0 109.0 19.0 0.0 0.0 1.0 1.0 0.17 0.06 0.0 255.0 19.0 0.07 0.05 0.0 0.0 0.0 0.0 1.0 1.0
0.0 0.0 0.0 0.0 0.0 0.0 0.0 0.0 0.0 0.0 0.0 0.0 0.0 0.0 0.0 74.0 3.0 0.0 0.0 1.0 1.0 0.04 0.08 0.0 255.0 3.0 0.01 0.06 0.0 0.0 0.0 0.0 1.0 1.0
0.0 0.0 0.0 0.0 0.0 0.0 0.0 0.0 0.0 0.0 0.0 0.0 0.0 0.0 0.0 84.0 5.0 0.0 0.0 1.0 1.0 0.06 0.08 0.0 255.0 5.0 0.02 0.06 0.0 0.0 0.0 0.0 1.0 1.0
0.0 0.0 0.0 0.0 0.0 0.0 0.0 0.0 0.0 0.0 0.0 0.0 0.0 0.0 0.0 94.0 15.0 0.0 0.0 1.0 1.0 0.16 0.07 0.0 255.0 15.0 0.06 0.06 0.0 0.0 0.0 0.0 1.0 1.0
0.0 0.0 0.0 0.0 0.0 0.0 0.0 0.0 0.0 0.0 0.0 0.0 0.0 0.0 0.0 104.0 9.0 0.0 0.0 1.0 1.0 0.09 0.07 0.0 255.0 9.0 0.04 0.06 0.0 0.0 0.0 0.0 1.0 1.0
0.0 0.0 0.0 0.0 0.0 0.0 0.0 0.0 0.0 0.0 0.0 0.0 0.0 0.0 0.0 114.0 18.0 0.0 0.0 1.0 1.0 0.16 0.06 0.0 255.0 18.0 0.07 0.05 0.0 0.0 0.0 0.0 1.0 1.0
0.0 0.0 0.0 0.0 0.0 0.0 0.0 0.0 0.0 0.0 0.0 0.0 0.0 0.0 0.0 97.0 5.0 0.0 0.0 1.0 1.0 0.05 0.08 0.0 255.0 5.0 0.02 0.06 0.0 0.0 0.0 0.0 1.0 1.0
0.0 0.0 0.0 0.0 0.0 0.0 0.0 0.0 0.0 0.0 0.0 0.0 0.0 0.0 0.0 107.0 15.0 0.0 0.0 1.0 1.0 0.14 0.07 0.0 255.0 15.0 0.06 0.06 0.0 0.0 0.0 0.0 1.0 1.0
0.0 0.0 0.0 0.0 0.0 0.0 0.0 0.0 0.0 0.0 0.0 0.0 0.0 0.0 0.0 117.0 10.0 0.0 0.0 1.0 1.0 0.09 0.07 0.0 255.0 10.0 0.04 0.06 0.0 0.0 0.0 0.0 1.0 1.0
0.0 0.0 0.0 0.0 0.0 0.0 0.0 0.0 0.0 0.0 0.0 0.0 0.0 0.0 0.0 127.0 15.0 0.0 0.0 1.0 1.0 0.12 0.06 0.0 255.0 15.0 0.06 0.06 0.0 0.0 0.0 0.0 1.0 1.0
0.0 0.0 0.0 0.0 0.0 0.0 0.0 0.0 0.0 0.0 0.0 0.0 0.0 0.0 0.0 137.0 18.0 0.0 0.0 1.0 1.0 0.13 0.06 0.0 255.0 18.0 0.07 0.05 0.0 0.0 0.0 0.0 1.0 1.0
0.0 0.0 0.0 0.0 0.0 0.0 0.0 0.0 0.0 0.0 0.0 0.0 0.0 0.0 0.0 107.0 20.0 0.0 0.0 1.0 1.0 0.19 0.07 0.0 255.0 20.0 0.08 0.06 0.0 0.0 0.0 0.0 1.0 1.0
0.0 0.0 0.0 0.0 0.0 0.0 0.0 0.0 0.0 0.0 0.0 0.0 0.0 0.0 0.0 117.0 10.0 0.0 0.0 1.0 1.0 0.09 0.08 0.0 255.0 10.0 0.04 0.07 0.0 0.0 0.0 0.0 1.0 1.0
0.0 0.0 0.0 0.0 0.0 0.0 0.0 0.0 0.0 0.0 0.0 0.0 0.0 0.0 0.0 127.0 20.0 0.0 0.0 1.0 1.0 0.16 0.07 0.0 255.0 20.0 0.08 0.07 0.0 0.0 0.0 0.0 1.0 1.0
0.0 0.0 0.0 0.0 0.0 0.0 0.0 0.0 0.0 0.0 0.0 0.0 0.0 0.0 0.0 137.0 8.0 0.0 0.0 1.0 1.0 0.06 0.07 0.0 255.0 8.0 0.03 0.07 0.0 0.0 0.0 0.0 1.0 1.0
0.0 0.0 0.0 0.0 0.0 0.0 0.0 0.0 0.0 0.0 0.0 0.0 0.0 0.0 0.0 147.0 18.0 0.0 0.0 1.0 1.0 0.12 0.06 0.0 255.0 18.0 0.07 0.05 0.0 0.0 0.0 0.0 1.0 1.0
0.0 0.0 0.0 0.0 0.0 0.0 0.0 0.0 0.0 0.0 0.0 0.0 0.0 0.0 0.0 108.0 5.0 0.0 0.0 1.0 1.0 0.05 0.07 0.0 255.0 5.0 0.02 0.06 0.0 0.0 0.0 0.0 1.0 1.0
0.0 0.0 0.0 0.0 0.0 0.0 0.0 0.0 0.0 0.0 0.0 0.0 0.0 0.0 0.0 118.0 15.0 0.0 0.0 1.0 1.0 0.13 0.07 0.0 255.0 15.0 0.06 0.06 0.0 0.0 0.0 0.0 1.0 1.0
0.0 0.0 0.0 0.0 0.0 0.0 0.0 0.0 0.0 0.0 0.0 0.0 0.0 0.0 0.0 128.0 10.0 0.0 0.0 1.0 1.0 0.08 0.06 0.0 255.0 10.0 0.04 0.06 0.0 0.0 0.0 0.0 1.0 1.0
0.0 0.0 0.0 0.0 0.0 0.0 0.0 0.0 0.0 0.0 0.0 0.0 0.0 0.0 0.0 138.0 9.0 0.0 0.0 1.0 1.0 0.07 0.06 0.0 255.0 9.0 0.04 0.05 0.0 0.0 0.0 0.0 1.0 1.0
0.0 0.0 0.0 0.0 0.0 0.0 0.0 0.0 0.0 0.0 0.0 0.0 0.0 0.0 0.0 148.0 19.0 0.0 0.0 1.0 1.0 0.13 0.05 0.0 255.0 19.0 0.07 0.05 0.0 0.0 0.0 0.0 1.0 1.0
0.0 0.0 0.0 0.0 0.0 0.0 0.0 0.0 0.0 0.0 0.0 0.0 0.0 0.0 0.0 108.0 1.0 0.0 0.0 1.0 1.0 0.01 0.08 0.0 255.0 1.0 0.0 0.07 0.0 0.0 0.0 0.0 1.0 1.0
0.0 0.0 0.0 0.0 0.0 0.0 0.0 0.0 0.0 0.0 0.0 0.0 0.0 0.0 0.0 118.0 11.0 0.0 0.0 1.0 1.0 0.09 0.08 0.0 255.0 11.0 0.04 0.06 0.0 0.0 0.0 0.0 1.0 1.0
0.0 0.0 0.0 0.0 0.0 0.0 0.0 0.0 0.0 0.0 0.0 0.0 0.0 0.0 0.0 128.0 20.0 0.0 0.0 1.0 1.0 0.16 0.07 0.0 255.0 20.0 0.08 0.06 0.0 0.0 0.0 0.0 1.0 1.0
0.0 0.0 0.0 0.0 0.0 0.0 0.0 0.0 0.0 0.0 0.0 0.0 0.0 0.0 0.0 138.0 8.0 0.0 0.0 1.0 1.0 0.06 0.07 0.0 255.0 8.0 0.03 0.06 0.0 0.0 0.0 0.0 1.0 1.0
0.0 0.0 0.0 0.0 0.0 0.0 0.0 0.0 0.0 0.0 0.0 0.0 0.0 0.0 0.0 148.0 18.0 0.0 0.0 1.0 1.0 0.12 0.06 0.0 255.0 18.0 0.07 0.06 0.0 0.0 0.0 0.0 1.0 1.0
0.0 0.0 0.0 0.0 0.0 0.0 0.0 0.0 0.0 0.0 0.0 0.0 0.0 0.0 0.0 108.0 6.0 0.0 0.0 1.0 1.0 0.06 0.07 0.0 255.0 6.0 0.02 0.06 0.0 0.0 0.0 0.0 1.0 1.0
0.0 0.0 0.0 0.0 0.0 0.0 0.0 0.0 0.0 0.0 0.0 0.0 0.0 0.0 0.0 118.0 16.0 0.0 0.0 1.0 1.0 0.14 0.07 0.0 255.0 16.0 0.06 0.06 0.0 0.0 0.0 0.0 1.0 1.0
0.0 0.0 0.0 0.0 0.0 0.0 0.0 0.0 0.0 0.0 0.0 0.0 0.0 0.0 0.0 128.0 11.0 0.0 0.0 1.0 1.0 0.09 0.06 0.0 255.0 11.0 0.04 0.06 0.0 0.0 0.0 0.0 1.0 1.0
0.0 0.0 0.0 0.0 0.0 0.0 0.0 0.0 0.0 0.0 0.0 0.0 0.0 0.0 0.0 138.0 10.0 0.0 0.0 1.0 1.0 0.07 0.06 0.0 255.0 10.0 0.04 0.06 0.0 0.0 0.0 0.0 1.0 1.0
0.0 0.0 0.0 0.0 0.0 0.0 0.0 0.0 0.0 0.0 0.0 0.0 0.0 0.0 0.0 148.0 20.0 0.0 0.0 1.0 1.0 0.14 0.05 0.0 255.0 20.0 0.08 0.05 0.0 0.0 0.0 0.0 1.0 1.0
0.0 0.0 0.0 0.0 0.0 0.0 0.0 0.0 0.0 0.0 0.0 0.0 0.0 0.0 0.0 108.0 3.0 0.0 0.0 1.0 1.0 0.03 0.08 0.0 255.0 3.0 0.01 0.06 0.0 0.0 0.0 0.0 1.0 1.0
0.0 0.0 0.0 0.0 0.0 0.0 0.0 0.0 0.0 0.0 0.0 0.0 0.0 0.0 0.0 118.0 13.0 0.0 0.0 1.0 1.0 0.11 0.08 0.0 255.0 13.0 0.05 0.06 0.0 0.0 0.0 0.0 1.0 1.0
0.0 0.0 0.0 0.0 0.0 0.0 0.0 0.0 0.0 0.0 0.0 0.0 0.0 0.0 0.0 128.0 4.0 0.0 0.0 1.0 1.0 0.03 0.07 0.0 255.0 4.0 0.02 0.06 0.0 0.0 0.0 0.0 1.0 1.0
0.0 0.0 0.0 0.0 0.0 0.0 0.0 0.0 0.0 0.0 0.0 0.0 0.0 0.0 0.0 138.0 11.0 0.0 0.0 1.0 1.0 0.08 0.07 0.0 255.0 11.0 0.04 0.06 0.0 0.0 0.0 0.0 1.0 1.0
0.0 0.0 0.0 0.0 0.0 0.0 0.0 0.0 0.0 0.0 0.0 0.0 0.0 0.0 0.0 148.0 7.0 0.0 0.0 1.0 1.0 0.05 0.06 0.0 255.0 7.0 0.03 0.06 0.0 0.0 0.0 0.0 1.0 1.0
0.0 0.0 0.0 0.0 0.0 0.0 0.0 0.0 0.0 0.0 0.0 0.0 0.0 0.0 0.0 108.0 8.0 0.0 0.0 1.0 1.0 0.07 0.07 0.0 255.0 8.0 0.03 0.06 0.0 0.0 0.0 0.0 1.0 1.0
0.0 0.0 0.0 0.0 0.0 0.0 0.0 0.0 0.0 0.0 0.0 0.0 0.0 0.0 0.0 118.0 2.0 0.0 0.0 1.0 1.0 0.02 0.07 0.0 255.0 2.0 0.01 0.06 0.0 0.0 0.0 0.0 1.0 1.0
0.0 0.0 0.0 0.0 0.0 0.0 0.0 0.0 0.0 0.0 0.0 0.0 0.0 0.0 0.0 128.0 12.0 0.0 0.0 1.0 1.0 0.09 0.06 0.0 255.0 12.0 0.05 0.06 0.0 0.0 0.0 0.0 1.0 1.0
0.0 0.0 0.0 0.0 0.0 0.0 0.0 0.0 0.0 0.0 0.0 0.0 0.0 0.0 0.0 138.0 16.0 0.0 0.0 1.0 1.0 0.12 0.06 0.0 255.0 16.0 0.06 0.05 0.0 0.0 0.0 0.0 1.0 1.0
0.0 0.0 0.0 0.0 0.0 0.0 0.0 0.0 0.0 0.0 0.0 0.0 0.0 0.0 0.0 148.0 19.0 0.0 0.0 1.0 1.0 0.13 0.05 0.0 255.0 19.0 0.07 0.05 0.0 0.0 0.0 0.0 1.0 1.0
0.0 0.0 0.0 0.0 0.0 0.0 0.0 0.0 0.0 0.0 0.0 0.0 0.0 0.0 0.0 109.0 3.0 0.0 0.0 1.0 1.0 0.03 0.07 0.0 255.0 3.0 0.01 0.06 0.0 0.0 0.0 0.0 1.0 1.0
0.0 0.0 0.0 0.0 0.0 0.0 0.0 0.0 0.0 0.0 0.0 0.0 0.0 0.0 0.0 119.0 13.0 0.0 0.0 1.0 1.0 0.11 0.07 0.0 255.0 13.0 0.05 0.06 0.0 0.0 0.0 0.0 1.0 1.0
0.0 0.0 0.0 0.0 0.0 0.0 0.0 0.0 0.0 0.0 0.0 0.0 0.0 0.0 0.0 129.0 3.0 0.0 0.0 1.0 1.0 0.02 0.07 0.0 255.0 3.0 0.01 0.06 0.0 0.0 0.0 0.0 1.0 1.0
0.0 0.0 0.0 0.0 0.0 0.0 0.0 0.0 0.0 0.0 0.0 0.0 0.0 0.0 0.0 139.0 13.0 0.0 0.0 1.0 1.0 0.09 0.06 0.0 255.0 13.0 0.05 0.06 0.0 0.0 0.0 0.0 1.0 1.0
0.0 0.0 0.0 0.0 0.0 0.0 0.0 0.0 0.0 0.0 0.0 0.0 0.0 0.0 0.0 149.0 6.0 0.0 0.0 1.0 1.0 0.04 0.06 0.0 255.0 6.0 0.02 0.06 0.0 0.0 0.0 0.0 1.0 1.0
0.0 0.0 0.0 0.0 0.0 0.0 0.0 0.0 0.0 0.0 0.0 0.0 0.0 0.0 0.0 109.0 13.0 0.0 0.0 1.0 1.0 0.12 0.06 0.0 255.0 13.0 0.05 0.06 0.0 0.0 0.0 0.0 1.0 1.0
0.0 0.0 0.0 0.0 0.0 0.0 0.0 0.0 0.0 0.0 0.0 0.0 0.0 0.0 0.0 119.0 9.0 0.0 0.0 1.0 1.0 0.08 0.06 0.0 255.0 9.0 0.04 0.05 0.0 0.0 0.0 0.0 1.0 1.0
0.0 0.0 0.0 0.0 0.0 0.0 0.0 0.0 0.0 0.0 0.0 0.0 0.0 0.0 0.0 129.0 10.0 0.0 0.0 1.0 1.0 0.08 0.06 0.0 255.0 10.0 0.04 0.06 0.0 0.0 0.0 0.0 1.0 1.0
0.0 0.0 0.0 0.0 0.0 0.0 0.0 0.0 0.0 0.0 0.0 0.0 0.0 0.0 0.0 139.0 12.0 0.0 0.0 1.0 1.0 0.09 0.06 0.0 255.0 12.0 0.05 0.05 0.0 0.0 0.0 0.0 1.0 1.0
0.0 0.0 0.0 0.0 0.0 0.0 0.0 0.0 0.0 0.0 0.0 0.0 0.0 0.0 0.0 149.0 20.0 0.0 0.0 1.0 1.0 0.13 0.05 0.0 255.0 20.0 0.08 0.05 0.0 0.0 0.0 0.0 1.0 1.0
