9.0 1199.0 331.0 0.0 0.0 0.0 0.0 0.0 0.0 0.0 0.0 0.0 0.0 0.0 0.0 1.0 1.0 0.0 0.0 0.0 0.0 1.0 0.0 0.0 157.0 150.0 0.64 0.03 0.01 0.01 0.0 0.0 0.0 0.0
0.0 641.0 0.0 0.0 0.0 0.0 0.0 0.0 0.0 0.0 0.0 0.0 0.0 0.0 0.0 2.0 2.0 0.0 0.0 0.0 0.0 1.0 0.0 0.0 167.0 80.0 0.29 0.03 0.29 0.03 0.0 0.0 0.0 0.0
0.0 1214.0 0.0 0.0 0.0 0.0 0.0 0.0 0.0 0.0 0.0 0.0 0.0 0.0 0.0 3.0 3.0 0.0 0.0 0.0 0.0 1.0 0.0 0.0 177.0 74.0 0.3 0.03 0.3 0.03 0.0 0.0 0.0 0.0
1.0 969.0 367.0 0.0 0.0 0.0 0.0 0.0 0.0 0.0 0.0 0.0 0.0 0.0 0.0 1.0 1.0 0.0 0.0 0.0 0.0 1.0 0.0 0.0 187.0 164.0 0.63 0.03 0.01 0.01 0.0 0.0 0.0 0.0
0.0 14052.0 0.0 0.0 0.0 0.0 0.0 0.0 0.0 0.0 0.0 0.0 0.0 0.0 0.0 16.0 16.0 0.0 0.0 0.0 0.0 1.0 0.0 0.0 197.0 77.0 0.34 0.03 0.34 0.03 0.0 0.0 0.0 0.0
1.0 754.0 337.0 0.0 0.0 0.0 0.0 0.0 0.0 0.0 0.0 0.0 0.0 0.0 0.0 1.0 1.0 0.0 0.0 0.0 0.0 1.0 0.0 0.0 207.0 165.0 0.62 0.02 0.0 0.01 0.0 0.0 0.0 0.0
3.0 976.0 331.0 0.0 0.0 0.0 0.0 0.0 0.0 0.0 0.0 0.0 0.0 0.0 0.0 1.0 1.0 0.0 0.0 0.0 0.0 1.0 0.0 0.0 217.0 168.0 0.63 0.02 0.0 0.01 0.0 0.0 0.0 0.0
1.0 2077.0 332.0 0.0 0.0 0.0 0.0 0.0 0.0 0.0 0.0 0.0 0.0 0.0 0.0 1.0 1.0 0.0 0.0 0.0 0.0 1.0 0.0 0.0 227.0 171.0 0.65 0.02 0.0 0.01 0.0 0.0 0.0 0.0
1.0 2568.0 371.0 0.0 0.0 0.0 0.0 0.0 0.0 0.0 0.0 0.0 0.0 0.0 0.0 1.0 3.0 0.0 0.0 0.0 0.0 1.0 0.0 1.0 237.0 174.0 0.66 0.02 0.0 0.01 0.0 0.0 0.0 0.0
1.0 1133.0 334.0 0.0 0.0 0.0 0.0 0.0 0.0 0.0 0.0 0.0 0.0 0.0 0.0 1.0 1.0 0.0 0.0 0.0 0.0 1.0 0.0 0.0 247.0 174.0 0.67 0.02 0.0 0.01 0.0 0.0 0.0 0.0
1.0 1032.0 333.0 0.0 0.0 0.0 0.0 0.0 0.0 0.0 0.0 0.0 0.0 0.0 0.0 1.0 1.0 0.0 0.0 0.0 0.0 1.0 0.0 0.0 255.0 175.0 0.69 0.02 0.0 0.0 0.0 0.0 0.0 0.0
0.0 1241.0 328.0 0.0 0.0 0.0 0.0 0.0 0.0 0.0 0.0 0.0 0.0 0.0 0.0 1.0 1.0 0.0 0.0 0.0 0.0 1.0 0.0 0.0 10.0 174.0 0.9 0.2 0.1 0.01 0.0 0.0 0.0 0.0
0.0 840.0 333.0 0.0 0.0 0.0 0.0 0.0 0.0 0.0 0.0 0.0 0.0 0.0 0.0 1.0 1.0 0.0 0.0 0.0 0.0 1.0 0.0 0.0 20.0 172.0 0.85 0.15 0.05 0.01 0.0 0.0 0.0 0.0
1.0 1164.0 334.0 0.0 0.0 0.0 0.0 0.0 0.0 0.0 0.0 0.0 0.0 0.0 0.0 1.0 2.0 0.0 0.0 0.0 0.0 1.0 0.0 1.0 30.0 173.0 0.9 0.1 0.03 0.01 0.0 0.0 0.0 0.0
0.0 653.0 331.0 0.0 0.0 0.0 0.0 0.0 0.0 0.0 0.0 0.0 0.0 0.0 0.0 1.0 1.0 0.0 0.0 0.0 0.0 1.0 0.0 0.0 40.0 171.0 0.88 0.08 0.03 0.01 0.0 0.0 0.0 0.0
0.0 38.0 130.0 0.0 0.0 0.0 0.0 0.0 0.0 0.0 0.0 0.0 0.0 0.0 0.0 1.0 1.0 0.0 0.0 0.0 0.0 1.0 0.0 0.0 50.0 7.0 0.08 0.06 0.02 0.29 0.0 0.0 0.0 0.0
0.0 8.0 138.0 0.0 0.0 0.0 0.0 0.0 0.0 0.0 0.0 0.0 0.0 0.0 0.0 1.0 2.0 0.0 0.0 0.0 0.0 1.0 0.0 1.0 60.0 5.0 0.07 0.07 0.02 0.4 0.0 0.0 0.0 0.0
0.0 970.0 333.0 0.0 0.0 0.0 0.0 0.0 0.0 0.0 0.0 0.0 0.0 0.0 0.0 1.0 1.0 0.0 0.0 0.0 0.0 1.0 0.0 0.0 70.0 176.0 0.86 0.06 0.01 0.01 0.01 0.01 0.0 0.0
0.0 373.0 0.0 0.0 0.0 0.0 0.0 0.0 0.0 0.0 0.0 0.0 0.0 0.0 0.0 2.0 2.0 0.0 0.0 0.0 0.0 1.0 0.0 0.0 80.0 64.0 0.1 0.06 0.1 0.03 0.01 0.0 0.0 0.0
0.0 965.0 0.0 0.0 0.0 0.0 0.0 0.0 0.0 0.0 0.0 0.0 0.0 0.0 0.0 12.0 12.0 0.0 0.0 0.0 0.0 1.0 0.0 0.0 90.0 73.0 0.2 0.06 0.2 0.03 0.01 0.0 0.0 0.0
0.0 3775.0 0.0 0.0 0.0 0.0 0.0 0.0 0.0 0.0 0.0 0.0 0.0 0.0 0.0 22.0 22.0 0.0 0.0 0.0 0.0 1.0 0.0 0.0 100.0 77.0 0.28 0.05 0.28 0.03 0.01 0.0 0.0 0.0
2.0 1053.0 333.0 0.0 0.0 0.0 0.0 0.0 0.0 0.0 0.0 0.0 0.0 0.0 0.0 1.0 3.0 0.0 0.0 0.0 0.0 1.0 0.0 1.0 110.0 168.0 0.63 0.05 0.01 0.01 0.01 0.01 0.0 0.0
0.0 1627.0 334.0 0.0 0.0 0.0 0.0 0.0 0.0 0.0 0.0 0.0 0.0 0.0 0.0 1.0 2.0 0.0 0.0 0.0 0.0 1.0 0.0 1.0 120.0 175.0 0.64 0.04 0.01 0.01 0.01 0.01 0.0 0.0
0.0 652.0 337.0 0.0 0.0 0.0 0.0 0.0 0.0 0.0 0.0 0.0 0.0 0.0 0.0 1.0 4.0 0.0 0.0 0.0 0.0 1.0 0.0 0.75 130.0 175.0 0.67 0.04 0.01 0.01 0.01 0.01 0.0 0.0
0.0 66.0 3524.0 0.0 0.0 0.0 0.0 0.0 0.0 0.0 0.0 0.0 0.0 0.0 0.0 1.0 1.0 0.0 0.0 0.0 0.0 1.0 0.0 0.0 140.0 7.0 0.04 0.04 0.01 0.29 0.01 0.0 0.0 0.0
2.0 1915.0 332.0 0.0 0.0 0.0 0.0 0.0 0.0 0.0 0.0 0.0 0.0 0.0 0.0 1.0 1.0 0.0 0.0 0.0 0.0 1.0 0.0 0.0 150.0 183.0 0.7 0.03 0.01 0.01 0.01 0.01 0.0 0.0
1.0 826.0 335.0 0.0 0.0 0.0 0.0 0.0 0.0 0.0 0.0 0.0 0.0 0.0 0.0 1.0 1.0 0.0 0.0 0.0 0.0 1.0 0.0 0.0 160.0 186.0 0.72 0.03 0.01 0.01 0.01 0.01 0.0 0.0
0.0 1033.0 335.0 0.0 0.0 0.0 0.0 0.0 0.0 0.0 0.0 0.0 0.0 0.0 0.0 1.0 1.0 0.0 0.0 0.0 0.0 1.0 0.0 0.0 170.0 187.0 0.72 0.03 0.01 0.01 0.01 0.01 0.0 0.0
0.0 748.0 332.0 0.0 0.0 0.0 0.0 0.0 0.0 0.0 0.0 0.0 0.0 0.0 0.0 1.0 2.0 0.0 0.0 0.0 0.0 1.0 0.0 1.0 180.0 193.0 0.73 0.03 0.01 0.01 0.01 0.01 0.0 0.0
0.0 2656.0 332.0 0.0 0.0 0.0 0.0 0.0 0.0 0.0 0.0 0.0 0.0 0.0 0.0 1.0 1.0 0.0 0.0 0.0 0.0 1.0 0.0 0.0 190.0 197.0 0.74 0.03 0.01 0.01 0.02 0.01 0.0 0.0
0.0 1630.0 334.0 0.0 0.0 0.0 0.0 0.0 0.0 0.0 0.0 0.0 0.0 0.0 0.0 1.0 2.0 0.0 0.0 0.0 0.0 1.0 0.0 1.0 200.0 203.0 0.75 0.03 0.0 0.01 0.01 0.01 0.0 0.0
2.0 1196.0 334.0 0.0 0.0 0.0 0.0 0.0 0.0 0.0 0.0 0.0 0.0 0.0 0.0 1.0 4.0 0.0 0.0 0.0 0.0 1.0 0.0 1.0 210.0 204.0 0.76 0.02 0.0 0.01 0.01 0.01 0.0 0.0
0.0 1032.0 334.0 0.0 0.0 0.0 0.0 0.0 0.0 0.0 0.0 0.0 0.0 0.0 0.0 1.0 2.0 0.0 0.0 0.0 0.0 1.0 0.0 1.0 220.0 202.0 0.76 0.02 0.0 0.01 0.01 0.01 0.0 0.0
1.0 1233.0 330.0 0.0 0.0 0.0 0.0 0.0 0.0 0.0 0.0 0.0 0.0 0.0 0.0 1.0 3.0 0.0 0.0 0.0 0.0 1.0 0.0 1.0 3.0 201.0 0.67 0.67 0.33 0.01 0.0 0.01 0.0 0.0
0.0 1056.0 329.0 0.0 0.0 0.0 0.0 0.0 0.0 0.0 0.0 0.0 0.0 0.0 0.0 1.0 1.0 0.0 0.0 0.0 0.0 1.0 0.0 0.0 13.0 201.0 0.85 0.23 0.08 0.01 0.0 0.01 0.0 0.0
0.0 13239.0 0.0 0.0 0.0 0.0 0.0 0.0 0.0 0.0 0.0 0.0 0.0 0.0 0.0 3.0 3.0 0.0 0.0 0.0 0.0 1.0 0.0 0.0 23.0 39.0 0.39 0.17 0.39 0.05 0.0 0.0 0.0 0.0
0.0 3909.0 0.0 0.0 0.0 0.0 0.0 0.0 0.0 0.0 0.0 0.0 0.0 0.0 0.0 13.0 13.0 0.0 0.0 0.0 0.0 1.0 0.0 0.0 33.0 49.0 0.58 0.12 0.58 0.04 0.0 0.0 0.0 0.0
0.0 654.0 331.0 0.0 0.0 0.0 0.0 0.0 0.0 0.0 0.0 0.0 0.0 0.0 0.0 1.0 2.0 0.0 0.0 0.0 0.0 1.0 0.0 1.0 43.0 184.0 0.49 0.12 0.02 0.01 0.0 0.01 0.0 0.0
1.0 2417.0 328.0 0.0 0.0 0.0 0.0 0.0 0.0 0.0 0.0 0.0 0.0 0.0 0.0 1.0 2.0 0.0 0.0 0.0 0.0 1.0 0.0 1.0 53.0 182.0 0.55 0.09 0.02 0.01 0.04 0.02 0.0 0.0
2.0 2150.0 362.0 0.0 0.0 0.0 0.0 0.0 0.0 0.0 0.0 0.0 0.0 0.0 0.0 1.0 1.0 0.0 0.0 0.0 0.0 1.0 0.0 0.0 63.0 182.0 0.6 0.08 0.02 0.01 0.05 0.02 0.0 0.0
0.0 1670.0 331.0 0.0 0.0 0.0 0.0 0.0 0.0 0.0 0.0 0.0 0.0 0.0 0.0 1.0 1.0 0.0 0.0 0.0 0.0 1.0 0.0 0.0 73.0 184.0 0.66 0.07 0.01 0.01 0.04 0.02 0.0 0.0
2.0 593.0 329.0 0.0 0.0 0.0 0.0 0.0 0.0 0.0 0.0 0.0 0.0 0.0 0.0 1.0 1.0 0.0 0.0 0.0 0.0 1.0 0.0 0.0 83.0 184.0 0.67 0.06 0.01 0.01 0.04 0.02 0.0 0.0
0.0 768.0 328.0 0.0 0.0 0.0 0.0 0.0 0.0 0.0 0.0 0.0 0.0 0.0 0.0 1.0 1.0 0.0 0.0 0.0 0.0 1.0 0.0 0.0 93.0 186.0 0.71 0.05 0.01 0.01 0.03 0.02 0.0 0.0
2.0 1683.0 330.0 0.0 0.0 0.0 0.0 0.0 0.0 0.0 0.0 0.0 0.0 0.0 0.0 1.0 3.0 0.0 0.0 0.0 0.0 1.0 0.0 1.0 103.0 190.0 0.74 0.05 0.01 0.01 0.03 0.02 0.0 0.0
0.0 567.0 0.0 0.0 0.0 0.0 0.0 0.0 0.0 0.0 0.0 0.0 0.0 0.0 0.0 1.0 1.0 0.0 0.0 0.0 0.0 1.0 0.0 0.0 113.0 37.0 0.18 0.04 0.18 0.05 0.03 0.0 0.0 0.0
7.0 932.0 330.0 0.0 0.0 0.0 0.0 0.0 0.0 0.0 0.0 0.0 0.0 0.0 0.0 1.0 1.0 0.0 0.0 0.0 0.0 1.0 0.0 0.0 123.0 204.0 0.73 0.04 0.01 0.01 0.02 0.01 0.0 0.0
0.0 641.0 0.0 0.0 0.0 0.0 0.0 0.0 0.0 0.0 0.0 0.0 0.0 0.0 0.0 1.0 1.0 0.0 0.0 0.0 0.0 1.0 0.0 0.0 133.0 30.0 0.23 0.04 0.23 0.0 0.02 0.0 0.0 0.0
0.0 11376.0 0.0 0.0 0.0 0.0 0.0 0.0 0.0 0.0 0.0 0.0 0.0 0.0 0.0 9.0 9.0 0.0 0.0 0.0 0.0 1.0 0.0 0.0 143.0 40.0 0.28 0.03 0.28 0.0 0.02 0.0 0.0 0.0
1.0 2141.0 333.0 0.0 0.0 0.0 0.0 0.0 0.0 0.0 0.0 0.0 0.0 0.0 0.0 1.0 2.0 0.0 0.0 0.0 0.0 1.0 0.0 1.0 153.0 189.0 0.63 0.03 0.01 0.01 0.02 0.02 0.0 0.0
0.0 1239.0 332.0 0.0 0.0 0.0 0.0 0.0 0.0 0.0 0.0 0.0 0.0 0.0 0.0 1.0 1.0 0.0 0.0 0.0 0.0 1.0 0.0 0.0 163.0 189.0 0.65 0.03 0.01 0.01 0.02 0.02 0.0 0.0
2.0 746.0 328.0 0.0 0.0 0.0 0.0 0.0 0.0 0.0 0.0 0.0 0.0 0.0 0.0 1.0 1.0 0.0 0.0 0.0 0.0 1.0 0.0 0.0 173.0 187.0 0.65 0.03 0.01 0.01 0.02 0.02 0.0 0.0
0.0 1736.0 364.0 0.0 0.0 0.0 0.0 0.0 0.0 0.0 0.0 0.0 0.0 0.0 0.0 2.0 1.0 0.0 0.0 0.0 0.0 0.5 1.0 0.0 183.0 186.0 0.66 0.03 0.01 0.01 0.02 0.02 0.0 0.0
0.0 383.0 0.0 0.0 0.0 0.0 0.0 0.0 0.0 0.0 0.0 0.0 0.0 0.0 0.0 2.0 2.0 0.0 0.0 0.0 0.0 1.0 0.0 0.0 193.0 52.0 0.27 0.03 0.27 0.0 0.02 0.0 0.0 0.0
0.0 1556.0 328.0 0.0 0.0 0.0 0.0 0.0 0.0 0.0 0.0 0.0 0.0 0.0 0.0 1.0 1.0 0.0 0.0 0.0 0.0 1.0 0.0 0.0 203.0 182.0 0.66 0.02 0.0 0.01 0.01 0.02 0.0 0.0
1.0 1570.0 326.0 0.0 0.0 0.0 0.0 0.0 0.0 0.0 0.0 0.0 0.0 0.0 0.0 1.0 3.0 0.0 0.0 0.0 0.0 1.0 0.0 1.0 213.0 181.0 0.67 0.02 0.0 0.01 0.01 0.01 0.0 0.0
0.0 879.0 0.0 0.0 0.0 0.0 0.0 0.0 0.0 0.0 0.0 0.0 0.0 0.0 0.0 1.0 1.0 0.0 0.0 0.0 0.0 1.0 0.0 0.0 223.0 62.0 0.28 0.03 0.28 0.0 0.01 0.0 0.0 0.0
0.0 1556.0 0.0 0.0 0.0 0.0 0.0 0.0 0.0 0.0 0.0 0.0 0.0 0.0 0.0 11.0 11.0 0.0 0.0 0.0 0.0 1.0 0.0 0.0 233.0 72.0 0.31 0.03 0.31 0.0 0.01 0.0 0.0 0.0
0.0 35195.0 0.0 0.0 0.0 0.0 0.0 0.0 0.0 0.0 0.0 0.0 0.0 0.0 0.0 21.0 21.0 0.0 0.0 0.0 0.0 1.0 0.0 0.0 243.0 82.0 0.34 0.02 0.34 0.0 0.01 0.0 0.0 0.0
1.0 705.0 329.0 0.0 0.0 0.0 0.0 0.0 0.0 0.0 0.0 0.0 0.0 0.0 0.0 1.0 2.0 0.0 0.0 0.0 0.0 1.0 0.0 1.0 253.0 154.0 0.6 0.02 0.0 0.01 0.01 0.01 0.0 0.0
0.0 1189.0 332.0 0.0 0.0 0.0 0.0 0.0 0.0 0.0 0.0 0.0 0.0 0.0 0.0 1.0 2.0 0.0 0.0 0.0 0.0 1.0 0.0 1.0 6.0 154.0 0.83 0.33 0.17 0.01 0.0 0.01 0.0 0.0
0.0 3690.0 0.0 0.0 0.0 0.0 0.0 0.0 0.0 0.0 0.0 0.0 0.0 0.0 0.0 3.0 3.0 0.0 0.0 0.0 0.0 1.0 0.0 0.0 16.0 90.0 0.56 0.19 0.56 0.02 0.0 0.0 0.0 0.0
0.0 965.0 0.0 0.0 0.0 0.0 0.0 0.0 0.0 0.0 0.0 0.0 0.0 0.0 0.0 13.0 13.0 0.0 0.0 0.0 0.0 1.0 0.0 0.0 26.0 90.0 0.73 0.12 0.73 0.02 0.0 0.0 0.0 0.0
0.0 59.0 0.0 0.0 0.0 0.0 0.0 0.0 0.0 0.0 0.0 0.0 0.0 0.0 0.0 23.0 23.0 0.0 0.0 0.0 0.0 1.0 0.0 0.0 36.0 95.0 0.81 0.08 0.81 0.02 0.0 0.0 0.0 0.0
0.0 7077.0 0.0 0.0 0.0 0.0 0.0 0.0 0.0 0.0 0.0 0.0 0.0 0.0 0.0 1.0 1.0 0.0 0.0 0.0 0.0 1.0 0.0 0.0 46.0 103.0 0.8 0.07 0.8 0.02 0.0 0.0 0.0 0.0
0.0 1030.0 0.0 0.0 0.0 0.0 0.0 0.0 0.0 0.0 0.0 0.0 0.0 0.0 0.0 11.0 11.0 0.0 0.0 0.0 0.0 1.0 0.0 0.0 56.0 113.0 0.84 0.05 0.84 0.02 0.0 0.0 0.0 0.0
0.0 10073.0 0.0 0.0 0.0 0.0 0.0 0.0 0.0 0.0 0.0 0.0 0.0 0.0 0.0 1.0 1.0 0.0 0.0 0.0 0.0 1.0 0.0 0.0 66.0 122.0 0.85 0.05 0.85 0.02 0.0 0.0 0.0 0.0
0.0 3690.0 0.0 0.0 0.0 0.0 0.0 0.0 0.0 0.0 0.0 0.0 0.0 0.0 0.0 11.0 11.0 0.0 0.0 0.0 0.0 1.0 0.0 0.0 76.0 132.0 0.87 0.04 0.87 0.02 0.0 0.0 0.0 0.0
0.0 6601.0 0.0 0.0 0.0 0.0 0.0 0.0 0.0 0.0 0.0 0.0 0.0 0.0 0.0 21.0 21.0 0.0 0.0 0.0 0.0 1.0 0.0 0.0 86.0 142.0 0.88 0.03 0.88 0.01 0.0 0.0 0.0 0.0
0.0 1428.0 332.0 0.0 0.0 0.0 0.0 0.0 0.0 0.0 0.0 0.0 0.0 0.0 0.0 1.0 1.0 0.0 0.0 0.0 0.0 1.0 0.0 0.0 96.0 98.0 0.15 0.04 0.01 0.02 0.0 0.0 0.0 0.0
1.0 949.0 412.0 0.0 0.0 0.0 0.0 0.0 0.0 0.0 0.0 0.0 0.0 0.0 0.0 1.0 4.0 0.0 0.0 0.0 0.0 1.0 0.0 1.0 106.0 96.0 0.21 0.04 0.01 0.02 0.0 0.0 0.0 0.0
0.0 2995.0 337.0 0.0 0.0 0.0 0.0 0.0 0.0 0.0 0.0 0.0 0.0 0.0 0.0 1.0 1.0 0.0 0.0 0.0 0.0 1.0 0.0 0.0 116.0 102.0 0.28 0.03 0.01 0.02 0.0 0.0 0.0 0.0
7.0 1759.0 332.0 0.0 0.0 0.0 0.0 0.0 0.0 0.0 0.0 0.0 0.0 0.0 0.0 1.0 2.0 0.0 0.0 0.0 0.0 1.0 0.0 1.0 126.0 101.0 0.33 0.04 0.01 0.02 0.0 0.0 0.0 0.0
1.0 2417.0 331.0 0.0 0.0 0.0 0.0 0.0 0.0 0.0 0.0 0.0 0.0 0.0 0.0 1.0 1.0 0.0 0.0 0.0 0.0 1.0 0.0 0.0 136.0 105.0 0.33 0.04 0.01 0.02 0.0 0.0 0.0 0.0
0.0 1101.0 334.0 0.0 0.0 0.0 0.0 0.0 0.0 0.0 0.0 0.0 0.0 0.0 0.0 1.0 1.0 0.0 0.0 0.0 0.0 1.0 0.0 0.0 146.0 112.0 0.36 0.03 0.01 0.02 0.0 0.0 0.0 0.0
0.0 792.0 335.0 0.0 0.0 0.0 0.0 0.0 0.0 0.0 0.0 0.0 0.0 0.0 0.0 1.0 2.0 0.0 0.0 0.0 0.0 1.0 0.0 1.0 156.0 116.0 0.4 0.03 0.01 0.02 0.0 0.0 0.0 0.0
3.0 965.0 334.0 0.0 0.0 0.0 0.0 0.0 0.0 0.0 0.0 0.0 0.0 0.0 0.0 1.0 2.0 0.0 0.0 0.0 0.0 1.0 0.0 1.0 166.0 116.0 0.43 0.03 0.01 0.02 0.0 0.0 0.0 0.0
4.0 2276.0 332.0 0.0 0.0 0.0 0.0 0.0 0.0 0.0 0.0 0.0 0.0 0.0 0.0 1.0 3.0 0.0 0.0 0.0 0.0 1.0 0.0 1.0 176.0 118.0 0.45 0.03 0.01 0.02 0.0 0.0 0.0 0.0
4.0 3290.0 335.0 0.0 0.0 0.0 0.0 0.0 0.0 0.0 0.0 0.0 0.0 0.0 0.0 1.0 2.0 0.0 0.0 0.0 0.0 1.0 0.0 1.0 186.0 118.0 0.48 0.03 0.01 0.02 0.0 0.0 0.0 0.0
0.0 882.0 336.0 0.0 0.0 0.0 0.0 0.0 0.0 0.0 0.0 0.0 0.0 0.0 0.0 1.0 1.0 0.0 0.0 0.0 0.0 1.0 0.0 0.0 196.0 124.0 0.5 0.03 0.01 0.02 0.0 0.0 0.0 0.0
0.0 554.0 333.0 0.0 0.0 0.0 0.0 0.0 0.0 0.0 0.0 0.0 0.0 0.0 0.0 1.0 1.0 0.0 0.0 0.0 0.0 1.0 0.0 0.0 206.0 124.0 0.52 0.02 0.0 0.02 0.0 0.0 0.0 0.0
0.0 1250.0 340.0 0.0 0.0 0.0 0.0 0.0 0.0 0.0 0.0 0.0 0.0 0.0 0.0 1.0 1.0 0.0 0.0 0.0 0.0 1.0 0.0 0.0 216.0 124.0 0.53 0.02 0.0 0.02 0.0 0.0 0.0 0.0
3.0 956.0 336.0 0.0 0.0 0.0 0.0 0.0 0.0 0.0 0.0 0.0 0.0 0.0 0.0 1.0 1.0 0.0 0.0 0.0 0.0 1.0 0.0 0.0 226.0 132.0 0.54 0.02 0.0 0.02 0.0 0.0 0.0 0.0
0.0 1181.0 334.0 0.0 0.0 0.0 0.0 0.0 0.0 0.0 0.0 0.0 0.0 0.0 0.0 1.0 1.0 0.0 0.0 0.0 0.0 1.0 0.0 0.0 236.0 142.0 0.56 0.02 0.0 0.01 0.0 0.0 0.0 0.0
1.0 867.0 335.0 0.0 0.0 0.0 0.0 0.0 0.0 0.0 0.0 0.0 0.0 0.0 0.0 1.0 1.0 0.0 0.0 0.0 0.0 1.0 0.0 0.0 246.0 147.0 0.57 0.02 0.0 0.01 0.0 0.0 0.0 0.0
0.0 383.0 0.0 0.0 0.0 0.0 0.0 0.0 0.0 0.0 0.0 0.0 0.0 0.0 0.0 2.0 2.0 0.0 0.0 0.0 0.0 1.0 0.0 0.0 255.0 88.0 0.35 0.02 0.35 0.0 0.0 0.0 0.0 0.0
0.0 1091.0 337.0 0.0 0.0 0.0 0.0 0.0 0.0 0.0 0.0 0.0 0.0 0.0 0.0 1.0 3.0 0.0 0.0 0.0 0.0 1.0 0.0 1.0 255.0 148.0 0.58 0.02 0.0 0.0 0.0 0.0 0.0 0.0
0.0 850.0 338.0 0.0 0.0 0.0 0.0 0.0 0.0 0.0 0.0 0.0 0.0 0.0 0.0 1.0 1.0 0.0 0.0 0.0 0.0 1.0 0.0 0.0 255.0 156.0 0.61 0.02 0.0 0.0 0.0 0.0 0.0 0.0
0.0 1658.0 331.0 0.0 0.0 0.0 0.0 0.0 0.0 0.0 0.0 0.0 0.0 0.0 0.0 1.0 1.0 0.0 0.0 0.0 0.0 1.0 0.0 0.0 4.0 160.0 0.75 0.5 0.25 0.01 0.0 0.0 0.0 0.0
0.0 781.0 331.0 0.0 0.0 0.0 0.0 0.0 0.0 0.0 0.0 0.0 0.0 0.0 0.0 1.0 2.0 0.0 0.0 0.0 0.0 1.0 0.0 1.0 14.0 167.0 0.79 0.29 0.07 0.01 0.0 0.0 0.0 0.0
0.0 567.0 0.0 0.0 0.0 0.0 0.0 0.0 0.0 0.0 0.0 0.0 0.0 0.0 0.0 1.0 1.0 0.0 0.0 0.0 0.0 1.0 0.0 0.0 24.0 54.0 0.04 0.21 0.04 0.04 0.0 0.0 0.0 0.0
2.0 873.0 327.0 0.0 0.0 0.0 0.0 0.0 0.0 0.0 0.0 0.0 0.0 0.0 0.0 1.0 2.0 0.0 0.0 0.0 0.0 1.0 0.0 1.0 34.0 179.0 0.71 0.15 0.03 0.01 0.0 0.0 0.0 0.0
4.0 1722.0 328.0 0.0 0.0 0.0 0.0 0.0 0.0 0.0 0.0 0.0 0.0 0.0 0.0 1.0 1.0 0.0 0.0 0.0 0.0 1.0 0.0 0.0 44.0 188.0 0.75 0.11 0.02 0.01 0.0 0.0 0.0 0.0
0.0 190.0 0.0 0.0 0.0 0.0 0.0 0.0 0.0 0.0 0.0 0.0 0.0 0.0 0.0 2.0 2.0 0.0 0.0 0.0 0.0 1.0 0.0 0.0 54.0 38.0 0.26 0.09 0.26 0.05 0.0 0.0 0.0 0.0
1.0 767.0 331.0 0.0 0.0 0.0 0.0 0.0 0.0 0.0 0.0 0.0 0.0 0.0 0.0 1.0 2.0 0.0 0.0 0.0 0.0 1.0 0.0 1.0 64.0 195.0 0.64 0.08 0.02 0.01 0.0 0.0 0.0 0.0
0.0 610.0 328.0 0.0 0.0 0.0 0.0 0.0 0.0 0.0 0.0 0.0 0.0 1.0 0.0 1.0 1.0 0.0 0.0 0.0 0.0 1.0 0.0 0.0 74.0 195.0 0.68 0.07 0.01 0.01 0.0 0.0 0.0 0.0
2.0 1049.0 328.0 0.0 0.0 0.0 0.0 0.0 0.0 0.0 0.0 0.0 0.0 0.0 0.0 1.0 2.0 0.0 0.0 0.0 0.0 1.0 0.0 1.0 84.0 195.0 0.7 0.06 0.01 0.01 0.0 0.0 0.0 0.0
3.0 2067.0 327.0 0.0 0.0 0.0 0.0 0.0 0.0 0.0 0.0 0.0 0.0 0.0 0.0 1.0 2.0 0.0 0.0 0.0 0.0 1.0 0.0 1.0 94.0 193.0 0.71 0.05 0.01 0.01 0.0 0.0 0.0 0.0
0.0 10.0 227.0 0.0 0.0 0.0 0.0 0.0 0.0 0.0 0.0 0.0 0.0 0.0 0.0 1.0 1.0 0.0 0.0 0.0 0.0 1.0 0.0 0.0 104.0 16.0 0.06 0.05 0.01 0.12 0.0 0.0 0.0 0.0
0.0 2075.0 367.0 0.0 0.0 0.0 0.0 0.0 0.0 0.0 0.0 0.0 0.0 0.0 0.0 1.0 2.0 0.0 0.0 0.0 0.0 1.0 0.0 1.0 114.0 198.0 0.72 0.04 0.01 0.01 0.0 0.0 0.0 0.0
0.0 0.0 0.0 0.0 0.0 0.0 0.0 0.0 0.0 0.0 0.0 0.0 0.0 0.0 0.0 2.0 2.0 0.5 0.5 0.0 0.0 1.0 0.0 0.0 124.0 17.0 0.06 0.04 0.02 0.12 0.01 0.06 0.0 0.0
3.0 1390.0 401.0 0.0 0.0 0.0 0.0 0.0 0.0 0.0 0.0 0.0 0.0 0.0 0.0 1.0 3.0 0.0 0.0 0.0 0.0 1.0 0.0 1.0 134.0 194.0 0.73 0.04 0.01 0.01 0.01 0.0 0.0 0.0
0.0 883.0 327.0 0.0 0.0 0.0 0.0 0.0 0.0 0.0 0.0 0.0 0.0 0.0 0.0 1.0 1.0 0.0 0.0 0.0 0.0 1.0 0.0 0.0 144.0 194.0 0.74 0.03 0.01 0.01 0.01 0.0 0.0 0.0
6.0 1372.0 327.0 0.0 0.0 0.0 0.0 0.0 0.0 0.0 0.0 0.0 0.0 0.0 0.0 1.0 1.0 0.0 0.0 0.0 0.0 1.0 0.0 0.0 154.0 195.0 0.76 0.03 0.01 0.01 0.01 0.0 0.0 0.0
0.0 1111.0 331.0 0.0 0.0 0.0 0.0 0.0 0.0 0.0 0.0 0.0 0.0 0.0 0.0 1.0 1.0 0.0 0.0 0.0 0.0 1.0 0.0 0.0 164.0 192.0 0.75 0.03 0.01 0.01 0.01 0.0 0.0 0.0
0.0 1895.0 329.0 0.0 0.0 0.0 0.0 0.0 0.0 0.0 0.0 0.0 0.0 0.0 0.0 1.0 2.0 0.0 0.0 0.0 0.0 1.0 0.0 1.0 174.0 192.0 0.76 0.03 0.01 0.01 0.01 0.0 0.0 0.0
1.0 946.0 329.0 0.0 0.0 0.0 0.0 0.0 0.0 0.0 0.0 0.0 0.0 0.0 0.0 1.0 1.0 0.0 0.0 0.0 0.0 1.0 0.0 0.0 184.0 193.0 0.76 0.03 0.01 0.01 0.01 0.0 0.0 0.0
0.0 1020.0 330.0 0.0 0.0 0.0 0.0 0.0 0.0 0.0 0.0 0.0 0.0 0.0 0.0 1.0 1.0 0.0 0.0 0.0 0.0 1.0 0.0 0.0 194.0 192.0 0.76 0.03 0.01 0.01 0.01 0.0 0.0 0.0
1.0 2879.0 328.0 0.0 0.0 0.0 0.0 0.0 0.0 0.0 0.0 0.0 0.0 0.0 0.0 1.0 2.0 0.0 0.0 0.0 0.0 1.0 0.0 1.0 204.0 192.0 0.76 0.02 0.0 0.01 0.0 0.0 0.0 0.0
0.0 637.0 0.0 0.0 0.0 0.0 0.0 0.0 0.0 0.0 0.0 0.0 0.0 0.0 0.0 1.0 1.0 0.0 0.0 0.0 0.0 1.0 0.0 0.0 214.0 34.0 0.11 0.02 0.11 0.06 0.0 0.0 0.0 0.0
0.0 11376.0 0.0 0.0 0.0 0.0 0.0 0.0 0.0 0.0 0.0 0.0 0.0 0.0 0.0 11.0 11.0 0.0 0.0 0.0 0.0 1.0 0.0 0.0 224.0 44.0 0.15 0.02 0.15 0.05 0.0 0.0 0.0 0.0
0.0 2799.0 327.0 0.0 0.0 0.0 0.0 0.0 0.0 0.0 0.0 0.0 0.0 0.0 0.0 1.0 1.0 0.0 0.0 0.0 0.0 1.0 0.0 0.0 234.0 177.0 0.69 0.02 0.0 0.01 0.0 0.0 0.0 0.0
0.0 7940.0 0.0 0.0 0.0 0.0 0.0 0.0 0.0 0.0 0.0 0.0 0.0 0.0 0.0 1.0 1.0 0.0 0.0 0.0 0.0 1.0 0.0 0.0 8.0 52.0 0.88 0.25 0.88 0.06 0.0 0.0 0.0 0.0
0.0 151.0 0.0 0.0 0.0 0.0 0.0 0.0 0.0 0.0 0.0 0.0 0.0 0.0 0.0 11.0 11.0 0.0 0.0 0.0 0.0 1.0 0.0 0.0 18.0 59.0 0.94 0.11 0.94 0.05 0.0 0.0 0.0 0.0
0.0 245.0 0.0 0.0 0.0 0.0 0.0 0.0 0.0 0.0 0.0 0.0 0.0 0.0 0.0 2.0 4.0 0.0 0.0 0.0 0.5 1.0 0.0 0.5 28.0 61.0 0.71 0.11 0.71 0.03 0.0 0.0 0.0 0.0
0.0 15377.0 0.0 0.0 0.0 0.0 0.0 0.0 0.0 0.0 0.0 0.0 0.0 0.0 0.0 5.0 5.0 0.0 0.0 0.0 0.0 1.0 0.0 0.0 38.0 70.0 0.76 0.08 0.76 0.03 0.0 0.0 0.0 0.0
0.0 6601.0 0.0 0.0 0.0 0.0 0.0 0.0 0.0 0.0 0.0 0.0 0.0 0.0 0.0 15.0 15.0 0.0 0.0 0.0 0.0 1.0 0.0 0.0 48.0 74.0 0.81 0.06 0.81 0.03 0.0 0.0 0.0 0.0
0.0 10.0 37.0 0.0 0.0 0.0 0.0 0.0 0.0 0.0 0.0 0.0 0.0 0.0 0.0 1.0 1.0 0.0 0.0 0.0 0.0 1.0 0.0 0.0 58.0 11.0 0.02 0.07 0.02 0.18 0.0 0.0 0.0 0.0
0.0 567.0 0.0 0.0 0.0 0.0 0.0 0.0 0.0 0.0 0.0 0.0 0.0 0.0 0.0 1.0 1.0 0.0 0.0 0.0 0.0 1.0 0.0 0.0 68.0 81.0 0.72 0.07 0.72 0.02 0.0 0.0 0.0 0.0
0.0 1830.0 0.0 0.0 0.0 0.0 0.0 0.0 0.0 0.0 0.0 0.0 0.0 0.0 0.0 4.0 4.0 0.0 0.0 0.0 0.0 1.0 0.0 0.0 78.0 82.0 0.74 0.06 0.74 0.02 0.0 0.0 0.0 0.0
0.0 1821.0 336.0 0.0 0.0 0.0 0.0 0.0 0.0 0.0 0.0 0.0 0.0 0.0 0.0 1.0 1.0 0.0 0.0 0.0 0.0 1.0 0.0 0.0 88.0 135.0 0.19 0.06 0.01 0.01 0.0 0.0 0.0 0.0
0.0 567.0 0.0 0.0 0.0 0.0 0.0 0.0 0.0 0.0 0.0 0.0 0.0 0.0 0.0 1.0 1.0 0.0 0.0 0.0 0.0 1.0 0.0 0.0 98.0 91.0 0.68 0.05 0.68 0.02 0.0 0.0 0.0 0.0
0.0 1556.0 0.0 0.0 0.0 0.0 0.0 0.0 0.0 0.0 0.0 0.0 0.0 0.0 0.0 5.0 5.0 0.0 0.0 0.0 0.0 1.0 0.0 0.0 108.0 101.0 0.71 0.05 0.71 0.02 0.0 0.0 0.0 0.0
0.0 3468.0 0.0 0.0 0.0 0.0 0.0 0.0 0.0 0.0 0.0 0.0 0.0 0.0 0.0 15.0 15.0 0.0 0.0 0.0 0.0 1.0 0.0 0.0 118.0 111.0 0.74 0.04 0.74 0.02 0.0 0.0 0.0 0.0
2.0 872.0 329.0 0.0 0.0 0.0 0.0 0.0 0.0 0.0 0.0 0.0 0.0 0.0 0.0 1.0 1.0 0.0 0.0 0.0 0.0 1.0 0.0 0.0 128.0 113.0 0.2 0.04 0.01 0.02 0.0 0.0 0.0 0.0
0.0 923.0 332.0 0.0 0.0 0.0 0.0 0.0 0.0 0.0 0.0 1.0 0.0 0.0 0.0 1.0 1.0 0.0 0.0 0.0 0.0 1.0 0.0 0.0 138.0 111.0 0.25 0.04 0.01 0.02 0.0 0.0 0.0 0.0
0.0 963.0 336.0 0.0 0.0 0.0 0.0 0.0 0.0 0.0 0.0 0.0 0.0 0.0 0.0 1.0 1.0 0.0 0.0 0.0 0.0 1.0 0.0 0.0 148.0 114.0 0.29 0.03 0.01 0.02 0.0 0.0 0.0 0.0
0.0 12983.0 0.0 0.0 0.0 0.0 0.0 0.0 0.0 0.0 0.0 0.0 0.0 0.0 0.0 2.0 2.0 0.0 0.0 0.0 0.0 1.0 0.0 0.0 158.0 123.0 0.63 0.03 0.63 0.02 0.0 0.0 0.0 0.0
0.0 9.0 141.0 0.0 0.0 0.0 0.0 0.0 0.0 0.0 0.0 0.0 0.0 0.0 0.0 1.0 1.0 0.0 0.0 0.0 0.0 1.0 0.0 0.0 168.0 9.0 0.02 0.03 0.01 0.22 0.0 0.0 0.0 0.0
2.0 1925.0 332.0 0.0 0.0 0.0 0.0 0.0 0.0 0.0 0.0 0.0 0.0 0.0 0.0 1.0 2.0 0.0 0.0 0.0 0.0 1.0 0.0 1.0 178.0 104.0 0.33 0.03 0.01 0.02 0.0 0.0 0.0 0.0
0.0 1059.0 330.0 0.0 0.0 0.0 0.0 0.0 0.0 0.0 0.0 0.0 0.0 0.0 0.0 1.0 1.0 0.0 0.0 0.0 0.0 1.0 0.0 0.0 188.0 102.0 0.35 0.03 0.01 0.02 0.0 0.0 0.0 0.0
1.0 613.0 333.0 0.0 0.0 0.0 0.0 0.0 0.0 0.0 0.0 0.0 0.0 0.0 0.0 1.0 2.0 0.0 0.0 0.0 0.0 1.0 0.0 1.0 198.0 103.0 0.37 0.03 0.01 0.02 0.0 0.0 0.0 0.0
28.0 276.0 903.0 0.0 0.0 5.0 0.0 0.0 0.0 0.0 0.0 0.0 0.0 0.0 0.0 1.0 1.0 0.0 0.0 0.0 0.0 1.0 0.0 0.0 208.0 20.0 0.1 0.03 0.0 0.0 0.0 0.0 0.0 0.0
8.0 1305.0 334.0 0.0 0.0 0.0 0.0 0.0 0.0 0.0 0.0 0.0 0.0 0.0 0.0 1.0 1.0 0.0 0.0 0.0 0.0 1.0 0.0 0.0 218.0 97.0 0.39 0.03 0.0 0.02 0.0 0.0 0.0 0.0
1.0 570.0 334.0 0.0 0.0 0.0 0.0 0.0 0.0 0.0 0.0 0.0 0.0 0.0 0.0 1.0 1.0 0.0 0.0 0.0 0.0 1.0 0.0 0.0 228.0 98.0 0.41 0.03 0.0 0.02 0.0 0.0 0.0 0.0
0.0 1043.0 333.0 0.0 0.0 0.0 0.0 0.0 0.0 0.0 0.0 0.0 0.0 0.0 0.0 1.0 1.0 0.0 0.0 0.0 0.0 1.0 0.0 0.0 238.0 105.0 0.42 0.03 0.0 0.02 0.0 0.0 0.0 0.0
0.0 1004.0 334.0 0.0 0.0 0.0 0.0 0.0 0.0 0.0 0.0 0.0 0.0 0.0 0.0 1.0 2.0 0.0 0.0 0.0 0.0 1.0 0.0 1.0 248.0 112.0 0.43 0.02 0.0 0.02 0.0 0.0 0.0 0.0
3.0 1619.0 333.0 0.0 0.0 0.0 0.0 0.0 0.0 0.0 0.0 0.0 0.0 0.0 0.0 1.0 2.0 0.0 0.0 0.0 0.0 1.0 0.0 1.0 255.0 116.0 0.45 0.02 0.0 0.0 0.0 0.0 0.0 0.0
20.0 222.0 763.0 0.0 0.0 4.0 0.0 0.0 0.0 0.0 0.0 0.0 0.0 0.0 0.0 1.0 1.0 0.0 0.0 0.0 0.0 1.0 0.0 0.0 255.0 31.0 0.12 0.02 0.0 0.0 0.0 0.0 0.0 0.0
2.0 1060.0 363.0 0.0 0.0 0.0 0.0 0.0 0.0 0.0 0.0 0.0 0.0 0.0 0.0 1.0 2.0 0.0 0.0 0.0 0.0 1.0 0.0 1.0 255.0 128.0 0.5 0.02 0.0 0.0 0.0 0.0 0.0 0.0
2.0 867.0 334.0 0.0 0.0 0.0 0.0 0.0 0.0 0.0 0.0 0.0 0.0 0.0 0.0 1.0 1.0 0.0 0.0 0.0 0.0 1.0 0.0 0.0 255.0 128.0 0.5 0.03 0.0 0.0 0.0 0.0 0.0 0.0
0.0 641.0 0.0 0.0 0.0 0.0 0.0 0.0 0.0 0.0 0.0 0.0 0.0 0.0 0.0 2.0 2.0 0.0 0.0 0.0 0.0 1.0 0.0 0.0 255.0 72.0 0.28 0.03 0.28 0.0 0.0 0.0 0.0 0.0
0.0 8.0 270.0 0.0 0.0 0.0 0.0 0.0 0.0 0.0 0.0 0.0 0.0 0.0 0.0 1.0 1.0 0.0 0.0 0.0 0.0 1.0 0.0 0.0 255.0 7.0 0.03 0.03 0.0 0.0 0.0 0.0 0.0 0.0
0.0 641.0 0.0 0.0 0.0 0.0 0.0 0.0 0.0 0.0 0.0 0.0 0.0 0.0 0.0 2.0 3.0 0.0 0.0 0.0 0.0 1.0 0.0 0.67 255.0 72.0 0.28 0.03 0.28 0.0 0.0 0.0 0.0 0.0
0.0 13239.0 0.0 0.0 0.0 0.0 0.0 0.0 0.0 0.0 0.0 0.0 0.0 0.0 0.0 3.0 4.0 0.0 0.0 0.0 0.0 1.0 0.0 0.5 255.0 71.0 0.28 0.03 0.27 0.0 0.0 0.0 0.0 0.0
0.0 4763.0 0.0 0.0 0.0 0.0 0.0 0.0 0.0 0.0 0.0 0.0 0.0 0.0 0.0 11.0 12.0 0.0 0.0 0.0 0.0 1.0 0.0 0.17 255.0 69.0 0.27 0.03 0.27 0.0 0.0 0.0 0.0 0.0
0.0 1082.0 334.0 0.0 0.0 0.0 0.0 0.0 0.0 0.0 0.0 0.0 0.0 0.0 0.0 1.0 1.0 0.0 0.0 0.0 0.0 1.0 0.0 0.0 255.0 130.0 0.51 0.03 0.0 0.0 0.0 0.0 0.0 0.0
5.0 1404.0 329.0 0.0 0.0 0.0 0.0 0.0 0.0 0.0 0.0 0.0 0.0 0.0 0.0 1.0 2.0 0.0 0.0 0.0 0.0 1.0 0.0 1.0 255.0 136.0 0.53 0.03 0.0 0.0 0.0 0.0 0.0 0.0
7.0 1507.0 330.0 0.0 0.0 0.0 0.0 0.0 0.0 0.0 0.0 0.0 0.0 0.0 0.0 1.0 1.0 0.0 0.0 0.0 0.0 1.0 0.0 0.0 255.0 144.0 0.56 0.03 0.0 0.0 0.0 0.0 0.0 0.0
0.0 334.0 1525.0 0.0 0.0 0.0 0.0 0.0 0.0 0.0 0.0 0.0 0.0 0.0 0.0 10.0 10.0 0.0 0.0 0.0 0.0 1.0 0.0 0.0 10.0 10.0 1.0 0.0 0.1 0.0 0.0 0.0 0.0 0.0
0.0 346.0 20319.0 0.0 0.0 0.0 0.0 0.0 0.0 0.0 0.0 0.0 0.0 0.0 0.0 6.0 6.0 0.0 0.0 0.0 0.0 1.0 0.0 0.0 20.0 20.0 1.0 0.0 0.05 0.0 0.0 0.0 0.0 0.0
0.0 198.0 844.0 0.0 0.0 0.0 0.0 0.0 0.0 0.0 0.0 0.0 0.0 0.0 0.0 1.0 2.0 0.0 0.0 0.0 0.0 1.0 0.0 1.0 2.0 30.0 1.0 0.0 0.5 0.07 0.0 0.0 0.0 0.0
0.0 232.0 928.0 0.0 0.0 0.0 0.0 0.0 0.0 0.0 0.0 0.0 0.0 0.0 0.0 10.0 10.0 0.0 0.0 0.0 0.0 1.0 0.0 0.0 10.0 40.0 1.0 0.0 0.1 0.08 0.0 0.0 0.0 0.0
0.0 231.0 1930.0 0.0 0.0 0.0 0.0 0.0 0.0 0.0 0.0 0.0 0.0 0.0 0.0 20.0 20.0 0.0 0.0 0.0 0.0 1.0 0.0 0.0 20.0 50.0 1.0 0.0 0.05 0.06 0.0 0.0 0.0 0.0
0.0 232.0 928.0 0.0 0.0 0.0 0.0 0.0 0.0 0.0 0.0 0.0 0.0 0.0 0.0 10.0 10.0 0.0 0.0 0.0 0.0 1.0 0.0 0.0 30.0 60.0 1.0 0.0 0.03 0.05 0.0 0.0 0.0 0.0
0.0 232.0 674.0 0.0 0.0 0.0 0.0 0.0 0.0 0.0 0.0 0.0 0.0 0.0 0.0 20.0 20.0 0.0 0.0 0.0 0.0 1.0 0.0 0.0 40.0 70.0 1.0 0.0 0.03 0.04 0.0 0.0 0.0 0.0
0.0 337.0 1556.0 0.0 0.0 0.0 0.0 0.0 0.0 0.0 0.0 0.0 0.0 0.0 0.0 10.0 10.0 0.0 0.0 0.0 0.0 1.0 0.0 0.0 50.0 80.0 1.0 0.0 0.02 0.04 0.0 0.0 0.0 0.0
0.0 332.0 1930.0 0.0 0.0 0.0 0.0 0.0 0.0 0.0 0.0 0.0 0.0 0.0 0.0 20.0 20.0 0.0 0.0 0.0 0.0 1.0 0.0 0.0 60.0 90.0 1.0 0.0 0.02 0.03 0.0 0.0 0.0 0.0
0.0 237.0 19182.0 0.0 0.0 0.0 0.0 0.0 0.0 0.0 0.0 0.0 0.0 0.0 0.0 1.0 1.0 0.0 0.0 0.0 0.0 1.0 0.0 0.0 4.0 100.0 1.0 0.0 0.25 0.06 0.0 0.0 0.0 0.04
0.0 148.0 19182.0 0.0 0.0 0.0 0.0 0.0 0.0 0.0 0.0 0.0 0.0 0.0 0.0 1.0 1.0 0.0 0.0 0.0 0.0 1.0 0.0 0.0 14.0 110.0 1.0 0.0 0.07 0.05 0.0 0.0 0.0 0.04
0.0 228.0 1272.0 0.0 0.0 0.0 0.0 0.0 0.0 0.0 0.0 0.0 0.0 0.0 0.0 1.0 1.0 0.0 0.0 0.0 0.0 1.0 0.0 0.0 4.0 120.0 1.0 0.0 0.25 0.06 0.0 0.0 0.0 0.03
0.0 228.0 1272.0 0.0 0.0 0.0 0.0 0.0 0.0 0.0 0.0 0.0 0.0 0.0 0.0 3.0 4.0 0.0 0.0 0.0 0.0 1.0 0.0 0.5 14.0 130.0 1.0 0.0 0.07 0.05 0.0 0.0 0.0 0.03
0.0 0.0 0.0 0.0 0.0 0.0 0.0 0.0 0.0 0.0 0.0 0.0 0.0 0.0 0.0 1.0 1.0 0.0 0.0 1.0 1.0 1.0 0.0 0.0 1.0 140.0 1.0 0.0 1.0 0.06 0.0 0.0 1.0 0.04
0.0 0.0 0.0 0.0 0.0 0.0 0.0 0.0 0.0 0.0 0.0 0.0 0.0 0.0 0.0 1.0 1.0 0.0 0.0 1.0 1.0 1.0 0.0 0.0 11.0 150.0 1.0 0.0 0.09 0.06 0.0 0.0 0.45 0.07
0.0 341.0 15298.0 0.0 0.0 0.0 0.0 0.0 0.0 0.0 0.0 0.0 0.0 0.0 0.0 1.0 1.0 0.0 0.0 0.0 0.0 1.0 0.0 0.0 21.0 160.0 1.0 0.0 0.05 0.06 0.0 0.0 0.24 0.06
0.0 364.0 1239.0 0.0 0.0 0.0 0.0 0.0 0.0 0.0 0.0 0.0 0.0 0.0 0.0 11.0 11.0 0.0 0.0 0.0 0.0 1.0 0.0 0.0 31.0 170.0 1.0 0.0 0.03 0.05 0.0 0.0 0.16 0.06
0.0 362.0 1297.0 0.0 0.0 0.0 0.0 0.0 0.0 0.0 0.0 0.0 0.0 0.0 0.0 21.0 21.0 0.0 0.0 0.0 0.0 1.0 0.0 0.0 41.0 180.0 1.0 0.0 0.02 0.05 0.0 0.0 0.12 0.06
0.0 326.0 282.0 0.0 0.0 0.0 0.0 0.0 0.0 0.0 0.0 0.0 0.0 0.0 0.0 5.0 5.0 0.0 0.0 0.0 0.0 1.0 0.0 0.0 51.0 190.0 1.0 0.0 0.02 0.05 0.0 0.0 0.1 0.05
0.0 232.0 1191.0 0.0 0.0 0.0 0.0 0.0 0.0 0.0 0.0 0.0 0.0 0.0 0.0 1.0 1.0 0.0 0.0 0.0 0.0 1.0 0.0 0.0 61.0 200.0 1.0 0.0 0.02 0.05 0.0 0.0 0.08 0.05
0.0 0.0 0.0 0.0 0.0 0.0 0.0 0.0 0.0 0.0 0.0 0.0 0.0 0.0 0.0 1.0 1.0 0.0 0.0 1.0 1.0 1.0 0.0 0.0 71.0 210.0 1.0 0.0 0.01 0.04 0.0 0.0 0.1 0.06
0.0 312.0 424.0 0.0 0.0 0.0 0.0 0.0 0.0 0.0 0.0 0.0 0.0 0.0 0.0 10.0 10.0 0.0 0.0 0.0 0.0 1.0 0.0 0.0 10.0 220.0 1.0 0.0 0.1 0.05 0.0 0.0 0.0 0.05
0.0 312.0 424.0 0.0 0.0 0.0 0.0 0.0 0.0 0.0 0.0 0.0 0.0 0.0 0.0 10.0 10.0 0.0 0.0 0.0 0.0 1.0 0.0 0.0 20.0 230.0 1.0 0.0 0.05 0.04 0.0 0.0 0.0 0.05
0.0 249.0 757.0 0.0 0.0 0.0 0.0 0.0 0.0 0.0 0.0 0.0 0.0 0.0 0.0 1.0 23.0 0.0 0.0 0.0 0.0 1.0 0.0 0.26 3.0 240.0 1.0 0.0 0.33 0.05 0.0 0.0 0.0 0.05
0.0 166.0 212.0 0.0 0.0 0.0 0.0 0.0 0.0 0.0 0.0 0.0 0.0 0.0 0.0 1.0 7.0 0.0 0.0 0.0 0.0 1.0 0.0 0.43 13.0 250.0 1.0 0.0 0.08 0.05 0.0 0.0 0.0 0.05
0.0 320.0 757.0 0.0 0.0 0.0 0.0 0.0 0.0 0.0 0.0 0.0 0.0 0.0 0.0 1.0 22.0 0.0 0.0 0.0 0.0 1.0 0.0 0.23 23.0 255.0 1.0 0.0 0.04 0.05 0.0 0.0 0.0 0.05
0.0 318.0 554.0 0.0 0.0 0.0 0.0 0.0 0.0 0.0 0.0 0.0 0.0 0.0 0.0 1.0 12.0 0.0 0.0 0.0 0.0 1.0 0.0 0.17 33.0 255.0 1.0 0.0 0.03 0.05 0.0 0.0 0.0 0.05
0.0 350.0 757.0 0.0 0.0 0.0 0.0 0.0 0.0 0.0 0.0 0.0 0.0 0.0 0.0 1.0 15.0 0.0 0.0 0.0 0.0 1.0 0.0 0.27 43.0 255.0 1.0 0.0 0.02 0.05 0.0 0.0 0.0 0.05
0.0 237.0 212.0 0.0 0.0 0.0 0.0 0.0 0.0 0.0 0.0 0.0 0.0 0.0 0.0 1.0 14.0 0.0 0.0 0.0 0.0 1.0 0.0 0.14 53.0 255.0 1.0 0.0 0.02 0.04 0.0 0.0 0.02 0.05
0.0 249.0 757.0 0.0 0.0 0.0 0.0 0.0 0.0 0.0 0.0 0.0 0.0 0.0 0.0 1.0 21.0 0.0 0.0 0.0 0.0 1.0 0.0 0.24 63.0 255.0 1.0 0.0 0.02 0.04 0.0 0.0 0.02 0.05
0.0 301.0 568.0 0.0 0.0 0.0 0.0 0.0 0.0 0.0 0.0 0.0 0.0 0.0 0.0 1.0 7.0 0.0 0.0 0.0 0.0 1.0 0.0 0.29 73.0 255.0 1.0 0.0 0.01 0.04 0.0 0.0 0.01 0.05
0.0 320.0 757.0 0.0 0.0 0.0 0.0 0.0 0.0 0.0 0.0 0.0 0.0 0.0 0.0 1.0 24.0 0.0 0.0 0.0 0.0 1.0 0.0 0.21 83.0 255.0 1.0 0.0 0.01 0.04 0.0 0.0 0.01 0.05
0.0 289.0 292.0 0.0 0.0 0.0 0.0 0.0 0.0 0.0 0.0 0.0 0.0 0.0 0.0 7.0 7.0 0.0 0.0 0.0 0.0 1.0 0.0 0.0 7.0 255.0 1.0 0.0 0.14 0.05 0.0 0.0 0.0 0.05
0.0 217.0 292.0 0.0 0.0 0.0 0.0 0.0 0.0 0.0 0.0 0.0 0.0 0.0 0.0 9.0 25.0 0.22 0.2 0.0 0.0 1.0 0.0 0.16 17.0 255.0 1.0 0.0 0.06 0.05 0.06 0.0 0.0 0.05
0.0 218.0 287.0 0.0 0.0 0.0 0.0 0.0 0.0 0.0 0.0 0.0 0.0 0.0 0.0 1.0 1.0 0.0 0.0 0.0 0.0 1.0 0.0 0.0 27.0 255.0 1.0 0.0 0.04 0.04 0.04 0.0 0.0 0.04
0.0 385.0 236.0 0.0 0.0 0.0 0.0 0.0 0.0 0.0 0.0 0.0 0.0 0.0 0.0 2.0 3.0 0.0 0.0 0.0 0.0 1.0 0.0 0.67 2.0 255.0 1.0 0.0 0.5 0.04 0.0 0.0 0.0 0.04
0.0 320.0 1919.0 0.0 0.0 0.0 0.0 0.0 0.0 0.0 0.0 0.0 0.0 0.0 0.0 4.0 8.0 0.0 0.0 0.25 0.12 1.0 0.0 0.25 12.0 255.0 1.0 0.0 0.08 0.04 0.0 0.0 0.08 0.04
0.0 231.0 414.0 0.0 0.0 0.0 0.0 0.0 0.0 0.0 0.0 0.0 0.0 0.0 0.0 1.0 1.0 0.0 0.0 0.0 0.0 1.0 0.0 0.0 6.0 255.0 1.0 0.0 0.17 0.04 0.0 0.0 0.17 0.04
0.0 247.0 5480.0 0.0 0.0 0.0 0.0 0.0 0.0 0.0 0.0 0.0 0.0 0.0 0.0 4.0 6.0 0.0 0.0 0.0 0.0 1.0 0.0 0.33 8.0 255.0 1.0 0.0 0.12 0.05 0.0 0.0 0.0 0.05
0.0 269.0 414.0 0.0 0.0 0.0 0.0 0.0 0.0 0.0 0.0 0.0 0.0 0.0 0.0 5.0 10.0 0.0 0.0 0.0 0.0 1.0 0.0 0.2 18.0 255.0 1.0 0.0 0.06 0.04 0.0 0.0 0.0 0.03
279.0 270.0 272.0 0.0 0.0 0.0 0.0 0.0 0.0 0.0 0.0 0.0 0.0 0.0 0.0 2.0 7.0 0.0 0.0 0.0 0.0 1.0 0.0 0.29 28.0 255.0 1.0 0.0 0.04 0.04 0.0 0.0 0.0 0.02
0.0 252.0 124.0 0.0 0.0 0.0 0.0 0.0 0.0 0.0 0.0 0.0 0.0 0.0 0.0 2.0 4.0 0.0 0.0 0.0 0.0 1.0 0.0 0.5 38.0 255.0 1.0 0.0 0.03 0.04 0.0 0.0 0.0 0.02
0.0 246.0 5480.0 0.0 0.0 0.0 0.0 0.0 0.0 0.0 0.0 0.0 0.0 0.0 0.0 1.0 35.0 0.0 0.0 0.0 0.0 1.0 0.0 0.06 48.0 255.0 1.0 0.0 0.02 0.04 0.0 0.0 0.0 0.02
0.0 237.0 266.0 0.0 0.0 0.0 0.0 0.0 0.0 0.0 0.0 0.0 0.0 0.0 0.0 1.0 5.0 0.0 0.0 0.0 0.0 1.0 0.0 0.4 58.0 255.0 1.0 0.0 0.02 0.04 0.0 0.0 0.0 0.02
0.0 363.0 5480.0 0.0 0.0 0.0 0.0 0.0 0.0 0.0 0.0 0.0 0.0 0.0 0.0 2.0 4.0 0.0 0.0 0.0 0.0 1.0 0.0 0.5 68.0 255.0 1.0 0.0 0.01 0.04 0.0 0.0 0.0 0.02
0.0 284.0 124.0 0.0 0.0 0.0 0.0 0.0 0.0 0.0 0.0 0.0 0.0 0.0 0.0 3.0 6.0 0.0 0.0 0.0 0.0 1.0 0.0 0.33 78.0 255.0 1.0 0.0 0.01 0.04 0.0 0.0 0.0 0.02
0.0 284.0 124.0 0.0 0.0 0.0 0.0 0.0 0.0 0.0 0.0 0.0 0.0 0.0 0.0 1.0 1.0 0.0 0.0 0.0 0.0 1.0 0.0 0.0 88.0 255.0 1.0 0.0 0.01 0.04 0.0 0.0 0.0 0.02
0.0 247.0 266.0 0.0 0.0 0.0 0.0 0.0 0.0 0.0 0.0 0.0 0.0 0.0 0.0 1.0 4.0 0.0 0.0 0.0 0.0 1.0 0.0 0.5 98.0 255.0 1.0 0.0 0.01 0.04 0.0 0.0 0.0 0.02
0.0 211.0 124.0 0.0 0.0 0.0 0.0 0.0 0.0 0.0 0.0 0.0 0.0 0.0 0.0 4.0 7.0 0.0 0.0 0.0 0.0 1.0 0.0 0.29 108.0 255.0 1.0 0.0 0.01 0.03 0.0 0.0 0.0 0.02
0.0 206.0 183.0 0.0 0.0 0.0 0.0 0.0 0.0 0.0 0.0 0.0 0.0 0.0 0.0 5.0 5.0 0.0 0.0 0.0 0.0 1.0 0.0 0.0 10.0 255.0 1.0 0.0 0.1 0.03 0.0 0.0 0.4 0.03
0.0 203.0 983.0 0.0 0.0 0.0 0.0 0.0 0.0 0.0 0.0 0.0 0.0 0.0 0.0 15.0 15.0 0.0 0.0 0.0 0.0 1.0 0.0 0.0 20.0 255.0 1.0 0.0 0.05 0.03 0.0 0.0 0.2 0.03
