0.0 305.0 7644.0 0.0 0.0 0.0 0.0 0.0 0.0 0.0 0.0 0.0 0.0 0.0 0.0 17.0 47.0 0.0 0.0 0.0 0.0 1.0 0.0 0.06 17.0 255.0 1.0 0.0 0.06 0.03 0.0 0.0 0.0 0.0
0.0 302.0 2003.0 0.0 0.0 0.0 0.0 0.0 0.0 0.0 0.0 0.0 0.0 0.0 0.0 5.0 5.0 0.0 0.0 0.0 0.0 1.0 0.0 0.0 27.0 255.0 1.0 0.0 0.04 0.03 0.0 0.0 0.0 0.0
0.0 298.0 1054.0 0.0 0.0 0.0 0.0 0.0 0.0 0.0 0.0 0.0 0.0 0.0 0.0 1.0 4.0 0.0 0.0 0.0 0.0 1.0 0.0 0.75 37.0 255.0 1.0 0.0 0.03 0.03 0.0 0.0 0.0 0.0
0.0 294.0 3521.0 0.0 0.0 0.0 0.0 0.0 0.0 0.0 0.0 0.0 0.0 0.0 0.0 11.0 11.0 0.0 0.0 0.0 0.0 1.0 0.0 0.0 47.0 255.0 1.0 0.0 0.02 0.03 0.0 0.0 0.0 0.0
0.0 317.0 1017.0 0.0 0.0 0.0 0.0 0.0 0.0 0.0 0.0 0.0 0.0 0.0 0.0 2.0 2.0 0.0 0.0 0.0 0.0 1.0 0.0 0.0 57.0 255.0 1.0 0.0 0.02 0.03 0.0 0.0 0.0 0.0
0.0 314.0 2003.0 0.0 0.0 0.0 0.0 0.0 0.0 0.0 0.0 0.0 0.0 0.0 0.0 12.0 12.0 0.0 0.0 0.0 0.0 1.0 0.0 0.0 67.0 255.0 1.0 0.0 0.01 0.03 0.0 0.0 0.0 0.0
0.0 330.0 7528.0 0.0 0.0 0.0 0.0 0.0 0.0 0.0 0.0 0.0 0.0 0.0 0.0 4.0 4.0 0.0 0.0 0.0 0.0 1.0 0.0 0.0 77.0 255.0 1.0 0.0 0.01 0.03 0.01 0.0 0.0 0.0
0.0 333.0 5155.0 0.0 0.0 0.0 0.0 0.0 0.0 0.0 0.0 0.0 0.0 0.0 0.0 9.0 15.0 0.0 0.07 0.0 0.0 1.0 0.0 0.2 87.0 255.0 1.0 0.0 0.01 0.03 0.01 0.0 0.0 0.0
0.0 322.0 4537.0 0.0 0.0 0.0 0.0 0.0 0.0 0.0 0.0 0.0 0.0 0.0 0.0 5.0 5.0 0.0 0.0 0.0 0.0 1.0 0.0 0.0 97.0 255.0 1.0 0.0 0.01 0.03 0.01 0.0 0.0 0.0
0.0 323.0 3855.0 0.0 0.0 0.0 0.0 0.0 0.0 0.0 0.0 0.0 0.0 0.0 0.0 15.0 15.0 0.0 0.0 0.0 0.0 1.0 0.0 0.0 107.0 255.0 1.0 0.0 0.01 0.02 0.01 0.0 0.0 0.0
0.0 303.0 7644.0 0.0 0.0 0.0 0.0 0.0 0.0 0.0 0.0 0.0 0.0 0.0 0.0 6.0 6.0 0.0 0.0 0.0 0.0 1.0 0.0 0.0 117.0 255.0 1.0 0.0 0.01 0.02 0.01 0.0 0.0 0.0
0.0 291.0 5622.0 0.0 0.0 0.0 0.0 0.0 0.0 0.0 0.0 0.0 0.0 0.0 0.0 16.0 16.0 0.0 0.0 0.0 0.0 1.0 0.0 0.0 127.0 255.0 1.0 0.0 0.01 0.02 0.01 0.0 0.0 0.0
0.0 303.0 5155.0 0.0 0.0 0.0 0.0 0.0 0.0 0.0 0.0 0.0 0.0 0.0 0.0 4.0 4.0 0.0 0.0 0.0 0.0 1.0 0.0 0.0 137.0 255.0 1.0 0.0 0.01 0.02 0.01 0.0 0.0 0.0
0.0 318.0 15944.0 0.0 0.0 0.0 0.0 0.0 0.0 0.0 0.0 0.0 0.0 0.0 0.0 5.0 7.0 0.0 0.0 0.0 0.0 1.0 0.0 0.29 147.0 255.0 1.0 0.0 0.01 0.02 0.01 0.0 0.0 0.0
0.0 293.0 3855.0 0.0 0.0 0.0 0.0 0.0 0.0 0.0 0.0 0.0 0.0 0.0 0.0 10.0 10.0 0.0 0.0 0.0 0.0 1.0 0.0 0.0 157.0 255.0 1.0 0.0 0.01 0.02 0.01 0.0 0.0 0.0
0.0 147.0 3936.0 0.0 0.0 0.0 0.0 0.0 0.0 0.0 0.0 0.0 0.0 0.0 0.0 1.0 16.0 0.0 0.0 0.0 0.0 1.0 0.0 0.25 1.0 255.0 1.0 0.0 1.0 0.02 0.0 0.0 0.0 0.0
0.0 158.0 364.0 0.0 0.0 0.0 0.0 0.0 0.0 0.0 0.0 0.0 0.0 0.0 0.0 1.0 7.0 0.0 0.0 0.0 0.0 1.0 0.0 0.29 11.0 255.0 1.0 0.0 0.09 0.02 0.0 0.0 0.0 0.0
0.0 200.0 8585.0 0.0 0.0 0.0 0.0 0.0 0.0 0.0 0.0 0.0 0.0 0.0 0.0 4.0 4.0 0.0 0.0 0.0 0.0 1.0 0.0 0.0 4.0 255.0 1.0 0.0 0.25 0.04 0.0 0.0 0.0 0.0
0.0 212.0 7242.0 0.0 0.0 0.0 0.0 0.0 0.0 0.0 0.0 0.0 0.0 0.0 0.0 3.0 3.0 0.0 0.0 0.0 0.0 1.0 0.0 0.0 14.0 255.0 1.0 0.0 0.07 0.02 0.0 0.0 0.0 0.0
0.0 206.0 1529.0 0.0 0.0 0.0 0.0 0.0 0.0 0.0 0.0 0.0 0.0 0.0 0.0 3.0 4.0 0.0 0.0 0.0 0.0 1.0 0.0 0.5 24.0 255.0 1.0 0.0 0.04 0.02 0.0 0.0 0.0 0.0
0.0 212.0 8836.0 0.0 0.0 0.0 0.0 0.0 0.0 0.0 0.0 0.0 0.0 0.0 0.0 13.0 14.0 0.0 0.0 0.0 0.0 1.0 0.0 0.14 34.0 255.0 1.0 0.0 0.03 0.02 0.0 0.0 0.0 0.0
0.0 207.0 2077.0 0.0 0.0 0.0 0.0 0.0 0.0 0.0 0.0 0.0 0.0 0.0 0.0 8.0 10.0 0.0 0.0 0.0 0.0 1.0 0.0 0.3 44.0 255.0 1.0 0.0 0.02 0.02 0.0 0.0 0.0 0.0
0.0 229.0 2724.0 0.0 0.0 0.0 0.0 0.0 0.0 0.0 0.0 0.0 0.0 0.0 0.0 3.0 3.0 0.0 0.0 0.0 0.0 1.0 0.0 0.0 3.0 255.0 1.0 0.0 0.33 0.03 0.0 0.0 0.0 0.0
12.0 301.0 6260.0 0.0 0.0 0.0 0.0 0.0 0.0 0.0 0.0 0.0 0.0 0.0 0.0 3.0 13.0 0.0 0.0 0.0 0.0 1.0 0.0 0.15 13.0 255.0 1.0 0.0 0.08 0.03 0.0 0.0 0.0 0.0
0.0 279.0 22009.0 0.0 0.0 0.0 0.0 0.0 0.0 0.0 0.0 0.0 0.0 0.0 0.0 3.0 4.0 0.0 0.0 0.0 0.0 1.0 0.0 0.5 3.0 255.0 1.0 0.0 0.33 0.03 0.0 0.0 0.0 0.0
0.0 179.0 5479.0 0.0 0.0 0.0 0.0 0.0 0.0 0.0 0.0 0.0 0.0 0.0 0.0 1.0 5.0 0.0 0.0 0.0 0.0 1.0 0.0 0.8 13.0 255.0 1.0 0.0 0.08 0.03 0.0 0.0 0.0 0.0
0.0 321.0 1535.0 0.0 0.0 0.0 0.0 0.0 0.0 0.0 0.0 0.0 0.0 0.0 0.0 9.0 20.0 0.0 0.0 0.0 0.0 1.0 0.0 0.15 9.0 255.0 1.0 0.0 0.11 0.03 0.0 0.0 0.0 0.0
0.0 312.0 2943.0 0.0 0.0 0.0 0.0 0.0 0.0 0.0 0.0 0.0 0.0 0.0 0.0 19.0 19.0 0.0 0.0 0.0 0.0 1.0 0.0 0.0 19.0 255.0 1.0 0.0 0.05 0.03 0.0 0.0 0.0 0.0
0.0 292.0 1564.0 0.0 0.0 0.0 0.0 0.0 0.0 0.0 0.0 0.0 0.0 0.0 0.0 1.0 2.0 0.0 0.0 0.0 0.0 1.0 0.0 1.0 1.0 255.0 1.0 0.0 1.0 0.04 0.0 0.0 0.0 0.0
0.0 516.0 4.0 0.0 0.0 0.0 0.0 0.0 0.0 0.0 0.0 0.0 0.0 0.0 0.0 8.0 8.0 0.0 0.0 0.0 0.0 1.0 0.0 0.0 8.0 8.0 1.0 0.0 1.0 0.0 0.0 0.0 0.0 0.0
0.0 516.0 516.0 0.0 0.0 0.0 0.0 0.0 0.0 0.0 0.0 0.0 0.0 0.0 0.0 1.0 1.0 0.0 0.0 0.0 0.0 1.0 0.0 0.0 18.0 18.0 1.0 0.0 0.06 0.0 0.0 0.0 0.0 0.0
0.0 215.0 6630.0 0.0 0.0 0.0 0.0 0.0 0.0 0.0 0.0 0.0 0.0 0.0 0.0 1.0 19.0 0.0 0.0 0.0 0.0 1.0 0.0 0.21 1.0 237.0 1.0 0.0 1.0 0.06 0.0 0.0 0.0 0.0
0.0 217.0 2819.0 0.0 0.0 0.0 0.0 0.0 0.0 0.0 0.0 0.0 0.0 0.0 0.0 9.0 9.0 0.0 0.0 0.0 0.0 1.0 0.0 0.0 9.0 237.0 1.0 0.0 0.11 0.07 0.0 0.0 0.0 0.0
0.0 214.0 835.0 0.0 0.0 0.0 0.0 0.0 0.0 0.0 0.0 0.0 0.0 0.0 0.0 1.0 1.0 0.0 0.0 0.0 0.0 1.0 0.0 0.0 1.0 237.0 1.0 0.0 1.0 0.07 0.0 0.0 0.0 0.0
0.0 210.0 1088.0 0.0 0.0 0.0 0.0 0.0 0.0 0.0 0.0 0.0 0.0 0.0 0.0 11.0 11.0 0.0 0.0 0.0 0.0 1.0 0.0 0.0 11.0 237.0 1.0 0.0 0.09 0.07 0.0 0.0 0.0 0.0
0.0 212.0 2058.0 0.0 0.0 0.0 0.0 0.0 0.0 0.0 0.0 0.0 0.0 0.0 0.0 21.0 21.0 0.0 0.0 0.0 0.0 1.0 0.0 0.0 21.0 237.0 1.0 0.0 0.05 0.07 0.0 0.0 0.0 0.0
0.0 214.0 893.0 0.0 0.0 0.0 0.0 0.0 0.0 0.0 0.0 0.0 0.0 0.0 0.0 31.0 31.0 0.0 0.0 0.0 0.0 1.0 0.0 0.0 31.0 237.0 1.0 0.0 0.03 0.07 0.0 0.0 0.0 0.0
0.0 233.0 1026.0 0.0 0.0 0.0 0.0 0.0 0.0 0.0 0.0 0.0 0.0 0.0 0.0 7.0 7.0 0.0 0.0 0.0 0.0 1.0 0.0 0.0 41.0 237.0 1.0 0.0 0.02 0.07 0.0 0.0 0.0 0.0
0.0 183.0 11322.0 0.0 0.0 0.0 0.0 0.0 0.0 0.0 0.0 0.0 0.0 0.0 0.0 17.0 17.0 0.0 0.0 0.0 0.0 1.0 0.0 0.0 51.0 237.0 1.0 0.0 0.02 0.07 0.0 0.0 0.0 0.0
0.0 243.0 776.0 0.0 0.0 0.0 0.0 0.0 0.0 0.0 0.0 0.0 0.0 0.0 0.0 27.0 27.0 0.0 0.0 0.0 0.0 1.0 0.0 0.0 61.0 237.0 1.0 0.0 0.02 0.07 0.0 0.0 0.0 0.0
0.0 236.0 827.0 0.0 0.0 0.0 0.0 0.0 0.0 0.0 0.0 0.0 0.0 0.0 0.0 37.0 37.0 0.0 0.0 0.0 0.0 1.0 0.0 0.0 71.0 237.0 1.0 0.0 0.01 0.07 0.0 0.0 0.0 0.0
0.0 216.0 827.0 0.0 0.0 0.0 0.0 0.0 0.0 0.0 0.0 0.0 0.0 0.0 0.0 8.0 8.0 0.0 0.0 0.0 0.0 1.0 0.0 0.0 81.0 237.0 1.0 0.0 0.01 0.07 0.0 0.0 0.0 0.0
0.0 215.0 797.0 0.0 0.0 0.0 0.0 0.0 0.0 0.0 0.0 0.0 0.0 0.0 0.0 18.0 18.0 0.0 0.0 0.0 0.0 1.0 0.0 0.0 91.0 237.0 1.0 0.0 0.01 0.06 0.0 0.0 0.0 0.0
0.0 216.0 684.0 0.0 0.0 0.0 0.0 0.0 0.0 0.0 0.0 0.0 0.0 0.0 0.0 28.0 28.0 0.0 0.0 0.0 0.0 1.0 0.0 0.0 101.0 237.0 1.0 0.0 0.01 0.05 0.0 0.0 0.0 0.0
0.0 254.0 673.0 0.0 0.0 0.0 0.0 0.0 0.0 0.0 0.0 0.0 0.0 0.0 0.0 4.0 4.0 0.25 0.25 0.0 0.0 1.0 0.0 0.0 111.0 237.0 1.0 0.0 0.01 0.05 0.01 0.0 0.0 0.0
0.0 253.0 694.0 0.0 0.0 0.0 0.0 0.0 0.0 0.0 0.0 0.0 0.0 0.0 0.0 16.0 16.0 0.19 0.19 0.0 0.0 1.0 0.0 0.0 121.0 237.0 1.0 0.0 0.01 0.05 0.01 0.0 0.0 0.0
0.0 253.0 868.0 0.0 0.0 0.0 0.0 0.0 0.0 0.0 0.0 0.0 0.0 0.0 0.0 26.0 26.0 0.12 0.12 0.0 0.0 1.0 0.0 0.0 131.0 237.0 1.0 0.0 0.01 0.05 0.01 0.0 0.0 0.0
0.0 261.0 724.0 0.0 0.0 0.0 0.0 0.0 0.0 0.0 0.0 0.0 0.0 0.0 0.0 36.0 36.0 0.08 0.08 0.0 0.0 1.0 0.0 0.0 141.0 237.0 1.0 0.0 0.01 0.05 0.01 0.0 0.0 0.0
0.0 285.0 712.0 0.0 0.0 0.0 0.0 0.0 0.0 0.0 0.0 0.0 0.0 0.0 0.0 6.0 11.0 0.0 0.0 0.0 0.0 1.0 0.0 0.27 151.0 237.0 1.0 0.0 0.01 0.05 0.01 0.0 0.0 0.0
0.0 284.0 3656.0 0.0 0.0 0.0 0.0 0.0 0.0 0.0 0.0 0.0 0.0 0.0 0.0 16.0 21.0 0.0 0.0 0.0 0.0 1.0 0.0 0.14 161.0 237.0 1.0 0.0 0.01 0.05 0.01 0.0 0.0 0.0
0.0 286.0 784.0 0.0 0.0 0.0 0.0 0.0 0.0 0.0 0.0 0.0 0.0 0.0 0.0 26.0 31.0 0.0 0.0 0.0 0.0 1.0 0.0 0.1 171.0 237.0 1.0 0.0 0.01 0.05 0.01 0.0 0.0 0.0
0.0 310.0 862.0 0.0 0.0 0.0 0.0 0.0 0.0 0.0 0.0 0.0 0.0 0.0 0.0 2.0 4.0 0.0 0.0 0.0 0.0 1.0 0.0 0.5 181.0 237.0 1.0 0.0 0.01 0.04 0.01 0.0 0.0 0.0
0.0 302.0 611.0 0.0 0.0 0.0 0.0 0.0 0.0 0.0 0.0 0.0 0.0 0.0 0.0 12.0 15.0 0.0 0.0 0.0 0.0 1.0 0.0 0.13 191.0 237.0 1.0 0.0 0.01 0.04 0.01 0.0 0.0 0.0
0.0 303.0 1153.0 0.0 0.0 0.0 0.0 0.0 0.0 0.0 0.0 0.0 0.0 0.0 0.0 22.0 29.0 0.0 0.0 0.0 0.0 1.0 0.0 0.07 201.0 237.0 1.0 0.0 0.0 0.04 0.0 0.0 0.0 0.0
0.0 305.0 868.0 0.0 0.0 0.0 0.0 0.0 0.0 0.0 0.0 0.0 0.0 0.0 0.0 32.0 45.0 0.0 0.0 0.0 0.0 1.0 0.0 0.04 211.0 240.0 1.0 0.0 0.0 0.03 0.0 0.0 0.0 0.0
0.0 285.0 835.0 0.0 0.0 0.0 0.0 0.0 0.0 0.0 0.0 0.0 0.0 0.0 0.0 3.0 9.0 0.0 0.0 0.0 0.11 1.0 0.0 0.33 221.0 250.0 1.0 0.0 0.0 0.03 0.0 0.0 0.0 0.0
0.0 290.0 862.0 0.0 0.0 0.0 0.0 0.0 0.0 0.0 0.0 0.0 0.0 0.0 0.0 13.0 39.0 0.0 0.0 0.0 0.03 1.0 0.0 0.13 231.0 255.0 1.0 0.0 0.0 0.02 0.0 0.0 0.0 0.0
0.0 286.0 668.0 0.0 0.0 0.0 0.0 0.0 0.0 0.0 0.0 0.0 0.0 0.0 0.0 23.0 56.0 0.0 0.0 0.0 0.02 1.0 0.0 0.09 241.0 255.0 1.0 0.0 0.0 0.01 0.0 0.0 0.0 0.0
0.0 286.0 694.0 0.0 0.0 0.0 0.0 0.0 0.0 0.0 0.0 0.0 0.0 0.0 0.0 28.0 60.0 0.0 0.0 0.0 0.0 1.0 0.0 0.08 251.0 255.0 1.0 0.0 0.0 0.01 0.0 0.0 0.0 0.0
0.0 323.0 893.0 0.0 0.0 0.0 0.0 0.0 0.0 0.0 0.0 0.0 0.0 0.0 0.0 9.0 9.0 0.0 0.0 0.0 0.0 1.0 0.0 0.0 255.0 255.0 1.0 0.0 0.0 0.0 0.0 0.0 0.0 0.0
0.0 322.0 3656.0 0.0 0.0 0.0 0.0 0.0 0.0 0.0 0.0 0.0 0.0 0.0 0.0 17.0 17.0 0.0 0.0 0.0 0.0 1.0 0.0 0.0 255.0 255.0 1.0 0.0 0.0 0.0 0.0 0.0 0.0 0.0
0.0 324.0 2965.0 0.0 0.0 0.0 0.0 0.0 0.0 0.0 0.0 0.0 0.0 0.0 0.0 27.0 27.0 0.0 0.0 0.0 0.0 1.0 0.0 0.0 255.0 255.0 1.0 0.0 0.0 0.0 0.0 0.0 0.0 0.0
0.0 327.0 808.0 0.0 0.0 0.0 0.0 0.0 0.0 0.0 0.0 0.0 0.0 0.0 0.0 29.0 29.0 0.0 0.0 0.0 0.0 1.0 0.0 0.0 255.0 255.0 1.0 0.0 0.0 0.0 0.0 0.0 0.0 0.0
0.0 233.0 544.0 0.0 0.0 0.0 0.0 0.0 0.0 0.0 0.0 0.0 0.0 0.0 0.0 1.0 1.0 0.0 0.0 0.0 0.0 1.0 0.0 0.0 1.0 255.0 1.0 0.0 1.0 0.01 0.0 0.0 0.0 0.0
0.0 342.0 592.0 0.0 0.0 0.0 0.0 0.0 0.0 0.0 0.0 0.0 0.0 0.0 0.0 8.0 8.0 0.0 0.0 0.0 0.0 1.0 0.0 0.0 8.0 255.0 1.0 0.0 0.12 0.02 0.0 0.0 0.0 0.0
0.0 174.0 497.0 0.0 0.0 0.0 0.0 0.0 0.0 0.0 0.0 0.0 0.0 0.0 0.0 1.0 1.0 0.0 0.0 0.0 0.0 1.0 0.0 0.0 18.0 255.0 1.0 0.0 0.06 0.02 0.0 0.0 0.0 0.0
0.0 216.0 1335.0 0.0 0.0 0.0 0.0 0.0 0.0 0.0 0.0 0.0 0.0 0.0 0.0 5.0 5.0 0.0 0.0 0.0 0.0 1.0 0.0 0.0 28.0 255.0 1.0 0.0 0.04 0.02 0.0 0.0 0.0 0.0
0.0 208.0 9033.0 0.0 0.0 0.0 0.0 0.0 0.0 0.0 0.0 0.0 0.0 0.0 0.0 3.0 27.0 0.0 0.0 0.0 0.0 1.0 0.0 0.07 9.0 255.0 1.0 0.0 0.11 0.02 0.0 0.0 0.0 0.0
0.0 221.0 342.0 0.0 0.0 0.0 0.0 0.0 0.0 0.0 0.0 0.0 0.0 0.0 0.0 5.0 5.0 0.0 0.0 0.0 0.0 1.0 0.0 0.0 5.0 255.0 1.0 0.0 0.2 0.04 0.0 0.0 0.0 0.0
0.0 221.0 5747.0 0.0 0.0 0.0 0.0 0.0 0.0 0.0 0.0 0.0 0.0 0.0 0.0 2.0 2.0 0.0 0.0 0.0 0.0 1.0 0.0 0.0 15.0 255.0 1.0 0.0 0.07 0.04 0.0 0.0 0.0 0.0
0.0 230.0 4796.0 0.0 0.0 0.0 0.0 0.0 0.0 0.0 0.0 0.0 0.0 0.0 0.0 8.0 8.0 0.0 0.0 0.0 0.0 1.0 0.0 0.0 8.0 255.0 1.0 0.0 0.12 0.04 0.0 0.0 0.0 0.0
0.0 275.0 2139.0 0.0 0.0 0.0 0.0 0.0 0.0 0.0 0.0 0.0 0.0 0.0 0.0 18.0 18.0 0.0 0.0 0.0 0.0 1.0 0.0 0.0 18.0 255.0 1.0 0.0 0.06 0.04 0.0 0.0 0.0 0.0
0.0 245.0 1353.0 0.0 0.0 0.0 0.0 0.0 0.0 0.0 0.0 0.0 0.0 0.0 0.0 28.0 28.0 0.0 0.0 0.0 0.0 1.0 0.0 0.0 28.0 255.0 1.0 0.0 0.04 0.04 0.0 0.0 0.0 0.0
0.0 289.0 301.0 0.0 0.0 0.0 0.0 0.0 0.0 0.0 0.0 0.0 0.0 0.0 0.0 38.0 38.0 0.0 0.0 0.0 0.0 1.0 0.0 0.0 38.0 255.0 1.0 0.0 0.03 0.04 0.0 0.0 0.0 0.0
0.0 306.0 657.0 0.0 0.0 0.0 0.0 0.0 0.0 0.0 0.0 0.0 0.0 0.0 0.0 10.0 10.0 0.0 0.0 0.0 0.0 1.0 0.0 0.0 48.0 255.0 1.0 0.0 0.02 0.04 0.0 0.0 0.0 0.0
0.0 311.0 283.0 0.0 0.0 0.0 0.0 0.0 0.0 0.0 0.0 0.0 0.0 0.0 0.0 20.0 20.0 0.0 0.0 0.0 0.0 1.0 0.0 0.0 58.0 255.0 1.0 0.0 0.02 0.04 0.0 0.0 0.0 0.0
0.0 319.0 11696.0 0.0 0.0 0.0 0.0 0.0 0.0 0.0 0.0 0.0 0.0 0.0 0.0 30.0 30.0 0.0 0.0 0.0 0.0 1.0 0.0 0.0 68.0 255.0 1.0 0.0 0.01 0.04 0.0 0.0 0.0 0.0
0.0 242.0 1941.0 0.0 0.0 0.0 0.0 0.0 0.0 0.0 0.0 0.0 0.0 0.0 0.0 2.0 16.0 0.0 0.0 0.0 0.0 1.0 0.0 0.12 78.0 255.0 1.0 0.0 0.01 0.04 0.0 0.0 0.0 0.0
0.0 276.0 657.0 0.0 0.0 0.0 0.0 0.0 0.0 0.0 0.0 0.0 0.0 0.0 0.0 12.0 26.0 0.0 0.0 0.0 0.0 1.0 0.0 0.08 88.0 255.0 1.0 0.0 0.01 0.04 0.0 0.0 0.0 0.0
0.0 291.0 657.0 0.0 0.0 0.0 0.0 0.0 0.0 0.0 0.0 0.0 0.0 0.0 0.0 22.0 36.0 0.0 0.0 0.0 0.0 1.0 0.0 0.06 98.0 255.0 1.0 0.0 0.01 0.04 0.0 0.0 0.0 0.0
0.0 288.0 747.0 0.0 0.0 0.0 0.0 0.0 0.0 0.0 0.0 0.0 0.0 0.0 0.0 32.0 46.0 0.0 0.0 0.0 0.0 1.0 0.0 0.04 108.0 255.0 1.0 0.0 0.01 0.04 0.0 0.0 0.0 0.0
0.0 322.0 1357.0 0.0 0.0 0.0 0.0 0.0 0.0 0.0 0.0 0.0 0.0 0.0 0.0 4.0 26.0 0.0 0.0 0.0 0.0 1.0 0.0 0.12 4.0 255.0 1.0 0.0 0.25 0.04 0.0 0.0 0.0 0.0
0.0 319.0 5476.0 0.0 0.0 0.0 0.0 0.0 0.0 0.0 0.0 0.0 0.0 0.0 0.0 14.0 36.0 0.0 0.0 0.0 0.0 1.0 0.0 0.08 14.0 255.0 1.0 0.0 0.07 0.04 0.0 0.0 0.0 0.0
0.0 317.0 478.0 0.0 0.0 0.0 0.0 0.0 0.0 0.0 0.0 0.0 0.0 0.0 0.0 6.0 6.0 0.0 0.0 0.0 0.0 1.0 0.0 0.0 24.0 255.0 1.0 0.0 0.04 0.04 0.0 0.0 0.0 0.0
0.0 317.0 478.0 0.0 0.0 0.0 0.0 0.0 0.0 0.0 0.0 0.0 0.0 0.0 0.0 2.0 12.0 0.0 0.0 0.0 0.0 1.0 0.0 0.17 34.0 255.0 1.0 0.0 0.03 0.04 0.0 0.0 0.0 0.0
0.0 240.0 12412.0 0.0 0.0 0.0 0.0 0.0 0.0 0.0 0.0 0.0 0.0 0.0 0.0 12.0 22.0 0.0 0.0 0.0 0.0 1.0 0.0 0.09 44.0 255.0 1.0 0.0 0.02 0.04 0.0 0.0 0.0 0.0
0.0 310.0 3765.0 0.0 0.0 0.0 0.0 0.0 0.0 0.0 0.0 0.0 0.0 0.0 0.0 22.0 33.0 0.0 0.0 0.0 0.0 1.0 0.0 0.09 54.0 255.0 1.0 0.0 0.02 0.04 0.0 0.0 0.0 0.0
0.0 284.0 5295.0 0.0 0.0 0.0 0.0 0.0 0.0 0.0 0.0 0.0 0.0 0.0 0.0 1.0 1.0 0.0 0.0 0.0 0.0 1.0 0.0 0.0 64.0 255.0 1.0 0.0 0.02 0.04 0.0 0.0 0.0 0.0
0.0 299.0 1170.0 0.0 0.0 0.0 0.0 0.0 0.0 0.0 0.0 0.0 0.0 0.0 0.0 3.0 15.0 0.0 0.0 0.0 0.0 1.0 0.0 0.2 10.0 255.0 1.0 0.0 0.1 0.04 0.0 0.0 0.0 0.0
0.0 302.0 1195.0 0.0 0.0 0.0 0.0 0.0 0.0 0.0 0.0 0.0 0.0 0.0 0.0 6.0 8.0 0.0 0.0 0.0 0.0 1.0 0.0 0.25 20.0 255.0 1.0 0.0 0.05 0.03 0.0 0.0 0.0 0.0
0.0 297.0 1195.0 0.0 0.0 0.0 0.0 0.0 0.0 0.0 0.0 0.0 0.0 0.0 0.0 2.0 13.0 0.0 0.0 0.0 0.0 1.0 0.0 0.31 30.0 255.0 1.0 0.0 0.03 0.03 0.0 0.0 0.0 0.0
0.0 300.0 1170.0 0.0 0.0 0.0 0.0 0.0 0.0 0.0 0.0 0.0 0.0 0.0 0.0 5.0 7.0 0.0 0.0 0.0 0.0 1.0 0.0 0.43 40.0 255.0 1.0 0.0 0.03 0.03 0.0 0.0 0.0 0.0
0.0 305.0 1304.0 0.0 0.0 0.0 0.0 0.0 0.0 0.0 0.0 0.0 0.0 0.0 0.0 5.0 6.0 0.0 0.0 0.0 0.0 1.0 0.0 0.33 8.0 255.0 1.0 0.0 0.12 0.03 0.0 0.0 0.0 0.0
0.0 302.0 1286.0 0.0 0.0 0.0 0.0 0.0 0.0 0.0 0.0 0.0 0.0 0.0 0.0 6.0 7.0 0.0 0.0 0.0 0.0 1.0 0.0 0.29 18.0 255.0 1.0 0.0 0.06 0.02 0.0 0.0 0.0 0.0
0.0 307.0 1388.0 0.0 0.0 0.0 0.0 0.0 0.0 0.0 0.0 0.0 0.0 0.0 0.0 1.0 2.0 0.0 0.0 0.0 0.0 1.0 0.0 1.0 28.0 255.0 1.0 0.0 0.04 0.02 0.0 0.0 0.0 0.0
0.0 307.0 1234.0 0.0 0.0 0.0 0.0 0.0 0.0 0.0 0.0 0.0 0.0 0.0 0.0 11.0 14.0 0.0 0.0 0.0 0.0 1.0 0.0 0.21 38.0 255.0 1.0 0.0 0.03 0.02 0.0 0.0 0.0 0.0
0.0 303.0 4034.0 0.0 0.0 0.0 0.0 0.0 0.0 0.0 0.0 0.0 0.0 0.0 0.0 2.0 3.0 0.0 0.0 0.0 0.0 1.0 0.0 0.67 48.0 255.0 1.0 0.0 0.02 0.02 0.0 0.0 0.0 0.0
0.0 301.0 1678.0 0.0 0.0 0.0 0.0 0.0 0.0 0.0 0.0 0.0 0.0 0.0 0.0 3.0 6.0 0.0 0.0 0.0 0.0 1.0 0.0 0.5 58.0 255.0 1.0 0.0 0.02 0.02 0.0 0.0 0.0 0.0
0.0 304.0 1286.0 0.0 0.0 0.0 0.0 0.0 0.0 0.0 0.0 0.0 0.0 0.0 0.0 7.0 7.0 0.0 0.0 0.0 0.0 1.0 0.0 0.0 68.0 255.0 1.0 0.0 0.01 0.02 0.0 0.0 0.0 0.0
0.0 312.0 1477.0 0.0 0.0 0.0 0.0 0.0 0.0 0.0 0.0 0.0 0.0 0.0 0.0 8.0 12.0 0.0 0.0 0.0 0.0 1.0 0.0 0.33 78.0 255.0 1.0 0.0 0.01 0.02 0.0 0.0 0.0 0.0
0.0 323.0 1895.0 0.0 0.0 0.0 0.0 0.0 0.0 0.0 0.0 0.0 0.0 0.0 0.0 2.0 5.0 0.0 0.0 0.0 0.0 1.0 0.0 0.6 2.0 255.0 1.0 0.0 0.5 0.02 0.0 0.0 0.0 0.0
0.0 330.0 2415.0 0.0 0.0 0.0 0.0 0.0 0.0 0.0 0.0 0.0 0.0 0.0 0.0 5.0 11.0 0.0 0.0 0.0 0.0 1.0 0.0 0.18 12.0 255.0 1.0 0.0 0.08 0.02 0.0 0.0 0.0 0.0
0.0 317.0 1859.0 0.0 0.0 0.0 0.0 0.0 0.0 0.0 0.0 0.0 0.0 0.0 0.0 4.0 4.0 0.0 0.0 0.0 0.0 1.0 0.0 0.0 22.0 255.0 1.0 0.0 0.05 0.02 0.0 0.0 0.0 0.0
0.0 324.0 2432.0 0.0 0.0 0.0 0.0 0.0 0.0 0.0 0.0 0.0 0.0 0.0 0.0 7.0 14.0 0.0 0.0 0.0 0.0 1.0 0.0 0.21 32.0 255.0 1.0 0.0 0.03 0.02 0.0 0.0 0.0 0.0
0.0 201.0 3037.0 0.0 0.0 0.0 0.0 0.0 0.0 0.0 0.0 0.0 0.0 0.0 0.0 4.0 4.0 0.0 0.0 0.0 0.0 1.0 0.0 0.0 4.0 255.0 1.0 0.0 0.25 0.03 0.0 0.0 0.0 0.0
0.0 200.0 1622.0 0.0 0.0 0.0 0.0 0.0 0.0 0.0 0.0 0.0 0.0 0.0 0.0 14.0 14.0 0.0 0.0 0.0 0.0 1.0 0.0 0.0 14.0 255.0 1.0 0.0 0.07 0.03 0.0 0.0 0.0 0.0
0.0 220.0 2454.0 0.0 0.0 0.0 0.0 0.0 0.0 0.0 0.0 0.0 0.0 0.0 0.0 5.0 5.0 0.0 0.0 0.0 0.0 1.0 0.0 0.0 24.0 255.0 1.0 0.0 0.04 0.03 0.0 0.0 0.0 0.0
0.0 204.0 1822.0 0.0 0.0 0.0 0.0 0.0 0.0 0.0 0.0 0.0 0.0 0.0 0.0 4.0 4.0 0.0 0.0 0.0 0.0 1.0 0.0 0.0 34.0 255.0 1.0 0.0 0.03 0.02 0.0 0.0 0.0 0.0
0.0 199.0 3067.0 0.0 0.0 0.0 0.0 0.0 0.0 0.0 0.0 0.0 0.0 0.0 0.0 14.0 14.0 0.0 0.0 0.0 0.0 1.0 0.0 0.0 44.0 255.0 1.0 0.0 0.02 0.02 0.0 0.0 0.0 0.0
0.0 214.0 2184.0 0.0 0.0 0.0 0.0 0.0 0.0 0.0 0.0 0.0 0.0 0.0 0.0 5.0 5.0 0.0 0.0 0.0 0.0 1.0 0.0 0.0 54.0 255.0 1.0 0.0 0.02 0.02 0.0 0.0 0.0 0.0
0.0 223.0 2527.0 0.0 0.0 0.0 0.0 0.0 0.0 0.0 0.0 0.0 0.0 0.0 0.0 1.0 4.0 0.0 0.0 0.0 0.0 1.0 0.0 0.5 2.0 255.0 1.0 0.0 0.5 0.03 0.0 0.0 0.0 0.0
0.0 233.0 2330.0 0.0 0.0 0.0 0.0 0.0 0.0 0.0 0.0 0.0 0.0 0.0 0.0 3.0 3.0 0.0 0.0 0.0 0.0 1.0 0.0 0.0 6.0 255.0 1.0 0.0 0.17 0.04 0.0 0.0 0.0 0.0
0.0 216.0 78636.0 0.0 0.0 0.0 0.0 0.0 0.0 0.0 0.0 0.0 0.0 0.0 0.0 4.0 4.0 0.0 0.0 0.0 0.0 1.0 0.0 0.0 16.0 255.0 1.0 0.0 0.06 0.04 0.0 0.0 0.0 0.0
0.0 226.0 78636.0 0.0 0.0 0.0 0.0 0.0 0.0 0.0 0.0 0.0 0.0 0.0 0.0 4.0 4.0 0.0 0.0 0.0 0.0 1.0 0.0 0.0 26.0 255.0 1.0 0.0 0.04 0.03 0.0 0.0 0.0 0.0
0.0 151.0 17925.0 0.0 0.0 0.0 0.0 0.0 0.0 0.0 0.0 0.0 0.0 0.0 0.0 1.0 3.0 0.0 0.0 0.0 0.0 1.0 0.0 0.67 5.0 255.0 1.0 0.0 0.2 0.04 0.0 0.0 0.0 0.0
0.0 222.0 283.0 0.0 0.0 0.0 0.0 0.0 0.0 0.0 0.0 0.0 0.0 0.0 0.0 5.0 5.0 0.0 0.0 0.0 0.0 1.0 0.0 0.0 10.0 255.0 1.0 0.0 0.1 0.04 0.0 0.0 0.0 0.0
0.0 203.0 3632.0 0.0 0.0 0.0 0.0 0.0 0.0 0.0 0.0 0.0 0.0 0.0 0.0 5.0 6.0 0.0 0.0 0.0 0.0 1.0 0.0 0.33 20.0 255.0 1.0 0.0 0.05 0.04 0.0 0.0 0.0 0.0
0.0 213.0 605.0 0.0 0.0 0.0 0.0 0.0 0.0 0.0 0.0 0.0 0.0 0.0 0.0 4.0 20.0 0.0 0.0 0.0 0.0 1.0 0.0 0.2 5.0 255.0 1.0 0.0 0.2 0.04 0.0 0.0 0.0 0.0
0.0 217.0 2667.0 0.0 0.0 0.0 0.0 0.0 0.0 0.0 0.0 0.0 0.0 0.0 0.0 2.0 17.0 0.0 0.0 0.0 0.0 1.0 0.0 0.18 2.0 255.0 1.0 0.0 0.5 0.04 0.0 0.0 0.0 0.0
0.0 218.0 2559.0 0.0 0.0 0.0 0.0 0.0 0.0 0.0 0.0 0.0 0.0 0.0 0.0 12.0 31.0 0.0 0.0 0.0 0.0 1.0 0.0 0.13 12.0 255.0 1.0 0.0 0.08 0.04 0.0 0.0 0.0 0.0
0.0 207.0 744.0 0.0 0.0 0.0 0.0 0.0 0.0 0.0 0.0 0.0 0.0 0.0 0.0 4.0 19.0 0.0 0.0 0.0 0.0 1.0 0.0 0.16 22.0 255.0 1.0 0.0 0.05 0.04 0.0 0.0 0.0 0.0
0.0 205.0 672.0 0.0 0.0 0.0 0.0 0.0 0.0 0.0 0.0 0.0 0.0 0.0 0.0 14.0 29.0 0.0 0.0 0.0 0.0 1.0 0.0 0.1 32.0 255.0 1.0 0.0 0.03 0.04 0.0 0.0 0.0 0.0
0.0 214.0 1601.0 0.0 0.0 0.0 0.0 0.0 0.0 0.0 0.0 0.0 0.0 0.0 0.0 7.0 8.0 0.0 0.0 0.0 0.0 1.0 0.0 0.25 42.0 255.0 1.0 0.0 0.02 0.04 0.0 0.0 0.0 0.0
0.0 207.0 744.0 0.0 0.0 0.0 0.0 0.0 0.0 0.0 0.0 0.0 0.0 0.0 0.0 17.0 18.0 0.0 0.0 0.0 0.0 1.0 0.0 0.11 52.0 255.0 1.0 0.0 0.02 0.04 0.0 0.0 0.0 0.0
0.0 210.0 4876.0 0.0 0.0 0.0 0.0 0.0 0.0 0.0 0.0 0.0 0.0 0.0 0.0 10.0 10.0 0.0 0.0 0.0 0.0 1.0 0.0 0.0 62.0 255.0 1.0 0.0 0.02 0.04 0.0 0.0 0.0 0.0
0.0 213.0 2068.0 0.0 0.0 0.0 0.0 0.0 0.0 0.0 0.0 0.0 0.0 0.0 0.0 20.0 25.0 0.0 0.0 0.0 0.0 1.0 0.0 0.12 72.0 255.0 1.0 0.0 0.01 0.04 0.0 0.0 0.0 0.0
0.0 211.0 1390.0 0.0 0.0 0.0 0.0 0.0 0.0 0.0 0.0 0.0 0.0 0.0 0.0 10.0 13.0 0.0 0.0 0.0 0.0 1.0 0.0 0.23 82.0 255.0 1.0 0.0 0.01 0.04 0.0 0.0 0.0 0.0
0.0 205.0 288690.0 0.0 0.0 0.0 0.0 0.0 0.0 0.0 0.0 0.0 0.0 0.0 0.0 1.0 8.0 0.0 0.0 0.0 0.0 1.0 0.0 0.25 1.0 255.0 1.0 0.0 1.0 0.05 0.0 0.0 0.0 0.0
0.0 503.0 7605.0 0.0 0.0 0.0 0.0 0.0 0.0 0.0 0.0 0.0 0.0 0.0 0.0 1.0 1.0 0.0 0.0 0.0 0.0 1.0 0.0 0.0 2.0 255.0 1.0 0.0 0.5 0.05 0.0 0.0 0.0 0.0
0.0 308.0 7501.0 0.0 0.0 0.0 0.0 0.0 0.0 0.0 0.0 0.0 0.0 0.0 0.0 3.0 25.0 0.0 0.0 0.0 0.0 1.0 0.0 0.2 5.0 255.0 1.0 0.0 0.2 0.07 0.0 0.0 0.0 0.0
0.0 272.0 295.0 0.0 0.0 0.0 0.0 0.0 0.0 0.0 0.0 0.0 0.0 0.0 0.0 4.0 6.0 0.0 0.0 0.0 0.0 1.0 0.0 0.33 4.0 255.0 1.0 0.0 0.25 0.07 0.0 0.0 0.0 0.0
0.0 287.0 2418.0 0.0 0.0 0.0 0.0 0.0 0.0 0.0 0.0 0.0 0.0 0.0 0.0 7.0 7.0 0.0 0.0 0.0 0.0 1.0 0.0 0.0 7.0 255.0 1.0 0.0 0.14 0.08 0.0 0.0 0.0 0.0
0.0 306.0 1136.0 0.0 0.0 0.0 0.0 0.0 0.0 0.0 0.0 0.0 0.0 0.0 0.0 3.0 3.0 0.0 0.0 0.0 0.0 1.0 0.0 0.0 17.0 255.0 1.0 0.0 0.06 0.08 0.0 0.0 0.0 0.0
0.0 164.0 6281.0 0.0 0.0 0.0 0.0 0.0 0.0 0.0 0.0 0.0 0.0 0.0 0.0 1.0 1.0 0.0 0.0 0.0 0.0 1.0 0.0 0.0 27.0 255.0 1.0 0.0 0.04 0.08 0.0 0.0 0.0 0.0
0.0 216.0 2277.0 0.0 0.0 0.0 0.0 0.0 0.0 0.0 0.0 0.0 0.0 0.0 0.0 11.0 11.0 0.0 0.0 0.0 0.0 1.0 0.0 0.0 37.0 255.0 1.0 0.0 0.03 0.08 0.0 0.0 0.0 0.0
0.0 231.0 5177.0 0.0 0.0 0.0 0.0 0.0 0.0 0.0 0.0 0.0 0.0 0.0 0.0 7.0 7.0 0.0 0.0 0.0 0.0 1.0 0.0 0.0 7.0 255.0 1.0 0.0 0.14 0.08 0.0 0.0 0.0 0.0
0.0 230.0 2833.0 0.0 0.0 0.0 0.0 0.0 0.0 0.0 0.0 0.0 0.0 0.0 0.0 17.0 17.0 0.0 0.0 0.0 0.0 1.0 0.0 0.0 17.0 255.0 1.0 0.0 0.06 0.07 0.0 0.0 0.0 0.0
0.0 250.0 3390.0 0.0 0.0 0.0 0.0 0.0 0.0 0.0 0.0 0.0 0.0 0.0 0.0 8.0 16.0 0.0 0.0 0.0 0.0 1.0 0.0 0.12 27.0 255.0 1.0 0.0 0.04 0.07 0.0 0.0 0.0 0.0
0.0 262.0 9089.0 0.0 0.0 0.0 0.0 0.0 0.0 0.0 0.0 0.0 0.0 0.0 0.0 18.0 27.0 0.0 0.0 0.0 0.0 1.0 0.0 0.07 37.0 255.0 1.0 0.0 0.03 0.07 0.0 0.0 0.0 0.0
0.0 246.0 460.0 0.0 0.0 0.0 0.0 0.0 0.0 0.0 0.0 0.0 0.0 0.0 0.0 9.0 9.0 0.0 0.0 0.0 0.0 1.0 0.0 0.0 47.0 255.0 1.0 0.0 0.02 0.07 0.0 0.0 0.0 0.0
0.0 287.0 2215.0 0.0 0.0 0.0 0.0 0.0 0.0 0.0 0.0 0.0 0.0 0.0 0.0 5.0 5.0 0.0 0.0 0.0 0.0 1.0 0.0 0.0 5.0 255.0 1.0 0.0 0.2 0.07 0.0 0.0 0.0 0.0
0.0 149.0 13694.0 0.0 0.0 0.0 0.0 0.0 0.0 0.0 0.0 0.0 0.0 0.0 0.0 1.0 1.0 0.0 0.0 0.0 0.0 1.0 0.0 0.0 15.0 255.0 1.0 0.0 0.07 0.07 0.0 0.0 0.0 0.0
0.0 199.0 1478.0 0.0 0.0 0.0 0.0 0.0 0.0 0.0 0.0 0.0 0.0 0.0 0.0 11.0 15.0 0.0 0.0 0.0 0.0 1.0 0.0 0.33 25.0 255.0 1.0 0.0 0.04 0.06 0.0 0.0 0.0 0.0
0.0 286.0 5292.0 0.0 0.0 0.0 0.0 0.0 0.0 0.0 0.0 0.0 0.0 0.0 0.0 7.0 8.0 0.0 0.0 0.0 0.0 1.0 0.0 0.25 35.0 255.0 1.0 0.0 0.03 0.06 0.0 0.0 0.0 0.0
0.0 286.0 1277.0 0.0 0.0 0.0 0.0 0.0 0.0 0.0 0.0 0.0 0.0 0.0 0.0 3.0 3.0 0.0 0.0 0.0 0.0 1.0 0.0 0.0 3.0 255.0 1.0 0.0 0.33 0.06 0.0 0.0 0.0 0.0
0.0 285.0 981.0 0.0 0.0 0.0 0.0 0.0 0.0 0.0 0.0 0.0 0.0 0.0 0.0 13.0 13.0 0.0 0.0 0.0 0.0 1.0 0.0 0.0 13.0 255.0 1.0 0.0 0.08 0.06 0.0 0.0 0.0 0.0
0.0 283.0 272.0 0.0 0.0 0.0 0.0 0.0 0.0 0.0 0.0 0.0 0.0 0.0 0.0 10.0 10.0 0.0 0.0 0.0 0.0 1.0 0.0 0.0 23.0 255.0 1.0 0.0 0.04 0.06 0.0 0.0 0.0 0.0
0.0 213.0 1277.0 0.0 0.0 0.0 0.0 0.0 0.0 0.0 0.0 0.0 0.0 0.0 0.0 3.0 3.0 0.0 0.0 0.0 0.0 1.0 0.0 0.0 33.0 255.0 1.0 0.0 0.03 0.06 0.0 0.0 0.0 0.0
0.0 221.0 1049.0 0.0 0.0 0.0 0.0 0.0 0.0 0.0 0.0 0.0 0.0 0.0 0.0 13.0 13.0 0.0 0.0 0.0 0.0 1.0 0.0 0.0 43.0 255.0 1.0 0.0 0.02 0.06 0.0 0.0 0.0 0.0
0.0 213.0 292.0 0.0 0.0 0.0 0.0 0.0 0.0 0.0 0.0 0.0 0.0 0.0 0.0 6.0 16.0 0.0 0.0 0.0 0.0 1.0 0.0 0.12 53.0 255.0 1.0 0.0 0.02 0.06 0.0 0.0 0.0 0.0
0.0 229.0 981.0 0.0 0.0 0.0 0.0 0.0 0.0 0.0 0.0 0.0 0.0 0.0 0.0 3.0 3.0 0.0 0.0 0.0 0.0 1.0 0.0 0.0 63.0 255.0 1.0 0.0 0.02 0.06 0.0 0.0 0.0 0.0
0.0 232.0 2355.0 0.0 0.0 0.0 0.0 0.0 0.0 0.0 0.0 0.0 0.0 0.0 0.0 1.0 1.0 0.0 0.0 0.0 0.0 1.0 0.0 0.0 1.0 255.0 1.0 0.0 1.0 0.07 0.0 0.0 0.0 0.0
0.0 319.0 925.0 0.0 0.0 0.0 0.0 0.0 0.0 0.0 0.0 0.0 0.0 0.0 0.0 6.0 6.0 0.0 0.0 0.0 0.0 1.0 0.0 0.0 11.0 255.0 1.0 0.0 0.09 0.07 0.0 0.0 0.0 0.0
0.0 244.0 6171.0 0.0 0.0 0.0 0.0 0.0 0.0 0.0 0.0 0.0 0.0 0.0 0.0 8.0 8.0 0.0 0.0 0.0 0.0 1.0 0.0 0.0 8.0 255.0 1.0 0.0 0.12 0.06 0.0 0.0 0.0 0.0
0.0 276.0 171.0 0.0 0.0 0.0 0.0 0.0 0.0 0.0 0.0 0.0 0.0 0.0 0.0 18.0 18.0 0.0 0.0 0.0 0.0 1.0 0.0 0.0 18.0 255.0 1.0 0.0 0.06 0.04 0.0 0.0 0.0 0.0
0.0 234.0 10187.0 0.0 0.0 0.0 0.0 0.0 0.0 0.0 0.0 0.0 0.0 0.0 0.0 28.0 28.0 0.0 0.0 0.0 0.0 1.0 0.0 0.0 28.0 255.0 1.0 0.0 0.04 0.04 0.0 0.0 0.0 0.0
0.0 304.0 182.0 0.0 0.0 0.0 0.0 0.0 0.0 0.0 0.0 0.0 0.0 0.0 0.0 38.0 38.0 0.03 0.03 0.0 0.0 1.0 0.0 0.0 38.0 255.0 1.0 0.0 0.03 0.02 0.03 0.0 0.0 0.0
0.0 258.0 4713.0 0.0 0.0 0.0 0.0 0.0 0.0 0.0 0.0 0.0 0.0 0.0 0.0 8.0 8.0 0.0 0.0 0.0 0.0 1.0 0.0 0.0 48.0 255.0 1.0 0.0 0.02 0.02 0.02 0.0 0.0 0.0
0.0 317.0 11416.0 0.0 0.0 0.0 0.0 0.0 0.0 0.0 0.0 0.0 0.0 0.0 0.0 2.0 2.0 0.0 0.0 0.0 0.0 1.0 0.0 0.0 58.0 255.0 1.0 0.0 0.02 0.02 0.02 0.0 0.0 0.0
0.0 308.0 1434.0 0.0 0.0 0.0 0.0 0.0 0.0 0.0 0.0 0.0 0.0 0.0 0.0 9.0 16.0 0.0 0.0 0.0 0.0 1.0 0.0 0.19 68.0 255.0 1.0 0.0 0.01 0.02 0.01 0.0 0.0 0.0
0.0 235.0 591.0 0.0 0.0 0.0 0.0 0.0 0.0 0.0 0.0 0.0 0.0 0.0 0.0 1.0 1.0 0.0 0.0 0.0 0.0 1.0 0.0 0.0 2.0 255.0 1.0 0.0 0.5 0.02 0.0 0.0 0.0 0.0
0.0 281.0 21638.0 0.0 0.0 0.0 0.0 0.0 0.0 0.0 0.0 0.0 0.0 0.0 0.0 2.0 2.0 0.0 0.0 0.0 0.0 1.0 0.0 0.0 2.0 255.0 1.0 0.0 0.5 0.03 0.0 0.0 0.0 0.0
0.0 189.0 3484.0 0.0 0.0 0.0 0.0 0.0 0.0 0.0 0.0 0.0 0.0 0.0 0.0 3.0 6.0 0.0 0.0 0.0 0.0 1.0 0.0 0.33 5.0 255.0 1.0 0.0 0.2 0.04 0.0 0.0 0.0 0.0
0.0 287.0 1470.0 0.0 0.0 0.0 0.0 0.0 0.0 0.0 0.0 0.0 0.0 0.0 0.0 2.0 2.0 0.0 0.0 0.0 0.0 1.0 0.0 0.0 7.0 255.0 1.0 0.0 0.14 0.05 0.0 0.0 0.0 0.0
59.0 324.0 200.0 0.0 0.0 0.0 0.0 0.0 0.0 0.0 0.0 0.0 0.0 0.0 0.0 1.0 1.0 0.0 0.0 0.0 0.0 1.0 0.0 0.0 1.0 255.0 1.0 0.0 1.0 0.05 0.0 0.0 0.0 0.0
0.0 330.0 606.0 0.0 0.0 0.0 0.0 0.0 0.0 0.0 0.0 0.0 0.0 0.0 0.0 9.0 10.0 0.0 0.0 0.0 0.0 1.0 0.0 0.2 9.0 255.0 1.0 0.0 0.11 0.05 0.0 0.0 0.0 0.0
0.0 330.0 1342.0 0.0 0.0 0.0 0.0 0.0 0.0 0.0 0.0 0.0 0.0 0.0 0.0 19.0 20.0 0.0 0.0 0.0 0.0 1.0 0.0 0.1 19.0 255.0 1.0 0.0 0.05 0.05 0.0 0.0 0.0 0.0
0.0 323.0 2289.0 0.0 0.0 0.0 0.0 0.0 0.0 0.0 0.0 0.0 0.0 0.0 0.0 29.0 29.0 0.0 0.0 0.0 0.0 1.0 0.0 0.0 29.0 255.0 1.0 0.0 0.03 0.05 0.0 0.0 0.0 0.0
0.0 214.0 5662.0 0.0 0.0 0.0 0.0 0.0 0.0 0.0 0.0 0.0 0.0 0.0 0.0 10.0 10.0 0.0 0.0 0.0 0.0 1.0 0.0 0.0 39.0 255.0 1.0 0.0 0.03 0.05 0.0 0.0 0.0 0.0
0.0 215.0 3077.0 0.0 0.0 0.0 0.0 0.0 0.0 0.0 0.0 0.0 0.0 0.0 0.0 20.0 20.0 0.0 0.0 0.0 0.0 1.0 0.0 0.0 49.0 255.0 1.0 0.0 0.02 0.05 0.0 0.0 0.0 0.0
0.0 232.0 431.0 0.0 0.0 0.0 0.0 0.0 0.0 0.0 0.0 0.0 0.0 0.0 0.0 1.0 1.0 0.0 0.0 0.0 0.0 1.0 0.0 0.0 3.0 255.0 1.0 0.0 0.33 0.05 0.0 0.0 0.0 0.0
0.0 294.0 2056.0 0.0 0.0 0.0 0.0 0.0 0.0 0.0 0.0 0.0 0.0 0.0 0.0 2.0 3.0 0.0 0.0 0.0 0.0 1.0 0.0 0.67 8.0 255.0 1.0 0.0 0.12 0.06 0.0 0.0 0.0 0.0
0.0 293.0 12152.0 0.0 0.0 0.0 0.0 0.0 0.0 0.0 0.0 0.0 0.0 0.0 0.0 4.0 4.0 0.0 0.0 0.0 0.0 1.0 0.0 0.0 18.0 255.0 1.0 0.0 0.06 0.06 0.0 0.0 0.0 0.0
0.0 213.0 2056.0 0.0 0.0 0.0 0.0 0.0 0.0 0.0 0.0 0.0 0.0 0.0 0.0 2.0 6.0 0.0 0.0 0.0 0.0 1.0 0.0 0.5 28.0 255.0 1.0 0.0 0.04 0.06 0.0 0.0 0.0 0.0
0.0 240.0 24342.0 0.0 0.0 0.0 0.0 0.0 0.0 0.0 0.0 0.0 0.0 0.0 0.0 4.0 9.0 0.0 0.0 0.0 0.0 1.0 0.0 0.44 38.0 255.0 1.0 0.0 0.03 0.06 0.0 0.0 0.0 0.0
0.0 235.0 484.0 0.0 0.0 0.0 0.0 0.0 0.0 0.0 0.0 0.0 0.0 0.0 0.0 4.0 4.0 0.0 0.0 0.0 0.0 1.0 0.0 0.0 48.0 255.0 1.0 0.0 0.02 0.06 0.0 0.0 0.0 0.0
0.0 232.0 433.0 0.0 0.0 0.0 0.0 0.0 0.0 0.0 0.0 0.0 0.0 0.0 0.0 1.0 1.0 0.0 0.0 0.0 0.0 1.0 0.0 0.0 6.0 255.0 1.0 0.0 0.17 0.07 0.17 0.01 0.0 0.0
0.0 212.0 636.0 0.0 0.0 0.0 0.0 0.0 0.0 0.0 0.0 0.0 0.0 0.0 0.0 10.0 10.0 0.0 0.0 0.0 0.0 1.0 0.0 0.0 10.0 255.0 1.0 0.0 0.1 0.07 0.0 0.01 0.0 0.0
0.0 246.0 895.0 0.0 0.0 0.0 0.0 0.0 0.0 0.0 0.0 0.0 0.0 0.0 0.0 2.0 2.0 0.0 0.0 0.0 0.0 1.0 0.0 0.0 20.0 255.0 1.0 0.0 0.05 0.06 0.0 0.01 0.0 0.0
0.0 245.0 1930.0 0.0 0.0 0.0 0.0 0.0 0.0 0.0 0.0 0.0 0.0 0.0 0.0 12.0 12.0 0.0 0.0 0.0 0.0 1.0 0.0 0.0 30.0 255.0 1.0 0.0 0.03 0.06 0.0 0.01 0.0 0.0
0.0 239.0 3232.0 0.0 0.0 0.0 0.0 0.0 0.0 0.0 0.0 0.0 0.0 0.0 0.0 22.0 22.0 0.0 0.0 0.0 0.0 1.0 0.0 0.0 40.0 255.0 1.0 0.0 0.03 0.06 0.0 0.01 0.0 0.0
0.0 210.0 1551.0 0.0 0.0 0.0 0.0 0.0 0.0 0.0 0.0 0.0 0.0 0.0 0.0 9.0 9.0 0.0 0.0 0.0 0.0 1.0 0.0 0.0 50.0 255.0 1.0 0.0 0.02 0.06 0.0 0.0 0.0 0.0
0.0 162.0 14015.0 0.0 0.0 0.0 0.0 0.0 0.0 0.0 0.0 0.0 0.0 0.0 0.0 1.0 1.0 0.0 0.0 0.0 0.0 1.0 0.0 0.0 60.0 255.0 1.0 0.0 0.02 0.06 0.0 0.0 0.0 0.0
0.0 212.0 636.0 0.0 0.0 0.0 0.0 0.0 0.0 0.0 0.0 0.0 0.0 0.0 0.0 11.0 11.0 0.0 0.0 0.0 0.0 1.0 0.0 0.0 70.0 255.0 1.0 0.0 0.01 0.06 0.0 0.0 0.0 0.0
0.0 210.0 2811.0 0.0 0.0 0.0 0.0 0.0 0.0 0.0 0.0 0.0 0.0 0.0 0.0 3.0 4.0 0.0 0.0 0.0 0.0 1.0 0.0 0.5 3.0 255.0 1.0 0.0 0.33 0.07 0.0 0.0 0.0 0.0
0.0 213.0 8135.0 0.0 0.0 0.0 0.0 0.0 0.0 0.0 0.0 0.0 0.0 0.0 0.0 13.0 13.0 0.0 0.0 0.0 0.0 1.0 0.0 0.0 13.0 255.0 1.0 0.0 0.08 0.07 0.0 0.0 0.0 0.0
0.0 221.0 1941.0 0.0 0.0 0.0 0.0 0.0 0.0 0.0 0.0 0.0 0.0 0.0 0.0 5.0 5.0 0.0 0.0 0.0 0.0 1.0 0.0 0.0 23.0 255.0 1.0 0.0 0.04 0.06 0.0 0.0 0.0 0.0
0.0 234.0 4192.0 0.0 0.0 0.0 0.0 0.0 0.0 0.0 0.0 0.0 0.0 0.0 0.0 15.0 15.0 0.0 0.0 0.0 0.0 1.0 0.0 0.0 33.0 255.0 1.0 0.0 0.03 0.05 0.0 0.0 0.0 0.0
0.0 227.0 2038.0 0.0 0.0 0.0 0.0 0.0 0.0 0.0 0.0 0.0 0.0 0.0 0.0 7.0 7.0 0.0 0.0 0.0 0.0 1.0 0.0 0.0 43.0 255.0 1.0 0.0 0.02 0.04 0.0 0.0 0.0 0.0
0.0 223.0 16644.0 0.0 0.0 0.0 0.0 0.0 0.0 0.0 0.0 0.0 0.0 0.0 0.0 17.0 17.0 0.0 0.0 0.0 0.0 1.0 0.0 0.0 53.0 255.0 1.0 0.0 0.02 0.04 0.0 0.0 0.0 0.0
0.0 235.0 2811.0 0.0 0.0 0.0 0.0 0.0 0.0 0.0 0.0 0.0 0.0 0.0 0.0 4.0 4.0 0.0 0.0 0.0 0.0 1.0 0.0 0.0 63.0 255.0 1.0 0.0 0.02 0.03 0.0 0.0 0.0 0.0
0.0 240.0 8135.0 0.0 0.0 0.0 0.0 0.0 0.0 0.0 0.0 0.0 0.0 0.0 0.0 1.0 1.0 0.0 0.0 0.0 0.0 1.0 0.0 0.0 73.0 255.0 1.0 0.0 0.01 0.03 0.0 0.0 0.0 0.0
0.0 231.0 13832.0 0.0 0.0 0.0 0.0 0.0 0.0 0.0 0.0 0.0 0.0 0.0 0.0 11.0 11.0 0.0 0.0 0.0 0.0 1.0 0.0 0.0 83.0 255.0 1.0 0.0 0.01 0.03 0.0 0.0 0.0 0.0
0.0 232.0 11839.0 0.0 0.0 0.0 0.0 0.0 0.0 0.0 0.0 0.0 0.0 0.0 0.0 8.0 8.0 0.0 0.0 0.0 0.0 1.0 0.0 0.0 8.0 255.0 1.0 0.0 0.12 0.03 0.0 0.0 0.0 0.0
0.0 214.0 570.0 0.0 0.0 0.0 0.0 0.0 0.0 0.0 0.0 0.0 0.0 0.0 0.0 4.0 4.0 0.0 0.0 0.0 0.0 1.0 0.0 0.0 4.0 255.0 1.0 0.0 0.25 0.04 0.0 0.0 0.0 0.0
0.0 464.0 10068.0 0.0 0.0 0.0 0.0 0.0 0.0 0.0 0.0 0.0 0.0 0.0 0.0 1.0 6.0 0.0 0.0 0.0 0.0 1.0 0.0 0.33 4.0 255.0 1.0 0.0 0.25 0.04 0.0 0.0 0.0 0.0
0.0 198.0 2288.0 0.0 0.0 0.0 0.0 0.0 0.0 0.0 0.0 0.0 0.0 0.0 0.0 10.0 10.0 0.0 0.0 0.0 0.0 1.0 0.0 0.0 10.0 255.0 1.0 0.0 0.1 0.03 0.0 0.0 0.0 0.0
0.0 204.0 1843.0 0.0 0.0 0.0 0.0 0.0 0.0 0.0 0.0 0.0 0.0 0.0 0.0 8.0 9.0 0.0 0.0 0.0 0.0 1.0 0.0 0.22 20.0 255.0 1.0 0.0 0.05 0.03 0.0 0.0 0.0 0.0
0.0 315.0 2089.0 0.0 0.0 0.0 0.0 0.0 0.0 0.0 0.0 0.0 0.0 0.0 0.0 1.0 2.0 0.0 0.0 0.0 0.0 1.0 0.0 1.0 30.0 255.0 1.0 0.0 0.03 0.03 0.0 0.0 0.0 0.0
