0.0 0.0 0.0 0.0 0.0 0.0 0.0 0.0 0.0 0.0 0.0 0.0 0.0 0.0 0.0 229.0 7.0 1.0 1.0 0.0 0.0 0.03 0.07 0.0 255.0 7.0 0.03 0.07 0.0 0.0 1.0 1.0 0.0 0.0
0.0 0.0 0.0 0.0 0.0 0.0 0.0 0.0 0.0 0.0 0.0 0.0 0.0 0.0 0.0 239.0 19.0 1.0 1.0 0.0 0.0 0.08 0.07 0.0 255.0 19.0 0.07 0.07 0.0 0.0 1.0 1.0 0.0 0.0
0.0 0.0 0.0 0.0 0.0 0.0 0.0 0.0 0.0 0.0 0.0 0.0 0.0 0.0 0.0 249.0 17.0 1.0 1.0 0.0 0.0 0.07 0.06 0.0 255.0 17.0 0.07 0.06 0.0 0.0 1.0 1.0 0.0 0.0
0.0 0.0 0.0 0.0 0.0 0.0 0.0 0.0 0.0 0.0 0.0 0.0 0.0 0.0 0.0 259.0 5.0 1.0 1.0 0.0 0.0 0.02 0.07 0.0 255.0 5.0 0.02 0.07 0.0 0.0 1.0 1.0 0.0 0.0
0.0 0.0 0.0 0.0 0.0 0.0 0.0 0.0 0.0 0.0 0.0 0.0 0.0 0.0 0.0 269.0 7.0 1.0 1.0 0.0 0.0 0.03 0.06 0.0 255.0 7.0 0.03 0.07 0.0 0.0 1.0 1.0 0.0 0.0
0.0 0.0 0.0 0.0 0.0 0.0 0.0 0.0 0.0 0.0 0.0 0.0 0.0 0.0 0.0 279.0 20.0 1.0 1.0 0.0 0.0 0.07 0.06 0.0 255.0 20.0 0.08 0.07 0.0 0.0 1.0 1.0 0.0 0.0
0.0 0.0 0.0 0.0 0.0 0.0 0.0 0.0 0.0 0.0 0.0 0.0 0.0 0.0 0.0 289.0 17.0 1.0 1.0 0.0 0.0 0.06 0.06 0.0 255.0 17.0 0.07 0.07 0.0 0.0 1.0 1.0 0.0 0.0
0.0 0.0 0.0 0.0 0.0 0.0 0.0 0.0 0.0 0.0 0.0 0.0 0.0 0.0 0.0 299.0 7.0 1.0 1.0 0.0 0.0 0.02 0.06 0.0 255.0 7.0 0.03 0.07 0.0 0.0 1.0 1.0 0.0 0.0
0.0 0.0 0.0 0.0 0.0 0.0 0.0 0.0 0.0 0.0 0.0 0.0 0.0 0.0 0.0 209.0 6.0 1.0 1.0 0.0 0.0 0.03 0.07 0.0 255.0 6.0 0.02 0.08 0.0 0.0 1.0 1.0 0.0 0.0
0.0 0.0 0.0 0.0 0.0 0.0 0.0 0.0 0.0 0.0 0.0 0.0 0.0 0.0 0.0 219.0 8.0 1.0 1.0 0.0 0.0 0.04 0.08 0.0 255.0 8.0 0.03 0.08 0.0 0.0 1.0 1.0 0.0 0.0
0.0 0.0 0.0 0.0 0.0 0.0 0.0 0.0 0.0 0.0 0.0 0.0 0.0 0.0 0.0 229.0 2.0 1.0 1.0 0.0 0.0 0.01 0.07 0.0 255.0 2.0 0.01 0.08 0.0 0.0 1.0 1.0 0.0 0.0
0.0 0.0 0.0 0.0 0.0 0.0 0.0 0.0 0.0 0.0 0.0 0.0 0.0 0.0 0.0 239.0 18.0 1.0 1.0 0.0 0.0 0.08 0.07 0.0 255.0 18.0 0.07 0.08 0.0 0.0 1.0 1.0 0.0 0.0
0.0 0.0 0.0 0.0 0.0 0.0 0.0 0.0 0.0 0.0 0.0 0.0 0.0 0.0 0.0 249.0 12.0 1.0 1.0 0.0 0.0 0.05 0.07 0.0 255.0 12.0 0.05 0.08 0.0 0.0 1.0 1.0 0.0 0.0
0.0 0.0 0.0 0.0 0.0 0.0 0.0 0.0 0.0 0.0 0.0 0.0 0.0 0.0 0.0 259.0 17.0 1.0 1.0 0.0 0.0 0.07 0.07 0.0 255.0 17.0 0.07 0.07 0.0 0.0 1.0 1.0 0.0 0.0
0.0 0.0 0.0 0.0 0.0 0.0 0.0 0.0 0.0 0.0 0.0 0.0 0.0 0.0 0.0 269.0 14.0 1.0 1.0 0.0 0.0 0.05 0.06 0.0 255.0 14.0 0.05 0.07 0.0 0.0 1.0 1.0 0.0 0.0
0.0 0.0 0.0 0.0 0.0 0.0 0.0 0.0 0.0 0.0 0.0 0.0 0.0 0.0 0.0 279.0 10.0 1.0 1.0 0.0 0.0 0.04 0.06 0.0 255.0 10.0 0.04 0.07 0.0 0.0 1.0 1.0 0.0 0.0
0.0 0.0 0.0 0.0 0.0 0.0 0.0 0.0 0.0 0.0 0.0 0.0 0.0 0.0 0.0 289.0 12.0 1.0 1.0 0.0 0.0 0.04 0.06 0.0 255.0 12.0 0.05 0.07 0.0 0.0 1.0 1.0 0.0 0.0
0.0 0.0 0.0 0.0 0.0 0.0 0.0 0.0 0.0 0.0 0.0 0.0 0.0 0.0 0.0 299.0 16.0 1.0 1.0 0.0 0.0 0.05 0.06 0.0 255.0 16.0 0.06 0.07 0.0 0.0 1.0 1.0 0.0 0.0
0.0 0.0 0.0 0.0 0.0 0.0 0.0 0.0 0.0 0.0 0.0 0.0 0.0 0.0 0.0 209.0 9.0 1.0 1.0 0.0 0.0 0.04 0.07 0.0 255.0 9.0 0.04 0.07 0.0 0.0 1.0 1.0 0.0 0.0
0.0 0.0 0.0 0.0 0.0 0.0 0.0 0.0 0.0 0.0 0.0 0.0 0.0 0.0 0.0 219.0 6.0 1.0 1.0 0.0 0.0 0.03 0.07 0.0 255.0 6.0 0.02 0.07 0.0 0.0 1.0 1.0 0.0 0.0
0.0 0.0 0.0 0.0 0.0 0.0 0.0 0.0 0.0 0.0 0.0 0.0 0.0 0.0 0.0 229.0 19.0 1.0 1.0 0.0 0.0 0.08 0.07 0.0 255.0 19.0 0.07 0.07 0.0 0.0 1.0 1.0 0.0 0.0
0.0 0.0 0.0 0.0 0.0 0.0 0.0 0.0 0.0 0.0 0.0 0.0 0.0 0.0 0.0 239.0 16.0 1.0 1.0 0.0 0.0 0.07 0.07 0.0 255.0 16.0 0.06 0.07 0.0 0.0 1.0 1.0 0.0 0.0
0.0 0.0 0.0 0.0 0.0 0.0 0.0 0.0 0.0 0.0 0.0 0.0 0.0 0.0 0.0 249.0 9.0 1.0 1.0 0.0 0.0 0.04 0.06 0.0 255.0 9.0 0.04 0.07 0.0 0.0 1.0 1.0 0.0 0.0
0.0 0.0 0.0 0.0 0.0 0.0 0.0 0.0 0.0 0.0 0.0 0.0 0.0 0.0 0.0 259.0 7.0 1.0 1.0 0.0 0.0 0.03 0.06 0.0 255.0 7.0 0.03 0.06 0.0 0.0 1.0 1.0 0.0 0.0
0.0 0.0 0.0 0.0 0.0 0.0 0.0 0.0 0.0 0.0 0.0 0.0 0.0 0.0 0.0 269.0 19.0 1.0 1.0 0.0 0.0 0.07 0.06 0.0 255.0 19.0 0.07 0.06 0.0 0.0 1.0 1.0 0.0 0.0
0.0 0.0 0.0 0.0 0.0 0.0 0.0 0.0 0.0 0.0 0.0 0.0 0.0 0.0 0.0 279.0 1.0 1.0 1.0 0.0 0.0 0.0 0.06 0.0 255.0 1.0 0.0 0.06 0.0 0.0 1.0 1.0 0.0 0.0
0.0 0.0 0.0 0.0 0.0 0.0 0.0 0.0 0.0 0.0 0.0 0.0 0.0 0.0 0.0 189.0 2.0 1.0 1.0 0.0 0.0 0.01 0.06 0.0 255.0 2.0 0.01 0.06 0.0 0.0 1.0 1.0 0.0 0.0
0.0 0.0 0.0 0.0 0.0 0.0 0.0 0.0 0.0 0.0 0.0 0.0 0.0 0.0 0.0 199.0 6.0 1.0 1.0 0.0 0.0 0.03 0.07 0.0 255.0 6.0 0.02 0.07 0.0 0.0 1.0 1.0 0.0 0.0
0.0 0.0 0.0 0.0 0.0 0.0 0.0 0.0 0.0 0.0 0.0 0.0 0.0 0.0 0.0 209.0 9.0 1.0 1.0 0.0 0.0 0.04 0.07 0.0 255.0 9.0 0.04 0.07 0.0 0.0 1.0 1.0 0.0 0.0
0.0 0.0 0.0 0.0 0.0 0.0 0.0 0.0 0.0 0.0 0.0 0.0 0.0 0.0 0.0 219.0 7.0 1.0 1.0 0.0 0.0 0.03 0.07 0.0 255.0 7.0 0.03 0.07 0.0 0.0 1.0 1.0 0.0 0.0
0.0 0.0 0.0 0.0 0.0 0.0 0.0 0.0 0.0 0.0 0.0 0.0 0.0 0.0 0.0 229.0 12.0 1.0 1.0 0.0 0.0 0.05 0.07 0.0 255.0 12.0 0.05 0.07 0.0 0.0 1.0 1.0 0.0 0.0
0.0 0.0 0.0 0.0 0.0 0.0 0.0 0.0 0.0 0.0 0.0 0.0 0.0 0.0 0.0 239.0 7.0 1.0 1.0 0.0 0.0 0.03 0.06 0.0 255.0 7.0 0.03 0.06 0.0 0.0 1.0 1.0 0.0 0.0
0.0 0.0 0.0 0.0 0.0 0.0 0.0 0.0 0.0 0.0 0.0 0.0 0.0 0.0 0.0 249.0 2.0 1.0 1.0 0.0 0.0 0.01 0.06 0.0 255.0 2.0 0.01 0.07 0.0 0.0 1.0 1.0 0.0 0.0
0.0 0.0 0.0 0.0 0.0 0.0 0.0 0.0 0.0 0.0 0.0 0.0 0.0 0.0 0.0 259.0 17.0 1.0 1.0 0.0 0.0 0.07 0.06 0.0 255.0 17.0 0.07 0.06 0.0 0.0 1.0 1.0 0.0 0.0
0.0 0.0 0.0 0.0 0.0 0.0 0.0 0.0 0.0 0.0 0.0 0.0 0.0 0.0 0.0 269.0 11.0 1.0 1.0 0.0 0.0 0.04 0.06 0.0 255.0 11.0 0.04 0.06 0.0 0.0 1.0 1.0 0.0 0.0
0.0 0.0 0.0 0.0 0.0 0.0 0.0 0.0 0.0 0.0 0.0 0.0 0.0 0.0 0.0 279.0 15.0 1.0 1.0 0.0 0.0 0.05 0.06 0.0 255.0 15.0 0.06 0.06 0.0 0.0 1.0 1.0 0.0 0.0
0.0 0.0 0.0 0.0 0.0 0.0 0.0 0.0 0.0 0.0 0.0 0.0 0.0 0.0 0.0 189.0 1.0 1.0 1.0 0.0 0.0 0.01 0.06 0.0 255.0 1.0 0.0 0.06 0.0 0.0 1.0 1.0 0.0 0.0
0.0 0.0 0.0 0.0 0.0 0.0 0.0 0.0 0.0 0.0 0.0 0.0 0.0 0.0 0.0 199.0 13.0 1.0 1.0 0.0 0.0 0.07 0.09 0.0 255.0 13.0 0.05 0.08 0.0 0.0 1.0 1.0 0.0 0.0
0.0 0.0 0.0 0.0 0.0 0.0 0.0 0.0 0.0 0.0 0.0 0.0 0.0 0.0 0.0 209.0 6.0 1.0 1.0 0.0 0.0 0.03 0.08 0.0 255.0 6.0 0.02 0.08 0.0 0.0 1.0 1.0 0.0 0.0
0.0 0.0 0.0 0.0 0.0 0.0 0.0 0.0 0.0 0.0 0.0 0.0 0.0 0.0 0.0 219.0 5.0 1.0 1.0 0.0 0.0 0.02 0.08 0.0 255.0 5.0 0.02 0.08 0.0 0.0 1.0 1.0 0.0 0.0
0.0 0.0 0.0 0.0 0.0 0.0 0.0 0.0 0.0 0.0 0.0 0.0 0.0 0.0 0.0 229.0 16.0 1.0 1.0 0.0 0.0 0.07 0.07 0.0 255.0 16.0 0.06 0.07 0.0 0.0 1.0 1.0 0.0 0.0
0.0 0.0 0.0 0.0 0.0 0.0 0.0 0.0 0.0 0.0 0.0 0.0 0.0 0.0 0.0 239.0 15.0 1.0 1.0 0.0 0.0 0.06 0.07 0.0 255.0 15.0 0.06 0.07 0.0 0.0 1.0 1.0 0.0 0.0
0.0 0.0 0.0 0.0 0.0 0.0 0.0 0.0 0.0 0.0 0.0 0.0 0.0 0.0 0.0 249.0 7.0 1.0 1.0 0.0 0.0 0.03 0.07 0.0 255.0 7.0 0.03 0.07 0.0 0.0 1.0 1.0 0.0 0.0
0.0 0.0 0.0 0.0 0.0 0.0 0.0 0.0 0.0 0.0 0.0 0.0 0.0 0.0 0.0 259.0 6.0 1.0 1.0 0.0 0.0 0.02 0.07 0.0 255.0 6.0 0.02 0.07 0.0 0.0 1.0 1.0 0.0 0.0
0.0 0.0 0.0 0.0 0.0 0.0 0.0 0.0 0.0 0.0 0.0 0.0 0.0 0.0 0.0 269.0 16.0 1.0 1.0 0.0 0.0 0.06 0.06 0.0 255.0 16.0 0.06 0.06 0.0 0.0 1.0 1.0 0.0 0.0
0.0 0.0 0.0 0.0 0.0 0.0 0.0 0.0 0.0 0.0 0.0 0.0 0.0 0.0 0.0 279.0 15.0 1.0 1.0 0.0 0.0 0.05 0.06 0.0 255.0 15.0 0.06 0.06 0.0 0.0 1.0 1.0 0.0 0.0
0.0 0.0 0.0 0.0 0.0 0.0 0.0 0.0 0.0 0.0 0.0 0.0 0.0 0.0 0.0 201.0 1.0 1.0 1.0 0.0 0.0 0.0 0.06 0.0 255.0 1.0 0.0 0.06 0.0 0.0 1.0 1.0 0.0 0.0
0.0 0.0 0.0 0.0 0.0 0.0 0.0 0.0 0.0 0.0 0.0 0.0 0.0 0.0 0.0 211.0 4.0 1.0 1.0 0.0 0.0 0.02 0.07 0.0 255.0 4.0 0.02 0.07 0.0 0.0 1.0 1.0 0.0 0.0
0.0 0.0 0.0 0.0 0.0 0.0 0.0 0.0 0.0 0.0 0.0 0.0 0.0 0.0 0.0 221.0 11.0 1.0 1.0 0.0 0.0 0.05 0.07 0.0 255.0 11.0 0.04 0.07 0.0 0.0 1.0 1.0 0.0 0.0
0.0 0.0 0.0 0.0 0.0 0.0 0.0 0.0 0.0 0.0 0.0 0.0 0.0 0.0 0.0 231.0 4.0 1.0 1.0 0.0 0.0 0.02 0.06 0.0 255.0 4.0 0.02 0.07 0.0 0.0 1.0 1.0 0.0 0.0
0.0 0.0 0.0 0.0 0.0 0.0 0.0 0.0 0.0 0.0 0.0 0.0 0.0 0.0 0.0 241.0 15.0 1.0 1.0 0.0 0.0 0.06 0.06 0.0 255.0 15.0 0.06 0.06 0.0 0.0 1.0 1.0 0.0 0.0
0.0 0.0 0.0 0.0 0.0 0.0 0.0 0.0 0.0 0.0 0.0 0.0 0.0 0.0 0.0 251.0 20.0 1.0 1.0 0.0 0.0 0.08 0.06 0.0 255.0 20.0 0.08 0.06 0.0 0.0 1.0 1.0 0.0 0.0
0.0 0.0 0.0 0.0 0.0 0.0 0.0 0.0 0.0 0.0 0.0 0.0 0.0 0.0 0.0 261.0 17.0 1.0 1.0 0.0 0.0 0.07 0.06 0.0 255.0 17.0 0.07 0.06 0.0 0.0 1.0 1.0 0.0 0.0
0.0 0.0 0.0 0.0 0.0 0.0 0.0 0.0 0.0 0.0 0.0 0.0 0.0 0.0 0.0 271.0 10.0 1.0 1.0 0.0 0.0 0.04 0.06 0.0 255.0 10.0 0.04 0.06 0.0 0.0 1.0 1.0 0.0 0.0
0.0 0.0 0.0 0.0 0.0 0.0 0.0 0.0 0.0 0.0 0.0 0.0 0.0 0.0 0.0 281.0 16.0 1.0 1.0 0.0 0.0 0.06 0.06 0.0 255.0 16.0 0.06 0.06 0.0 0.0 1.0 1.0 0.0 0.0
0.0 0.0 0.0 0.0 0.0 0.0 0.0 0.0 0.0 0.0 0.0 0.0 0.0 0.0 0.0 291.0 16.0 1.0 1.0 0.0 0.0 0.05 0.05 0.0 255.0 16.0 0.06 0.06 0.0 0.0 1.0 1.0 0.0 0.0
0.0 0.0 0.0 0.0 0.0 0.0 0.0 0.0 0.0 0.0 0.0 0.0 0.0 0.0 0.0 201.0 12.0 1.0 1.0 0.0 0.0 0.06 0.06 0.0 255.0 12.0 0.05 0.06 0.0 0.0 1.0 1.0 0.0 0.0
0.0 0.0 0.0 0.0 0.0 0.0 0.0 0.0 0.0 0.0 0.0 0.0 0.0 0.0 0.0 211.0 15.0 1.0 1.0 0.0 0.0 0.07 0.07 0.0 255.0 15.0 0.06 0.07 0.0 0.0 1.0 1.0 0.0 0.0
0.0 0.0 0.0 0.0 0.0 0.0 0.0 0.0 0.0 0.0 0.0 0.0 0.0 0.0 0.0 221.0 9.0 1.0 1.0 0.0 0.0 0.04 0.07 0.0 255.0 9.0 0.04 0.07 0.0 0.0 1.0 1.0 0.0 0.0
0.0 0.0 0.0 0.0 0.0 0.0 0.0 0.0 0.0 0.0 0.0 0.0 0.0 0.0 0.0 231.0 6.0 1.0 1.0 0.0 0.0 0.03 0.07 0.0 255.0 6.0 0.02 0.07 0.0 0.0 1.0 1.0 0.0 0.0
0.0 0.0 0.0 0.0 0.0 0.0 0.0 0.0 0.0 0.0 0.0 0.0 0.0 0.0 0.0 241.0 19.0 1.0 1.0 0.0 0.0 0.08 0.07 0.0 255.0 19.0 0.07 0.07 0.0 0.0 1.0 1.0 0.0 0.0
0.0 0.0 0.0 0.0 0.0 0.0 0.0 0.0 0.0 0.0 0.0 0.0 0.0 0.0 0.0 251.0 1.0 1.0 1.0 0.0 0.0 0.0 0.07 0.0 255.0 1.0 0.0 0.07 0.0 0.0 1.0 1.0 0.0 0.0
0.0 0.0 0.0 0.0 0.0 0.0 0.0 0.0 0.0 0.0 0.0 0.0 0.0 0.0 0.0 261.0 20.0 1.0 1.0 0.0 0.0 0.08 0.07 0.0 255.0 20.0 0.08 0.07 0.0 0.0 1.0 1.0 0.0 0.0
0.0 0.0 0.0 0.0 0.0 0.0 0.0 0.0 0.0 0.0 0.0 0.0 0.0 0.0 0.0 271.0 7.0 1.0 1.0 0.0 0.0 0.03 0.06 0.0 255.0 7.0 0.03 0.06 0.0 0.0 1.0 1.0 0.0 0.0
0.0 0.0 0.0 0.0 0.0 0.0 0.0 0.0 0.0 0.0 0.0 0.0 0.0 0.0 0.0 281.0 17.0 1.0 1.0 0.0 0.0 0.06 0.06 0.0 255.0 17.0 0.07 0.06 0.0 0.0 1.0 1.0 0.0 0.0
0.0 0.0 0.0 0.0 0.0 0.0 0.0 0.0 0.0 0.0 0.0 0.0 0.0 0.0 0.0 291.0 17.0 1.0 1.0 0.0 0.0 0.06 0.06 0.0 255.0 17.0 0.07 0.06 0.0 0.0 1.0 1.0 0.0 0.0
0.0 0.0 0.0 0.0 0.0 0.0 0.0 0.0 0.0 0.0 0.0 0.0 0.0 0.0 0.0 201.0 1.0 1.0 1.0 0.0 0.0 0.0 0.06 0.0 255.0 1.0 0.0 0.07 0.0 0.0 1.0 1.0 0.0 0.0
0.0 0.0 0.0 0.0 0.0 0.0 0.0 0.0 0.0 0.0 0.0 0.0 0.0 0.0 0.0 211.0 5.0 1.0 1.0 0.0 0.0 0.02 0.07 0.0 255.0 5.0 0.02 0.07 0.0 0.0 1.0 1.0 0.0 0.0
0.0 0.0 0.0 0.0 0.0 0.0 0.0 0.0 0.0 0.0 0.0 0.0 0.0 0.0 0.0 221.0 10.0 1.0 1.0 0.0 0.0 0.05 0.07 0.0 255.0 10.0 0.04 0.07 0.0 0.0 1.0 1.0 0.0 0.0
0.0 0.0 0.0 0.0 0.0 0.0 0.0 0.0 0.0 0.0 0.0 0.0 0.0 0.0 0.0 231.0 8.0 1.0 1.0 0.0 0.0 0.03 0.06 0.0 255.0 8.0 0.03 0.07 0.0 0.0 1.0 1.0 0.0 0.0
0.0 0.0 0.0 0.0 0.0 0.0 0.0 0.0 0.0 0.0 0.0 0.0 0.0 0.0 0.0 241.0 3.0 1.0 1.0 0.0 0.0 0.01 0.06 0.0 255.0 3.0 0.01 0.07 0.0 0.0 1.0 1.0 0.0 0.0
0.0 0.0 0.0 0.0 0.0 0.0 0.0 0.0 0.0 0.0 0.0 0.0 0.0 0.0 0.0 251.0 10.0 1.0 1.0 0.0 0.0 0.04 0.06 0.0 255.0 10.0 0.04 0.06 0.0 0.0 1.0 1.0 0.0 0.0
0.0 0.0 0.0 0.0 0.0 0.0 0.0 0.0 0.0 0.0 0.0 0.0 0.0 0.0 0.0 261.0 14.0 1.0 1.0 0.0 0.0 0.05 0.06 0.0 255.0 14.0 0.05 0.06 0.0 0.0 1.0 1.0 0.0 0.0
0.0 0.0 0.0 0.0 0.0 0.0 0.0 0.0 0.0 0.0 0.0 0.0 0.0 0.0 0.0 271.0 20.0 1.0 1.0 0.0 0.0 0.07 0.06 0.0 255.0 20.0 0.08 0.06 0.0 0.0 1.0 1.0 0.0 0.0
0.0 0.0 0.0 0.0 0.0 0.0 0.0 0.0 0.0 0.0 0.0 0.0 0.0 0.0 0.0 181.0 2.0 1.0 1.0 0.0 0.0 0.01 0.08 0.0 255.0 2.0 0.01 0.07 0.0 0.0 1.0 1.0 0.0 0.0
0.0 0.0 0.0 0.0 0.0 0.0 0.0 0.0 0.0 0.0 0.0 0.0 0.0 0.0 0.0 191.0 10.0 1.0 1.0 0.0 0.0 0.05 0.08 0.0 255.0 10.0 0.04 0.07 0.0 0.0 1.0 1.0 0.0 0.0
0.0 0.0 0.0 0.0 0.0 0.0 0.0 0.0 0.0 0.0 0.0 0.0 0.0 0.0 0.0 201.0 15.0 1.0 1.0 0.0 0.0 0.07 0.07 0.0 255.0 15.0 0.06 0.07 0.0 0.0 1.0 1.0 0.0 0.0
0.0 0.0 0.0 0.0 0.0 0.0 0.0 0.0 0.0 0.0 0.0 0.0 0.0 0.0 0.0 211.0 12.0 1.0 1.0 0.0 0.0 0.06 0.07 0.0 255.0 12.0 0.05 0.07 0.0 0.0 1.0 1.0 0.0 0.0
0.0 0.0 0.0 0.0 0.0 0.0 0.0 0.0 0.0 0.0 0.0 0.0 0.0 0.0 0.0 221.0 5.0 1.0 1.0 0.0 0.0 0.02 0.07 0.0 255.0 5.0 0.02 0.07 0.0 0.0 1.0 1.0 0.0 0.0
0.0 0.0 0.0 0.0 0.0 0.0 0.0 0.0 0.0 0.0 0.0 0.0 0.0 0.0 0.0 231.0 6.0 1.0 1.0 0.0 0.0 0.03 0.07 0.0 255.0 6.0 0.02 0.07 0.0 0.0 1.0 1.0 0.0 0.0
0.0 0.0 0.0 0.0 0.0 0.0 0.0 0.0 0.0 0.0 0.0 0.0 0.0 0.0 0.0 241.0 15.0 1.0 1.0 0.0 0.0 0.06 0.07 0.0 255.0 15.0 0.06 0.07 0.0 0.0 1.0 1.0 0.0 0.0
0.0 0.0 0.0 0.0 0.0 0.0 0.0 0.0 0.0 0.0 0.0 0.0 0.0 0.0 0.0 251.0 16.0 1.0 1.0 0.0 0.0 0.06 0.06 0.0 255.0 16.0 0.06 0.07 0.0 0.0 1.0 1.0 0.0 0.0
0.0 0.0 0.0 0.0 0.0 0.0 0.0 0.0 0.0 0.0 0.0 0.0 0.0 0.0 0.0 261.0 9.0 1.0 1.0 0.0 0.0 0.03 0.06 0.0 255.0 9.0 0.04 0.06 0.0 0.0 1.0 1.0 0.0 0.0
0.0 0.0 0.0 0.0 0.0 0.0 0.0 0.0 0.0 0.0 0.0 0.0 0.0 0.0 0.0 271.0 15.0 1.0 1.0 0.0 0.0 0.06 0.06 0.0 255.0 15.0 0.06 0.06 0.0 0.0 1.0 1.0 0.0 0.0
0.0 0.0 0.0 0.0 0.0 0.0 0.0 0.0 0.0 0.0 0.0 0.0 0.0 0.0 0.0 183.0 6.0 1.0 1.0 0.0 0.0 0.03 0.07 0.0 255.0 6.0 0.02 0.07 0.0 0.0 1.0 1.0 0.0 0.0
0.0 0.0 0.0 0.0 0.0 0.0 0.0 0.0 0.0 0.0 0.0 0.0 0.0 0.0 0.0 193.0 3.0 1.0 1.0 0.0 0.0 0.02 0.07 0.0 255.0 3.0 0.01 0.07 0.0 0.0 1.0 1.0 0.0 0.0
0.0 0.0 0.0 0.0 0.0 0.0 0.0 0.0 0.0 0.0 0.0 0.0 0.0 0.0 0.0 203.0 1.0 1.0 1.0 0.0 0.0 0.0 0.07 0.0 255.0 1.0 0.0 0.07 0.0 0.0 1.0 1.0 0.0 0.0
0.0 0.0 0.0 0.0 0.0 0.0 0.0 0.0 0.0 0.0 0.0 0.0 0.0 0.0 0.0 213.0 13.0 1.0 1.0 0.0 0.0 0.06 0.07 0.0 255.0 13.0 0.05 0.07 0.0 0.0 1.0 1.0 0.0 0.0
0.0 0.0 0.0 0.0 0.0 0.0 0.0 0.0 0.0 0.0 0.0 0.0 0.0 0.0 0.0 223.0 10.0 1.0 1.0 0.0 0.0 0.04 0.06 0.0 255.0 10.0 0.04 0.07 0.0 0.0 1.0 1.0 0.0 0.0
0.0 0.0 0.0 0.0 0.0 0.0 0.0 0.0 0.0 0.0 0.0 0.0 0.0 0.0 0.0 233.0 11.0 1.0 1.0 0.0 0.0 0.05 0.06 0.0 255.0 11.0 0.04 0.07 0.0 0.0 1.0 1.0 0.0 0.0
0.0 0.0 0.0 0.0 0.0 0.0 0.0 0.0 0.0 0.0 0.0 0.0 0.0 0.0 0.0 243.0 16.0 1.0 1.0 0.0 0.0 0.07 0.06 0.0 255.0 16.0 0.06 0.06 0.0 0.0 1.0 1.0 0.0 0.0
0.0 0.0 0.0 0.0 0.0 0.0 0.0 0.0 0.0 0.0 0.0 0.0 0.0 0.0 0.0 253.0 16.0 1.0 1.0 0.0 0.0 0.06 0.06 0.0 255.0 16.0 0.06 0.06 0.0 0.0 1.0 1.0 0.0 0.0
0.0 0.0 0.0 0.0 0.0 0.0 0.0 0.0 0.0 0.0 0.0 0.0 0.0 0.0 0.0 263.0 11.0 1.0 1.0 0.0 0.0 0.04 0.06 0.0 255.0 11.0 0.04 0.06 0.0 0.0 1.0 1.0 0.0 0.0
0.0 0.0 0.0 0.0 0.0 0.0 0.0 0.0 0.0 0.0 0.0 0.0 0.0 0.0 0.0 273.0 20.0 1.0 1.0 0.0 0.0 0.07 0.05 0.0 255.0 20.0 0.08 0.06 0.0 0.0 1.0 1.0 0.0 0.0
0.0 0.0 0.0 0.0 0.0 0.0 0.0 0.0 0.0 0.0 0.0 0.0 0.0 0.0 0.0 209.0 5.0 1.0 1.0 0.0 0.0 0.02 0.07 0.0 255.0 5.0 0.02 0.07 0.0 0.0 1.0 1.0 0.0 0.0
0.0 0.0 0.0 0.0 0.0 0.0 0.0 0.0 0.0 0.0 0.0 0.0 0.0 0.0 0.0 219.0 3.0 1.0 1.0 0.0 0.0 0.01 0.07 0.0 255.0 3.0 0.01 0.07 0.0 0.0 1.0 1.0 0.0 0.0
0.0 0.0 0.0 0.0 0.0 0.0 0.0 0.0 0.0 0.0 0.0 0.0 0.0 0.0 0.0 229.0 14.0 1.0 1.0 0.0 0.0 0.06 0.07 0.0 255.0 14.0 0.05 0.07 0.0 0.0 1.0 1.0 0.0 0.0
0.0 0.0 0.0 0.0 0.0 0.0 0.0 0.0 0.0 0.0 0.0 0.0 0.0 0.0 0.0 239.0 13.0 1.0 1.0 0.0 0.0 0.05 0.07 0.0 255.0 13.0 0.05 0.07 0.0 0.0 1.0 1.0 0.0 0.0
0.0 0.0 0.0 0.0 0.0 0.0 0.0 0.0 0.0 0.0 0.0 0.0 0.0 0.0 0.0 249.0 10.0 1.0 1.0 0.0 0.0 0.04 0.06 0.0 255.0 10.0 0.04 0.07 0.0 0.0 1.0 1.0 0.0 0.0
0.0 0.0 0.0 0.0 0.0 0.0 0.0 0.0 0.0 0.0 0.0 0.0 0.0 0.0 0.0 259.0 3.0 1.0 1.0 0.0 0.0 0.01 0.07 0.0 255.0 3.0 0.01 0.07 0.0 0.0 1.0 1.0 0.0 0.0
0.0 0.0 0.0 0.0 0.0 0.0 0.0 0.0 0.0 0.0 0.0 0.0 0.0 0.0 0.0 269.0 20.0 1.0 1.0 0.0 0.0 0.07 0.06 0.0 255.0 20.0 0.08 0.06 0.0 0.0 1.0 1.0 0.0 0.0
0.0 0.0 0.0 0.0 0.0 0.0 0.0 0.0 0.0 0.0 0.0 0.0 0.0 0.0 0.0 279.0 13.0 1.0 1.0 0.0 0.0 0.05 0.06 0.0 255.0 13.0 0.05 0.06 0.0 0.0 1.0 1.0 0.0 0.0
0.0 0.0 0.0 0.0 0.0 0.0 0.0 0.0 0.0 0.0 0.0 0.0 0.0 0.0 0.0 289.0 16.0 1.0 1.0 0.0 0.0 0.06 0.06 0.0 255.0 16.0 0.06 0.06 0.0 0.0 1.0 1.0 0.0 0.0
0.0 0.0 0.0 0.0 0.0 0.0 0.0 0.0 0.0 0.0 0.0 0.0 0.0 0.0 0.0 299.0 20.0 1.0 1.0 0.0 0.0 0.07 0.06 0.0 255.0 20.0 0.08 0.06 0.0 0.0 1.0 1.0 0.0 0.0
0.0 0.0 0.0 0.0 0.0 0.0 0.0 0.0 0.0 0.0 0.0 0.0 0.0 0.0 0.0 209.0 11.0 1.0 1.0 0.0 0.0 0.05 0.06 0.0 255.0 11.0 0.04 0.06 0.0 0.0 1.0 1.0 0.0 0.0
0.0 0.0 0.0 0.0 0.0 0.0 0.0 0.0 0.0 0.0 0.0 0.0 0.0 0.0 0.0 219.0 4.0 1.0 1.0 0.0 0.0 0.02 0.06 0.0 255.0 4.0 0.02 0.06 0.0 0.0 1.0 1.0 0.0 0.0
0.0 0.0 0.0 0.0 0.0 0.0 0.0 0.0 0.0 0.0 0.0 0.0 0.0 0.0 0.0 229.0 1.0 1.0 1.0 0.0 0.0 0.0 0.07 0.0 255.0 1.0 0.0 0.07 0.0 0.0 1.0 1.0 0.0 0.0
0.0 0.0 0.0 0.0 0.0 0.0 0.0 0.0 0.0 0.0 0.0 0.0 0.0 0.0 0.0 239.0 14.0 1.0 1.0 0.0 0.0 0.06 0.06 0.0 255.0 14.0 0.05 0.06 0.0 0.0 1.0 1.0 0.0 0.0
0.0 0.0 0.0 0.0 0.0 0.0 0.0 0.0 0.0 0.0 0.0 0.0 0.0 0.0 0.0 249.0 11.0 1.0 1.0 0.0 0.0 0.04 0.06 0.0 255.0 11.0 0.04 0.06 0.0 0.0 1.0 1.0 0.0 0.0
0.0 0.0 0.0 0.0 0.0 0.0 0.0 0.0 0.0 0.0 0.0 0.0 0.0 0.0 0.0 259.0 5.0 1.0 1.0 0.0 0.0 0.02 0.06 0.0 255.0 5.0 0.02 0.06 0.0 0.0 1.0 1.0 0.0 0.0
0.0 0.0 0.0 0.0 0.0 0.0 0.0 0.0 0.0 0.0 0.0 0.0 0.0 0.0 0.0 269.0 2.0 1.0 1.0 0.0 0.0 0.01 0.06 0.0 255.0 2.0 0.01 0.06 0.0 0.0 1.0 1.0 0.0 0.0
0.0 0.0 0.0 0.0 0.0 0.0 0.0 0.0 0.0 0.0 0.0 0.0 0.0 0.0 0.0 279.0 15.0 1.0 1.0 0.0 0.0 0.05 0.06 0.0 255.0 15.0 0.06 0.06 0.0 0.0 1.0 1.0 0.0 0.0
0.0 0.0 0.0 0.0 0.0 0.0 0.0 0.0 0.0 0.0 0.0 0.0 0.0 0.0 0.0 289.0 12.0 1.0 1.0 0.0 0.0 0.04 0.06 0.0 255.0 12.0 0.05 0.06 0.0 0.0 1.0 1.0 0.0 0.0
0.0 0.0 0.0 0.0 0.0 0.0 0.0 0.0 0.0 0.0 0.0 0.0 0.0 0.0 0.0 299.0 20.0 1.0 1.0 0.0 0.0 0.07 0.06 0.0 255.0 20.0 0.08 0.07 0.0 0.0 1.0 1.0 0.0 0.0
0.0 0.0 0.0 0.0 0.0 0.0 0.0 0.0 0.0 0.0 0.0 0.0 0.0 0.0 0.0 209.0 5.0 1.0 1.0 0.0 0.0 0.02 0.07 0.0 255.0 5.0 0.02 0.07 0.0 0.0 1.0 1.0 0.0 0.0
0.0 0.0 0.0 0.0 0.0 0.0 0.0 0.0 0.0 0.0 0.0 0.0 0.0 0.0 0.0 219.0 10.0 1.0 1.0 0.0 0.0 0.05 0.07 0.0 255.0 10.0 0.04 0.07 0.0 0.0 1.0 1.0 0.0 0.0
0.0 0.0 0.0 0.0 0.0 0.0 0.0 0.0 0.0 0.0 0.0 0.0 0.0 0.0 0.0 229.0 7.0 1.0 1.0 0.0 0.0 0.03 0.07 0.0 255.0 7.0 0.03 0.07 0.0 0.0 1.0 1.0 0.0 0.0
0.0 0.0 0.0 0.0 0.0 0.0 0.0 0.0 0.0 0.0 0.0 0.0 0.0 0.0 0.0 239.0 20.0 1.0 1.0 0.0 0.0 0.08 0.06 0.0 255.0 20.0 0.08 0.07 0.0 0.0 1.0 1.0 0.0 0.0
0.0 0.0 0.0 0.0 0.0 0.0 0.0 0.0 0.0 0.0 0.0 0.0 0.0 0.0 0.0 249.0 17.0 1.0 1.0 0.0 0.0 0.07 0.06 0.0 255.0 17.0 0.07 0.07 0.0 0.0 1.0 1.0 0.0 0.0
0.0 0.0 0.0 0.0 0.0 0.0 0.0 0.0 0.0 0.0 0.0 0.0 0.0 0.0 0.0 259.0 10.0 1.0 1.0 0.0 0.0 0.04 0.06 0.0 255.0 10.0 0.04 0.06 0.0 0.0 1.0 1.0 0.0 0.0
0.0 0.0 0.0 0.0 0.0 0.0 0.0 0.0 0.0 0.0 0.0 0.0 0.0 0.0 0.0 269.0 12.0 1.0 1.0 0.0 0.0 0.04 0.06 0.0 255.0 12.0 0.05 0.06 0.0 0.0 1.0 1.0 0.0 0.0
0.0 0.0 0.0 0.0 0.0 0.0 0.0 0.0 0.0 0.0 0.0 0.0 0.0 0.0 0.0 279.0 20.0 1.0 1.0 0.0 0.0 0.07 0.06 0.0 255.0 20.0 0.08 0.06 0.0 0.0 1.0 1.0 0.0 0.0
0.0 0.0 0.0 0.0 0.0 0.0 0.0 0.0 0.0 0.0 0.0 0.0 0.0 0.0 0.0 189.0 2.0 1.0 1.0 0.0 0.0 0.01 0.06 0.0 255.0 2.0 0.01 0.07 0.0 0.0 1.0 1.0 0.0 0.0
0.0 0.0 0.0 0.0 0.0 0.0 0.0 0.0 0.0 0.0 0.0 0.0 0.0 0.0 0.0 199.0 4.0 1.0 1.0 0.0 0.0 0.02 0.07 0.0 255.0 4.0 0.02 0.07 0.0 0.0 1.0 1.0 0.0 0.0
0.0 0.0 0.0 0.0 0.0 0.0 0.0 0.0 0.0 0.0 0.0 0.0 0.0 0.0 0.0 209.0 9.0 1.0 1.0 0.0 0.0 0.04 0.07 0.0 255.0 9.0 0.04 0.07 0.0 0.0 1.0 1.0 0.0 0.0
0.0 0.0 0.0 0.0 0.0 0.0 0.0 0.0 0.0 0.0 0.0 0.0 0.0 0.0 0.0 219.0 4.0 1.0 1.0 0.0 0.0 0.02 0.07 0.0 255.0 4.0 0.02 0.07 0.0 0.0 1.0 1.0 0.0 0.0
0.0 0.0 0.0 0.0 0.0 0.0 0.0 0.0 0.0 0.0 0.0 0.0 0.0 0.0 0.0 229.0 1.0 1.0 1.0 0.0 0.0 0.0 0.07 0.0 255.0 1.0 0.0 0.07 0.0 0.0 1.0 1.0 0.0 0.0
0.0 0.0 0.0 0.0 0.0 0.0 0.0 0.0 0.0 0.0 0.0 0.0 0.0 0.0 0.0 239.0 14.0 1.0 1.0 0.0 0.0 0.06 0.07 0.0 255.0 14.0 0.05 0.07 0.0 0.0 1.0 1.0 0.0 0.0
0.0 0.0 0.0 0.0 0.0 0.0 0.0 0.0 0.0 0.0 0.0 0.0 0.0 0.0 0.0 249.0 11.0 1.0 1.0 0.0 0.0 0.04 0.06 0.0 255.0 11.0 0.04 0.07 0.0 0.0 1.0 1.0 0.0 0.0
0.0 0.0 0.0 0.0 0.0 0.0 0.0 0.0 0.0 0.0 0.0 0.0 0.0 0.0 0.0 259.0 8.0 1.0 1.0 0.0 0.0 0.03 0.06 0.0 255.0 8.0 0.03 0.06 0.0 0.0 1.0 1.0 0.0 0.0
0.0 0.0 0.0 0.0 0.0 0.0 0.0 0.0 0.0 0.0 0.0 0.0 0.0 0.0 0.0 269.0 12.0 1.0 1.0 0.0 0.0 0.04 0.06 0.0 255.0 12.0 0.05 0.06 0.0 0.0 1.0 1.0 0.0 0.0
0.0 0.0 0.0 0.0 0.0 0.0 0.0 0.0 0.0 0.0 0.0 0.0 0.0 0.0 0.0 279.0 18.0 1.0 1.0 0.0 0.0 0.06 0.06 0.0 255.0 18.0 0.07 0.06 0.0 0.0 1.0 1.0 0.0 0.0
0.0 0.0 0.0 0.0 0.0 0.0 0.0 0.0 0.0 0.0 0.0 0.0 0.0 0.0 0.0 189.0 2.0 1.0 1.0 0.0 0.0 0.01 0.06 0.0 255.0 2.0 0.01 0.06 0.0 0.0 1.0 1.0 0.0 0.0
0.0 0.0 0.0 0.0 0.0 0.0 0.0 0.0 0.0 0.0 0.0 0.0 0.0 0.0 0.0 199.0 14.0 1.0 1.0 0.0 0.0 0.07 0.08 0.0 255.0 14.0 0.05 0.07 0.0 0.0 1.0 1.0 0.0 0.0
0.0 0.0 0.0 0.0 0.0 0.0 0.0 0.0 0.0 0.0 0.0 0.0 0.0 0.0 0.0 209.0 7.0 1.0 1.0 0.0 0.0 0.03 0.07 0.0 255.0 7.0 0.03 0.07 0.0 0.0 1.0 1.0 0.0 0.0
0.0 0.0 0.0 0.0 0.0 0.0 0.0 0.0 0.0 0.0 0.0 0.0 0.0 0.0 0.0 219.0 4.0 1.0 1.0 0.0 0.0 0.02 0.07 0.0 255.0 4.0 0.02 0.07 0.0 0.0 1.0 1.0 0.0 0.0
0.0 0.0 0.0 0.0 0.0 0.0 0.0 0.0 0.0 0.0 0.0 0.0 0.0 0.0 0.0 229.0 17.0 1.0 1.0 0.0 0.0 0.07 0.07 0.0 255.0 17.0 0.07 0.07 0.0 0.0 1.0 1.0 0.0 0.0
0.0 0.0 0.0 0.0 0.0 0.0 0.0 0.0 0.0 0.0 0.0 0.0 0.0 0.0 0.0 239.0 14.0 1.0 1.0 0.0 0.0 0.06 0.07 0.0 255.0 14.0 0.05 0.07 0.0 0.0 1.0 1.0 0.0 0.0
0.0 0.0 0.0 0.0 0.0 0.0 0.0 0.0 0.0 0.0 0.0 0.0 0.0 0.0 0.0 249.0 8.0 1.0 1.0 0.0 0.0 0.03 0.06 0.0 255.0 8.0 0.03 0.07 0.0 0.0 1.0 1.0 0.0 0.0
0.0 0.0 0.0 0.0 0.0 0.0 0.0 0.0 0.0 0.0 0.0 0.0 0.0 0.0 0.0 259.0 6.0 1.0 1.0 0.0 0.0 0.02 0.06 0.0 255.0 6.0 0.02 0.06 0.0 0.0 1.0 1.0 0.0 0.0
0.0 0.0 0.0 0.0 0.0 0.0 0.0 0.0 0.0 0.0 0.0 0.0 0.0 0.0 0.0 269.0 17.0 1.0 1.0 0.0 0.0 0.06 0.06 0.0 255.0 17.0 0.07 0.06 0.0 0.0 1.0 1.0 0.0 0.0
0.0 0.0 0.0 0.0 0.0 0.0 0.0 0.0 0.0 0.0 0.0 0.0 0.0 0.0 0.0 279.0 5.0 1.0 1.0 0.0 0.0 0.02 0.06 0.0 255.0 5.0 0.02 0.06 0.0 0.0 1.0 1.0 0.0 0.0
0.0 0.0 0.0 0.0 0.0 0.0 0.0 0.0 0.0 0.0 0.0 0.0 0.0 0.0 0.0 203.0 2.0 1.0 1.0 0.0 0.0 0.01 0.06 0.0 255.0 2.0 0.01 0.07 0.0 0.0 1.0 1.0 0.0 0.0
0.0 0.0 0.0 0.0 0.0 0.0 0.0 0.0 0.0 0.0 0.0 0.0 0.0 0.0 0.0 213.0 6.0 1.0 1.0 0.0 0.0 0.03 0.07 0.0 255.0 6.0 0.02 0.07 0.0 0.0 1.0 1.0 0.0 0.0
0.0 0.0 0.0 0.0 0.0 0.0 0.0 0.0 0.0 0.0 0.0 0.0 0.0 0.0 0.0 223.0 3.0 1.0 1.0 0.0 0.0 0.01 0.06 0.0 255.0 3.0 0.01 0.07 0.0 0.0 1.0 1.0 0.0 0.0
0.0 0.0 0.0 0.0 0.0 0.0 0.0 0.0 0.0 0.0 0.0 0.0 0.0 0.0 0.0 233.0 16.0 1.0 1.0 0.0 0.0 0.07 0.06 0.0 255.0 16.0 0.06 0.07 0.0 0.0 1.0 1.0 0.0 0.0
0.0 0.0 0.0 0.0 0.0 0.0 0.0 0.0 0.0 0.0 0.0 0.0 0.0 0.0 0.0 243.0 13.0 1.0 1.0 0.0 0.0 0.05 0.06 0.0 255.0 13.0 0.05 0.07 0.0 0.0 1.0 1.0 0.0 0.0
0.0 0.0 0.0 0.0 0.0 0.0 0.0 0.0 0.0 0.0 0.0 0.0 0.0 0.0 0.0 253.0 9.0 1.0 1.0 0.0 0.0 0.04 0.06 0.0 255.0 9.0 0.04 0.07 0.0 0.0 1.0 1.0 0.0 0.0
0.0 0.0 0.0 0.0 0.0 0.0 0.0 0.0 0.0 0.0 0.0 0.0 0.0 0.0 0.0 263.0 2.0 1.0 1.0 0.0 0.0 0.01 0.06 0.0 255.0 2.0 0.01 0.06 0.0 0.0 1.0 1.0 0.0 0.0
0.0 0.0 0.0 0.0 0.0 0.0 0.0 0.0 0.0 0.0 0.0 0.0 0.0 0.0 0.0 273.0 18.0 1.0 1.0 0.0 0.0 0.07 0.06 0.0 255.0 18.0 0.07 0.06 0.0 0.0 1.0 1.0 0.0 0.0
0.0 0.0 0.0 0.0 0.0 0.0 0.0 0.0 0.0 0.0 0.0 0.0 0.0 0.0 0.0 283.0 12.0 1.0 1.0 0.0 0.0 0.04 0.06 0.0 255.0 12.0 0.05 0.06 0.0 0.0 1.0 1.0 0.0 0.0
0.0 0.0 0.0 0.0 0.0 0.0 0.0 0.0 0.0 0.0 0.0 0.0 0.0 0.0 0.0 293.0 17.0 1.0 1.0 0.0 0.0 0.06 0.05 0.0 255.0 17.0 0.07 0.06 0.0 0.0 1.0 1.0 0.0 0.0
0.0 0.0 0.0 0.0 0.0 0.0 0.0 0.0 0.0 0.0 0.0 0.0 0.0 0.0 0.0 203.0 2.0 1.0 1.0 0.0 0.0 0.01 0.07 0.0 255.0 2.0 0.01 0.07 0.0 0.0 1.0 1.0 0.0 0.0
0.0 0.0 0.0 0.0 0.0 0.0 0.0 0.0 0.0 0.0 0.0 0.0 0.0 0.0 0.0 213.0 3.0 1.0 1.0 0.0 0.0 0.01 0.07 0.0 255.0 3.0 0.01 0.07 0.0 0.0 1.0 1.0 0.0 0.0
0.0 0.0 0.0 0.0 0.0 0.0 0.0 0.0 0.0 0.0 0.0 0.0 0.0 0.0 0.0 223.0 20.0 1.0 1.0 0.0 0.0 0.09 0.07 0.0 255.0 20.0 0.08 0.07 0.0 0.0 1.0 1.0 0.0 0.0
0.0 0.0 0.0 0.0 0.0 0.0 0.0 0.0 0.0 0.0 0.0 0.0 0.0 0.0 0.0 233.0 13.0 1.0 1.0 0.0 0.0 0.06 0.07 0.0 255.0 13.0 0.05 0.08 0.0 0.0 1.0 1.0 0.0 0.0
0.0 0.0 0.0 0.0 0.0 0.0 0.0 0.0 0.0 0.0 0.0 0.0 0.0 0.0 0.0 243.0 10.0 1.0 1.0 0.0 0.0 0.04 0.07 0.0 255.0 10.0 0.04 0.07 0.0 0.0 1.0 1.0 0.0 0.0
0.0 0.0 0.0 0.0 0.0 0.0 0.0 0.0 0.0 0.0 0.0 0.0 0.0 0.0 0.0 253.0 3.0 1.0 1.0 0.0 0.0 0.01 0.07 0.0 255.0 3.0 0.01 0.07 0.0 0.0 1.0 1.0 0.0 0.0
0.0 0.0 0.0 0.0 0.0 0.0 0.0 0.0 0.0 0.0 0.0 0.0 0.0 0.0 0.0 263.0 20.0 1.0 1.0 0.0 0.0 0.08 0.06 0.0 255.0 20.0 0.08 0.06 0.0 0.0 1.0 1.0 0.0 0.0
0.0 0.0 0.0 0.0 0.0 0.0 0.0 0.0 0.0 0.0 0.0 0.0 0.0 0.0 0.0 273.0 12.0 1.0 1.0 0.0 0.0 0.04 0.06 0.0 255.0 12.0 0.05 0.06 0.0 0.0 1.0 1.0 0.0 0.0
0.0 0.0 0.0 0.0 0.0 0.0 0.0 0.0 0.0 0.0 0.0 0.0 0.0 0.0 0.0 283.0 13.0 1.0 1.0 0.0 0.0 0.05 0.06 0.0 255.0 13.0 0.05 0.06 0.0 0.0 1.0 1.0 0.0 0.0
0.0 0.0 0.0 0.0 0.0 0.0 0.0 0.0 0.0 0.0 0.0 0.0 0.0 0.0 0.0 293.0 5.0 1.0 1.0 0.0 0.0 0.02 0.06 0.0 255.0 5.0 0.02 0.06 0.0 0.0 1.0 1.0 0.0 0.0
0.0 0.0 0.0 0.0 0.0 0.0 0.0 0.0 0.0 0.0 0.0 0.0 0.0 0.0 0.0 203.0 2.0 1.0 1.0 0.0 0.0 0.01 0.06 0.0 255.0 2.0 0.01 0.07 0.0 0.0 1.0 1.0 0.0 0.0
0.0 0.0 0.0 0.0 0.0 0.0 0.0 0.0 0.0 0.0 0.0 0.0 0.0 0.0 0.0 213.0 6.0 1.0 1.0 0.0 0.0 0.03 0.07 0.0 255.0 6.0 0.02 0.07 0.0 0.0 1.0 1.0 0.0 0.0
0.0 0.0 0.0 0.0 0.0 0.0 0.0 0.0 0.0 0.0 0.0 0.0 0.0 0.0 0.0 223.0 9.0 1.0 1.0 0.0 0.0 0.04 0.06 0.0 255.0 9.0 0.04 0.06 0.0 0.0 1.0 1.0 0.0 0.0
0.0 0.0 0.0 0.0 0.0 0.0 0.0 0.0 0.0 0.0 0.0 0.0 0.0 0.0 0.0 233.0 8.0 1.0 1.0 0.0 0.0 0.03 0.06 0.0 255.0 8.0 0.03 0.06 0.0 0.0 1.0 1.0 0.0 0.0
0.0 0.0 0.0 0.0 0.0 0.0 0.0 0.0 0.0 0.0 0.0 0.0 0.0 0.0 0.0 243.0 13.0 1.0 1.0 0.0 0.0 0.05 0.06 0.0 255.0 13.0 0.05 0.06 0.0 0.0 1.0 1.0 0.0 0.0
0.0 0.0 0.0 0.0 0.0 0.0 0.0 0.0 0.0 0.0 0.0 0.0 0.0 0.0 0.0 253.0 18.0 1.0 1.0 0.0 0.0 0.07 0.06 0.0 255.0 18.0 0.07 0.06 0.0 0.0 1.0 1.0 0.0 0.0
0.0 0.0 0.0 0.0 0.0 0.0 0.0 0.0 0.0 0.0 0.0 0.0 0.0 0.0 0.0 163.0 1.0 1.0 1.0 0.0 0.0 0.01 0.07 0.0 255.0 1.0 0.0 0.06 0.0 0.0 1.0 1.0 0.0 0.0
0.0 0.0 0.0 0.0 0.0 0.0 0.0 0.0 0.0 0.0 0.0 0.0 0.0 0.0 0.0 173.0 8.0 1.0 1.0 0.0 0.0 0.05 0.07 0.0 255.0 8.0 0.03 0.06 0.0 0.0 1.0 1.0 0.0 0.0
0.0 0.0 0.0 0.0 0.0 0.0 0.0 0.0 0.0 0.0 0.0 0.0 0.0 0.0 0.0 183.0 1.0 1.0 1.0 0.0 0.0 0.01 0.08 0.0 255.0 1.0 0.0 0.07 0.0 0.0 1.0 1.0 0.0 0.0
0.0 0.0 0.0 0.0 0.0 0.0 0.0 0.0 0.0 0.0 0.0 0.0 0.0 0.0 0.0 193.0 17.0 1.0 1.0 0.0 0.0 0.09 0.07 0.0 255.0 17.0 0.07 0.07 0.0 0.0 1.0 1.0 0.0 0.0
0.0 0.0 0.0 0.0 0.0 0.0 0.0 0.0 0.0 0.0 0.0 0.0 0.0 0.0 0.0 203.0 2.0 1.0 1.0 0.0 0.0 0.01 0.07 0.0 255.0 2.0 0.01 0.07 0.0 0.0 1.0 1.0 0.0 0.0
0.0 0.0 0.0 0.0 0.0 0.0 0.0 0.0 0.0 0.0 0.0 0.0 0.0 0.0 0.0 213.0 19.0 1.0 1.0 0.0 0.0 0.09 0.07 0.0 255.0 19.0 0.07 0.07 0.0 0.0 1.0 1.0 0.0 0.0
0.0 0.0 0.0 0.0 0.0 0.0 0.0 0.0 0.0 0.0 0.0 0.0 0.0 0.0 0.0 223.0 12.0 1.0 1.0 0.0 0.0 0.05 0.07 0.0 255.0 12.0 0.05 0.07 0.0 0.0 1.0 1.0 0.0 0.0
0.0 0.0 0.0 0.0 0.0 0.0 0.0 0.0 0.0 0.0 0.0 0.0 0.0 0.0 0.0 233.0 20.0 1.0 1.0 0.0 0.0 0.09 0.06 0.0 255.0 20.0 0.08 0.07 0.0 0.0 1.0 1.0 0.0 0.0
0.0 0.0 0.0 0.0 0.0 0.0 0.0 0.0 0.0 0.0 0.0 0.0 0.0 0.0 0.0 243.0 17.0 1.0 1.0 0.0 0.0 0.07 0.06 0.0 255.0 17.0 0.07 0.07 0.0 0.0 1.0 1.0 0.0 0.0
0.0 0.0 0.0 0.0 0.0 0.0 0.0 0.0 0.0 0.0 0.0 0.0 0.0 0.0 0.0 253.0 17.0 1.0 1.0 0.0 0.0 0.07 0.06 0.0 255.0 17.0 0.07 0.07 0.0 0.0 1.0 1.0 0.0 0.0
0.0 0.0 0.0 0.0 0.0 0.0 0.0 0.0 0.0 0.0 0.0 0.0 0.0 0.0 0.0 163.0 1.0 1.0 1.0 0.0 0.0 0.01 0.07 0.0 255.0 1.0 0.0 0.06 0.0 0.0 1.0 1.0 0.0 0.0
0.0 0.0 0.0 0.0 0.0 0.0 0.0 0.0 0.0 0.0 0.0 0.0 0.0 0.0 0.0 173.0 5.0 1.0 1.0 0.0 0.0 0.03 0.08 0.0 255.0 5.0 0.02 0.07 0.0 0.0 1.0 1.0 0.0 0.0
0.0 0.0 0.0 0.0 0.0 0.0 0.0 0.0 0.0 0.0 0.0 0.0 0.0 0.0 0.0 183.0 17.0 1.0 1.0 0.0 0.0 0.09 0.07 0.0 255.0 17.0 0.07 0.07 0.0 0.0 1.0 1.0 0.0 0.0
0.0 0.0 0.0 0.0 0.0 0.0 0.0 0.0 0.0 0.0 0.0 0.0 0.0 0.0 0.0 193.0 15.0 1.0 1.0 0.0 0.0 0.08 0.07 0.0 255.0 15.0 0.06 0.07 0.0 0.0 1.0 1.0 0.0 0.0
0.0 0.0 0.0 0.0 0.0 0.0 0.0 0.0 0.0 0.0 0.0 0.0 0.0 0.0 0.0 203.0 8.0 1.0 1.0 0.0 0.0 0.04 0.07 0.0 255.0 8.0 0.03 0.07 0.0 0.0 1.0 1.0 0.0 0.0
0.0 0.0 0.0 0.0 0.0 0.0 0.0 0.0 0.0 0.0 0.0 0.0 0.0 0.0 0.0 213.0 6.0 1.0 1.0 0.0 0.0 0.03 0.07 0.0 255.0 6.0 0.02 0.07 0.0 0.0 1.0 1.0 0.0 0.0
0.0 0.0 0.0 0.0 0.0 0.0 0.0 0.0 0.0 0.0 0.0 0.0 0.0 0.0 0.0 223.0 2.0 1.0 1.0 0.0 0.0 0.01 0.06 0.0 255.0 2.0 0.01 0.06 0.0 0.0 1.0 1.0 0.0 0.0
0.0 0.0 0.0 0.0 0.0 0.0 0.0 0.0 0.0 0.0 0.0 0.0 0.0 0.0 0.0 233.0 8.0 1.0 1.0 0.0 0.0 0.03 0.06 0.0 255.0 8.0 0.03 0.06 0.0 0.0 1.0 1.0 0.0 0.0
0.0 0.0 0.0 0.0 0.0 0.0 0.0 0.0 0.0 0.0 0.0 0.0 0.0 0.0 0.0 243.0 12.0 1.0 1.0 0.0 0.0 0.05 0.06 0.0 255.0 12.0 0.05 0.06 0.0 0.0 1.0 1.0 0.0 0.0
0.0 0.0 0.0 0.0 0.0 0.0 0.0 0.0 0.0 0.0 0.0 0.0 0.0 0.0 0.0 253.0 16.0 1.0 1.0 0.0 0.0 0.06 0.06 0.0 255.0 16.0 0.06 0.06 0.0 0.0 1.0 1.0 0.0 0.0
0.0 0.0 0.0 0.0 0.0 0.0 0.0 0.0 0.0 0.0 0.0 0.0 0.0 0.0 0.0 203.0 1.0 1.0 1.0 0.0 0.0 0.0 0.07 0.0 255.0 1.0 0.0 0.06 0.0 0.0 1.0 1.0 0.0 0.0
0.0 0.0 0.0 0.0 0.0 0.0 0.0 0.0 0.0 0.0 0.0 0.0 0.0 0.0 0.0 213.0 6.0 1.0 1.0 0.0 0.0 0.03 0.07 0.0 255.0 6.0 0.02 0.06 0.0 0.0 1.0 1.0 0.0 0.0
0.0 0.0 0.0 0.0 0.0 0.0 0.0 0.0 0.0 0.0 0.0 0.0 0.0 0.0 0.0 223.0 10.0 1.0 1.0 0.0 0.0 0.04 0.07 0.0 255.0 10.0 0.04 0.07 0.0 0.0 1.0 1.0 0.0 0.0
0.0 0.0 0.0 0.0 0.0 0.0 0.0 0.0 0.0 0.0 0.0 0.0 0.0 0.0 0.0 233.0 9.0 1.0 1.0 0.0 0.0 0.04 0.06 0.0 255.0 9.0 0.04 0.07 0.0 0.0 1.0 1.0 0.0 0.0
0.0 0.0 0.0 0.0 0.0 0.0 0.0 0.0 0.0 0.0 0.0 0.0 0.0 0.0 0.0 243.0 2.0 1.0 1.0 0.0 0.0 0.01 0.07 0.0 255.0 2.0 0.01 0.07 0.0 0.0 1.0 1.0 0.0 0.0
0.0 0.0 0.0 0.0 0.0 0.0 0.0 0.0 0.0 0.0 0.0 0.0 0.0 0.0 0.0 253.0 20.0 1.0 1.0 0.0 0.0 0.08 0.06 0.0 255.0 20.0 0.08 0.07 0.0 0.0 1.0 1.0 0.0 0.0
0.0 0.0 0.0 0.0 0.0 0.0 0.0 0.0 0.0 0.0 0.0 0.0 0.0 0.0 0.0 263.0 12.0 1.0 1.0 0.0 0.0 0.05 0.06 0.0 255.0 12.0 0.05 0.07 0.0 0.0 1.0 1.0 0.0 0.0
0.0 0.0 0.0 0.0 0.0 0.0 0.0 0.0 0.0 0.0 0.0 0.0 0.0 0.0 0.0 273.0 10.0 1.0 1.0 0.0 0.0 0.04 0.06 0.0 255.0 10.0 0.04 0.07 0.0 0.0 1.0 1.0 0.0 0.0
0.0 0.0 0.0 0.0 0.0 0.0 0.0 0.0 0.0 0.0 0.0 0.0 0.0 0.0 0.0 283.0 15.0 1.0 1.0 0.0 0.0 0.05 0.06 0.0 255.0 15.0 0.06 0.07 0.0 0.0 1.0 1.0 0.0 0.0
0.0 0.0 0.0 0.0 0.0 0.0 0.0 0.0 0.0 0.0 0.0 0.0 0.0 0.0 0.0 293.0 8.0 1.0 1.0 0.0 0.0 0.03 0.06 0.0 255.0 8.0 0.03 0.07 0.0 0.0 1.0 1.0 0.0 0.0
0.0 0.0 0.0 0.0 0.0 0.0 0.0 0.0 0.0 0.0 0.0 0.0 0.0 0.0 0.0 203.0 10.0 1.0 1.0 0.0 0.0 0.05 0.06 0.0 255.0 10.0 0.04 0.07 0.0 0.0 1.0 1.0 0.0 0.0
0.0 0.0 0.0 0.0 0.0 0.0 0.0 0.0 0.0 0.0 0.0 0.0 0.0 0.0 0.0 213.0 6.0 1.0 1.0 0.0 0.0 0.03 0.06 0.0 255.0 6.0 0.02 0.07 0.0 0.0 1.0 1.0 0.0 0.0
