0.0 293.0 1685.0 0.0 0.0 0.0 0.0 0.0 0.0 0.0 0.0 0.0 0.0 0.0 0.0 6.0 9.0 0.0 0.0 0.0 0.0 1.0 0.0 0.44 6.0 255.0 1.0 0.0 0.17 0.01 0.0 0.0 0.0 0.0
0.0 287.0 307.0 0.0 0.0 0.0 0.0 0.0 0.0 0.0 0.0 0.0 0.0 0.0 0.0 9.0 9.0 0.0 0.0 0.0 0.0 1.0 0.0 0.0 16.0 255.0 1.0 0.0 0.06 0.01 0.0 0.0 0.0 0.0
0.0 192.0 754.0 0.0 0.0 0.0 0.0 0.0 0.0 0.0 0.0 0.0 0.0 0.0 0.0 1.0 6.0 0.0 0.0 0.0 0.0 1.0 0.0 0.5 10.0 255.0 1.0 0.0 0.1 0.02 0.0 0.0 0.0 0.0
0.0 210.0 764.0 0.0 0.0 0.0 0.0 0.0 0.0 0.0 0.0 0.0 0.0 0.0 0.0 3.0 24.0 0.0 0.0 0.0 0.0 1.0 0.0 0.21 20.0 255.0 1.0 0.0 0.05 0.02 0.0 0.0 0.0 0.0
0.0 279.0 5592.0 0.0 0.0 0.0 0.0 0.0 0.0 0.0 0.0 0.0 0.0 0.0 0.0 2.0 2.0 0.0 0.0 0.0 0.0 1.0 0.0 0.0 30.0 255.0 1.0 0.0 0.03 0.02 0.0 0.0 0.0 0.0
0.0 309.0 762.0 0.0 0.0 0.0 0.0 0.0 0.0 0.0 0.0 0.0 0.0 0.0 0.0 5.0 31.0 0.0 0.0 0.0 0.0 1.0 0.0 0.16 40.0 255.0 1.0 0.0 0.03 0.02 0.0 0.0 0.0 0.0
0.0 192.0 765.0 0.0 0.0 0.0 0.0 0.0 0.0 0.0 0.0 0.0 0.0 0.0 0.0 1.0 2.0 0.0 0.0 0.0 0.0 1.0 0.0 1.0 50.0 255.0 1.0 0.0 0.02 0.02 0.0 0.0 0.0 0.0
0.0 279.0 762.0 0.0 0.0 0.0 0.0 0.0 0.0 0.0 0.0 0.0 0.0 0.0 0.0 4.0 19.0 0.0 0.0 0.0 0.0 1.0 0.0 0.11 60.0 255.0 1.0 0.0 0.02 0.02 0.0 0.0 0.0 0.0
0.0 281.0 754.0 0.0 0.0 0.0 0.0 0.0 0.0 0.0 0.0 0.0 0.0 0.0 0.0 2.0 94.0 0.0 0.01 0.0 0.0 1.0 0.0 0.1 70.0 255.0 1.0 0.0 0.01 0.02 0.0 0.0 0.0 0.0
0.0 193.0 759.0 0.0 0.0 0.0 0.0 0.0 0.0 0.0 0.0 0.0 0.0 0.0 0.0 4.0 18.0 0.0 0.0 0.0 0.0 1.0 0.0 0.11 80.0 255.0 1.0 0.0 0.01 0.02 0.0 0.0 0.0 0.0
0.0 209.0 765.0 0.0 0.0 0.0 0.0 0.0 0.0 0.0 0.0 0.0 0.0 0.0 0.0 2.0 5.0 0.0 0.0 0.0 0.0 1.0 0.0 0.6 90.0 255.0 1.0 0.0 0.01 0.02 0.0 0.0 0.0 0.0
0.0 208.0 762.0 0.0 0.0 0.0 0.0 0.0 0.0 0.0 0.0 0.0 0.0 0.0 0.0 4.0 33.0 0.0 0.0 0.0 0.0 1.0 0.0 0.15 100.0 255.0 1.0 0.0 0.01 0.02 0.0 0.0 0.0 0.0
0.0 209.0 759.0 0.0 0.0 0.0 0.0 0.0 0.0 0.0 0.0 0.0 0.0 0.0 0.0 3.0 5.0 0.0 0.0 0.0 0.0 1.0 0.0 0.4 110.0 255.0 1.0 0.0 0.01 0.02 0.0 0.0 0.0 0.0
0.0 209.0 759.0 0.0 0.0 0.0 0.0 0.0 0.0 0.0 0.0 0.0 0.0 0.0 0.0 3.0 8.0 0.0 0.0 0.0 0.0 1.0 0.0 0.38 120.0 255.0 1.0 0.0 0.01 0.02 0.0 0.0 0.0 0.0
0.0 210.0 764.0 0.0 0.0 0.0 0.0 0.0 0.0 0.0 0.0 0.0 0.0 0.0 0.0 1.0 4.0 0.0 0.0 0.0 0.0 1.0 0.0 0.75 130.0 255.0 1.0 0.0 0.02 0.02 0.0 0.0 0.0 0.0
0.0 247.0 8550.0 0.0 0.0 0.0 0.0 0.0 0.0 0.0 0.0 0.0 0.0 0.0 0.0 2.0 36.0 0.0 0.0 0.0 0.0 1.0 0.0 0.11 2.0 255.0 1.0 0.0 0.5 0.02 0.0 0.0 0.0 0.0
0.0 220.0 2677.0 0.0 0.0 0.0 0.0 0.0 0.0 0.0 0.0 0.0 0.0 0.0 0.0 6.0 6.0 0.0 0.0 0.0 0.0 1.0 0.0 0.0 6.0 255.0 1.0 0.0 0.17 0.03 0.0 0.0 0.0 0.0
0.0 183.0 3849.0 0.0 0.0 0.0 0.0 0.0 0.0 0.0 0.0 0.0 0.0 0.0 0.0 4.0 4.0 0.0 0.0 0.0 0.0 1.0 0.0 0.0 16.0 255.0 1.0 0.0 0.06 0.03 0.0 0.0 0.0 0.0
0.0 266.0 3782.0 0.0 0.0 0.0 0.0 0.0 0.0 0.0 0.0 0.0 0.0 0.0 0.0 2.0 2.0 0.0 0.0 0.0 0.0 1.0 0.0 0.0 26.0 255.0 1.0 0.0 0.04 0.03 0.0 0.0 0.0 0.0
0.0 274.0 4093.0 0.0 0.0 0.0 0.0 0.0 0.0 0.0 0.0 0.0 0.0 0.0 0.0 1.0 2.0 0.0 0.0 0.0 0.0 1.0 0.0 1.0 36.0 255.0 1.0 0.0 0.03 0.03 0.0 0.0 0.0 0.0
0.0 265.0 1127.0 0.0 0.0 0.0 0.0 0.0 0.0 0.0 0.0 0.0 0.0 0.0 0.0 3.0 3.0 0.0 0.0 0.0 0.0 1.0 0.0 0.0 46.0 255.0 1.0 0.0 0.02 0.03 0.0 0.0 0.0 0.0
0.0 214.0 6944.0 0.0 0.0 0.0 0.0 0.0 0.0 0.0 0.0 0.0 0.0 0.0 0.0 5.0 5.0 0.0 0.0 0.0 0.0 1.0 0.0 0.0 5.0 255.0 1.0 0.0 0.2 0.04 0.0 0.0 0.0 0.0
0.0 239.0 11161.0 0.0 0.0 0.0 0.0 0.0 0.0 0.0 0.0 0.0 0.0 0.0 0.0 15.0 15.0 0.0 0.0 0.0 0.0 1.0 0.0 0.0 15.0 255.0 1.0 0.0 0.07 0.03 0.0 0.0 0.0 0.0
0.0 223.0 2252.0 0.0 0.0 0.0 0.0 0.0 0.0 0.0 0.0 0.0 0.0 0.0 0.0 9.0 9.0 0.0 0.0 0.0 0.0 1.0 0.0 0.0 25.0 255.0 1.0 0.0 0.04 0.03 0.0 0.0 0.0 0.0
0.0 161.0 5648.0 0.0 0.0 0.0 0.0 0.0 0.0 0.0 0.0 0.0 0.0 0.0 0.0 3.0 3.0 0.0 0.0 0.0 0.0 1.0 0.0 0.0 35.0 255.0 1.0 0.0 0.03 0.03 0.0 0.0 0.0 0.0
0.0 225.0 2408.0 0.0 0.0 0.0 0.0 0.0 0.0 0.0 0.0 0.0 0.0 0.0 0.0 13.0 13.0 0.0 0.0 0.0 0.0 1.0 0.0 0.0 45.0 255.0 1.0 0.0 0.02 0.03 0.0 0.0 0.0 0.0
0.0 230.0 1721.0 0.0 0.0 0.0 0.0 0.0 0.0 0.0 0.0 0.0 0.0 0.0 0.0 8.0 12.0 0.0 0.0 0.0 0.0 1.0 0.0 0.33 55.0 255.0 1.0 0.0 0.02 0.03 0.0 0.0 0.0 0.0
0.0 218.0 2052.0 0.0 0.0 0.0 0.0 0.0 0.0 0.0 0.0 0.0 0.0 0.0 0.0 2.0 4.0 0.0 0.0 0.0 0.0 1.0 0.0 0.5 65.0 255.0 1.0 0.0 0.02 0.02 0.0 0.0 0.0 0.0
0.0 219.0 2408.0 0.0 0.0 0.0 0.0 0.0 0.0 0.0 0.0 0.0 0.0 0.0 0.0 12.0 24.0 0.0 0.0 0.0 0.0 1.0 0.0 0.08 75.0 255.0 1.0 0.0 0.01 0.02 0.0 0.0 0.0 0.0
0.0 223.0 2220.0 0.0 0.0 0.0 0.0 0.0 0.0 0.0 0.0 0.0 0.0 0.0 0.0 6.0 6.0 0.0 0.0 0.0 0.0 1.0 0.0 0.0 85.0 255.0 1.0 0.0 0.01 0.02 0.0 0.0 0.0 0.0
0.0 304.0 13274.0 0.0 0.0 0.0 0.0 0.0 0.0 0.0 0.0 0.0 0.0 0.0 0.0 1.0 1.0 0.0 0.0 0.0 0.0 1.0 0.0 0.0 1.0 255.0 1.0 0.0 1.0 0.03 0.0 0.0 0.0 0.0
0.0 297.0 3956.0 0.0 0.0 0.0 0.0 0.0 0.0 0.0 0.0 0.0 0.0 0.0 0.0 11.0 15.0 0.0 0.0 0.0 0.0 1.0 0.0 0.13 11.0 255.0 1.0 0.0 0.09 0.03 0.0 0.0 0.0 0.0
0.0 302.0 6078.0 0.0 0.0 0.0 0.0 0.0 0.0 0.0 0.0 0.0 0.0 0.0 0.0 21.0 26.0 0.0 0.0 0.0 0.0 1.0 0.0 0.12 21.0 255.0 1.0 0.0 0.05 0.03 0.0 0.0 0.0 0.0
0.0 255.0 54657.0 0.0 0.0 0.0 0.0 0.0 0.0 0.0 0.0 0.0 0.0 0.0 0.0 10.0 10.0 0.0 0.0 0.0 0.0 1.0 0.0 0.0 31.0 255.0 1.0 0.0 0.03 0.03 0.0 0.0 0.0 0.0
0.0 158.0 766.0 0.0 0.0 0.0 0.0 0.0 0.0 0.0 0.0 0.0 0.0 0.0 0.0 4.0 4.0 0.0 0.0 0.0 0.0 1.0 0.0 0.0 41.0 255.0 1.0 0.0 0.02 0.03 0.0 0.0 0.0 0.0
0.0 209.0 3571.0 0.0 0.0 0.0 0.0 0.0 0.0 0.0 0.0 0.0 0.0 0.0 0.0 14.0 14.0 0.0 0.0 0.0 0.0 1.0 0.0 0.0 51.0 255.0 1.0 0.0 0.02 0.03 0.0 0.0 0.0 0.0
0.0 157.0 3248.0 0.0 0.0 0.0 0.0 0.0 0.0 0.0 0.0 0.0 0.0 0.0 0.0 1.0 1.0 0.0 0.0 0.0 0.0 1.0 0.0 0.0 61.0 255.0 1.0 0.0 0.02 0.03 0.0 0.0 0.0 0.0
0.0 157.0 766.0 0.0 0.0 0.0 0.0 0.0 0.0 0.0 0.0 0.0 0.0 0.0 0.0 11.0 11.0 0.0 0.0 0.0 0.0 1.0 0.0 0.0 71.0 255.0 1.0 0.0 0.01 0.03 0.0 0.0 0.0 0.0
0.0 214.0 1116.0 0.0 0.0 0.0 0.0 0.0 0.0 0.0 0.0 0.0 0.0 0.0 0.0 19.0 19.0 0.0 0.0 0.0 0.0 1.0 0.0 0.0 81.0 255.0 1.0 0.0 0.01 0.03 0.0 0.0 0.0 0.0
0.0 295.0 3571.0 0.0 0.0 0.0 0.0 0.0 0.0 0.0 0.0 0.0 0.0 0.0 0.0 8.0 8.0 0.0 0.0 0.0 0.0 1.0 0.0 0.0 91.0 255.0 1.0 0.0 0.01 0.03 0.0 0.0 0.0 0.0
0.0 299.0 3324.0 0.0 0.0 0.0 0.0 0.0 0.0 0.0 0.0 0.0 0.0 0.0 0.0 18.0 18.0 0.0 0.0 0.0 0.0 1.0 0.0 0.0 101.0 255.0 1.0 0.0 0.01 0.03 0.0 0.0 0.0 0.0
0.0 216.0 3750.0 0.0 0.0 0.0 0.0 0.0 0.0 0.0 0.0 0.0 0.0 0.0 0.0 4.0 4.0 0.0 0.0 0.0 0.0 1.0 0.0 0.0 111.0 255.0 1.0 0.0 0.01 0.01 0.0 0.0 0.0 0.0
0.0 208.0 4146.0 0.0 0.0 0.0 0.0 0.0 0.0 0.0 0.0 0.0 0.0 0.0 0.0 14.0 20.0 0.0 0.0 0.0 0.0 1.0 0.0 0.1 121.0 255.0 1.0 0.0 0.01 0.01 0.0 0.0 0.0 0.0
6.0 167.0 3916592.0 0.0 0.0 0.0 0.0 0.0 0.0 0.0 0.0 0.0 0.0 0.0 0.0 1.0 1.0 0.0 0.0 0.0 0.0 1.0 0.0 0.0 131.0 255.0 1.0 0.0 0.01 0.01 0.0 0.0 0.0 0.0
0.0 202.0 401.0 0.0 0.0 0.0 0.0 0.0 0.0 0.0 0.0 0.0 0.0 0.0 0.0 10.0 10.0 0.0 0.0 0.0 0.0 1.0 0.0 0.0 10.0 255.0 1.0 0.0 0.1 0.02 0.0 0.0 0.0 0.0
0.0 198.0 365.0 0.0 0.0 0.0 0.0 0.0 0.0 0.0 0.0 0.0 0.0 0.0 0.0 20.0 20.0 0.0 0.0 0.0 0.0 1.0 0.0 0.0 20.0 255.0 1.0 0.0 0.05 0.02 0.0 0.0 0.0 0.0
0.0 214.0 1192.0 0.0 0.0 0.0 0.0 0.0 0.0 0.0 0.0 0.0 0.0 0.0 0.0 30.0 30.0 0.0 0.0 0.0 0.0 1.0 0.0 0.0 30.0 255.0 1.0 0.0 0.03 0.01 0.0 0.0 0.0 0.0
0.0 202.0 2004.0 0.0 0.0 0.0 0.0 0.0 0.0 0.0 0.0 0.0 0.0 0.0 0.0 40.0 44.0 0.0 0.0 0.0 0.0 1.0 0.0 0.05 40.0 255.0 1.0 0.0 0.03 0.01 0.0 0.0 0.0 0.0
0.0 197.0 397.0 0.0 0.0 0.0 0.0 0.0 0.0 0.0 0.0 0.0 0.0 0.0 0.0 50.0 57.0 0.0 0.0 0.0 0.0 1.0 0.0 0.04 50.0 255.0 1.0 0.0 0.02 0.01 0.0 0.0 0.0 0.0
0.0 217.0 260.0 0.0 0.0 0.0 0.0 0.0 0.0 0.0 0.0 0.0 0.0 0.0 0.0 5.0 5.0 0.0 0.0 0.0 0.0 1.0 0.0 0.0 60.0 255.0 1.0 0.0 0.02 0.01 0.0 0.0 0.0 0.0
0.0 290.0 401.0 0.0 0.0 0.0 0.0 0.0 0.0 0.0 0.0 0.0 0.0 0.0 0.0 10.0 11.0 0.0 0.0 0.0 0.0 1.0 0.0 0.18 70.0 255.0 1.0 0.0 0.01 0.01 0.0 0.0 0.0 0.0
0.0 294.0 408.0 0.0 0.0 0.0 0.0 0.0 0.0 0.0 0.0 0.0 0.0 0.0 0.0 20.0 21.0 0.0 0.0 0.0 0.0 1.0 0.0 0.1 80.0 255.0 1.0 0.0 0.01 0.01 0.0 0.0 0.0 0.0
0.0 290.0 387.0 0.0 0.0 0.0 0.0 0.0 0.0 0.0 0.0 0.0 0.0 0.0 0.0 30.0 31.0 0.0 0.0 0.0 0.0 1.0 0.0 0.06 90.0 255.0 1.0 0.0 0.01 0.01 0.0 0.0 0.0 0.0
0.0 290.0 384.0 0.0 0.0 0.0 0.0 0.0 0.0 0.0 0.0 0.0 0.0 0.0 0.0 40.0 41.0 0.0 0.0 0.0 0.0 1.0 0.0 0.05 100.0 255.0 1.0 0.0 0.01 0.01 0.0 0.0 0.0 0.0
0.0 290.0 380.0 0.0 0.0 0.0 0.0 0.0 0.0 0.0 0.0 0.0 0.0 0.0 0.0 50.0 51.0 0.0 0.0 0.0 0.0 1.0 0.0 0.04 110.0 255.0 1.0 0.0 0.01 0.01 0.0 0.0 0.0 0.0
0.0 303.0 272.0 0.0 0.0 0.0 0.0 0.0 0.0 0.0 0.0 0.0 0.0 0.0 0.0 5.0 16.0 0.0 0.0 0.0 0.0 1.0 0.0 0.12 120.0 255.0 1.0 0.0 0.01 0.01 0.0 0.0 0.0 0.0
0.0 285.0 367.0 0.0 0.0 0.0 0.0 0.0 0.0 0.0 0.0 0.0 0.0 0.0 0.0 10.0 12.0 0.0 0.08 0.0 0.0 1.0 0.0 0.17 130.0 255.0 1.0 0.0 0.01 0.01 0.0 0.0 0.0 0.0
0.0 279.0 424.0 0.0 0.0 0.0 0.0 0.0 0.0 0.0 0.0 0.0 0.0 0.0 0.0 20.0 22.0 0.0 0.05 0.0 0.0 1.0 0.0 0.09 140.0 255.0 1.0 0.0 0.01 0.01 0.0 0.0 0.0 0.0
0.0 293.0 408.0 0.0 0.0 0.0 0.0 0.0 0.0 0.0 0.0 0.0 0.0 0.0 0.0 30.0 32.0 0.0 0.03 0.0 0.0 1.0 0.0 0.06 150.0 255.0 1.0 0.0 0.01 0.01 0.0 0.0 0.0 0.0
0.0 290.0 409.0 0.0 0.0 0.0 0.0 0.0 0.0 0.0 0.0 0.0 0.0 0.0 0.0 39.0 41.0 0.0 0.0 0.0 0.02 1.0 0.0 0.05 160.0 255.0 1.0 0.0 0.01 0.01 0.0 0.0 0.0 0.0
0.0 295.0 420.0 0.0 0.0 0.0 0.0 0.0 0.0 0.0 0.0 0.0 0.0 0.0 0.0 49.0 51.0 0.0 0.0 0.0 0.02 1.0 0.0 0.04 170.0 255.0 1.0 0.0 0.01 0.01 0.0 0.0 0.0 0.0
0.0 159.0 6681.0 0.0 0.0 0.0 0.0 0.0 0.0 0.0 0.0 0.0 0.0 0.0 0.0 2.0 2.0 0.0 0.0 0.0 0.0 1.0 0.0 0.0 2.0 255.0 1.0 0.0 0.5 0.01 0.0 0.0 0.0 0.0
0.0 223.0 382.0 0.0 0.0 0.0 0.0 0.0 0.0 0.0 0.0 0.0 0.0 0.0 0.0 12.0 12.0 0.0 0.0 0.0 0.0 1.0 0.0 0.0 12.0 255.0 1.0 0.0 0.08 0.01 0.0 0.0 0.0 0.0
0.0 147.0 16235.0 0.0 0.0 0.0 0.0 0.0 0.0 0.0 0.0 0.0 0.0 0.0 0.0 1.0 1.0 0.0 0.0 0.0 0.0 1.0 0.0 0.0 1.0 255.0 1.0 0.0 1.0 0.02 0.0 0.0 0.0 0.0
0.0 199.0 1899.0 0.0 0.0 0.0 0.0 0.0 0.0 0.0 0.0 0.0 0.0 0.0 0.0 11.0 11.0 0.0 0.0 0.0 0.0 1.0 0.0 0.0 11.0 255.0 1.0 0.0 0.09 0.02 0.0 0.0 0.0 0.0
0.0 197.0 2397.0 0.0 0.0 0.0 0.0 0.0 0.0 0.0 0.0 0.0 0.0 0.0 0.0 21.0 21.0 0.0 0.0 0.0 0.0 1.0 0.0 0.0 21.0 255.0 1.0 0.0 0.05 0.02 0.0 0.0 0.0 0.0
0.0 146.0 16235.0 0.0 0.0 0.0 0.0 0.0 0.0 0.0 0.0 0.0 0.0 0.0 0.0 3.0 3.0 0.0 0.0 0.0 0.0 1.0 0.0 0.0 31.0 255.0 1.0 0.0 0.03 0.02 0.0 0.0 0.0 0.0
0.0 196.0 9320.0 0.0 0.0 0.0 0.0 0.0 0.0 0.0 0.0 0.0 0.0 0.0 0.0 13.0 13.0 0.0 0.0 0.0 0.0 1.0 0.0 0.0 41.0 255.0 1.0 0.0 0.02 0.02 0.0 0.0 0.0 0.0
0.0 198.0 1069.0 0.0 0.0 0.0 0.0 0.0 0.0 0.0 0.0 0.0 0.0 0.0 0.0 23.0 23.0 0.0 0.0 0.0 0.0 1.0 0.0 0.0 51.0 255.0 1.0 0.0 0.02 0.02 0.0 0.0 0.0 0.0
0.0 244.0 4171.0 0.0 0.0 0.0 0.0 0.0 0.0 0.0 0.0 0.0 0.0 0.0 0.0 5.0 5.0 0.0 0.0 0.0 0.0 1.0 0.0 0.0 5.0 255.0 1.0 0.0 0.2 0.02 0.0 0.0 0.0 0.0
0.0 299.0 1089.0 0.0 0.0 0.0 0.0 0.0 0.0 0.0 0.0 0.0 0.0 0.0 0.0 15.0 15.0 0.0 0.0 0.0 0.0 1.0 0.0 0.0 15.0 255.0 1.0 0.0 0.07 0.02 0.0 0.0 0.0 0.0
0.0 288.0 775.0 0.0 0.0 0.0 0.0 0.0 0.0 0.0 0.0 0.0 0.0 0.0 0.0 5.0 5.0 0.0 0.0 0.0 0.0 1.0 0.0 0.0 25.0 255.0 1.0 0.0 0.04 0.02 0.0 0.0 0.0 0.0
0.0 296.0 29055.0 0.0 0.0 0.0 0.0 0.0 0.0 0.0 0.0 0.0 0.0 0.0 0.0 15.0 15.0 0.0 0.0 0.0 0.0 1.0 0.0 0.0 35.0 255.0 1.0 0.0 0.03 0.02 0.0 0.0 0.0 0.0
0.0 245.0 3696.0 0.0 0.0 0.0 0.0 0.0 0.0 0.0 0.0 0.0 0.0 0.0 0.0 1.0 1.0 0.0 0.0 0.0 0.0 1.0 0.0 0.0 45.0 255.0 1.0 0.0 0.02 0.02 0.0 0.0 0.0 0.0
0.0 245.0 3696.0 0.0 0.0 0.0 0.0 0.0 0.0 0.0 0.0 0.0 0.0 0.0 0.0 1.0 2.0 0.0 0.0 0.0 0.0 1.0 0.0 1.0 55.0 255.0 1.0 0.0 0.02 0.02 0.0 0.0 0.0 0.0
0.0 243.0 3200.0 0.0 0.0 0.0 0.0 0.0 0.0 0.0 0.0 0.0 0.0 0.0 0.0 1.0 1.0 0.0 0.0 0.0 0.0 1.0 0.0 0.0 65.0 255.0 1.0 0.0 0.02 0.02 0.0 0.0 0.0 0.0
0.0 293.0 254.0 0.0 0.0 0.0 0.0 0.0 0.0 0.0 0.0 0.0 0.0 0.0 0.0 3.0 3.0 0.0 0.0 0.0 0.0 1.0 0.0 0.0 75.0 255.0 1.0 0.0 0.01 0.02 0.0 0.0 0.0 0.0
0.0 290.0 6178.0 0.0 0.0 0.0 0.0 0.0 0.0 0.0 0.0 0.0 0.0 0.0 0.0 5.0 5.0 0.0 0.0 0.0 0.0 1.0 0.0 0.0 85.0 255.0 1.0 0.0 0.01 0.02 0.0 0.0 0.0 0.0
0.0 154.0 2860.0 0.0 0.0 0.0 0.0 0.0 0.0 0.0 0.0 0.0 0.0 0.0 0.0 2.0 2.0 0.0 0.0 0.0 0.0 1.0 0.0 0.0 95.0 255.0 1.0 0.0 0.01 0.02 0.0 0.0 0.0 0.0
0.0 214.0 1599.0 0.0 0.0 0.0 0.0 0.0 0.0 0.0 0.0 0.0 0.0 0.0 0.0 12.0 12.0 0.0 0.0 0.0 0.0 1.0 0.0 0.0 105.0 255.0 1.0 0.0 0.01 0.02 0.0 0.0 0.0 0.0
0.0 201.0 671.0 0.0 0.0 0.0 0.0 0.0 0.0 0.0 0.0 0.0 0.0 0.0 0.0 2.0 2.0 0.0 0.0 0.0 0.0 1.0 0.0 0.0 115.0 255.0 1.0 0.0 0.01 0.02 0.0 0.0 0.0 0.0
0.0 201.0 688.0 0.0 0.0 0.0 0.0 0.0 0.0 0.0 0.0 0.0 0.0 0.0 0.0 12.0 12.0 0.0 0.0 0.0 0.0 1.0 0.0 0.0 125.0 255.0 1.0 0.0 0.01 0.02 0.0 0.0 0.0 0.0
0.0 221.0 4762.0 0.0 0.0 0.0 0.0 0.0 0.0 0.0 0.0 0.0 0.0 0.0 0.0 3.0 3.0 0.0 0.0 0.0 0.0 1.0 0.0 0.0 135.0 255.0 1.0 0.0 0.01 0.02 0.0 0.0 0.0 0.0
0.0 221.0 4762.0 0.0 0.0 0.0 0.0 0.0 0.0 0.0 0.0 0.0 0.0 0.0 0.0 3.0 3.0 0.0 0.0 0.0 0.0 1.0 0.0 0.0 145.0 255.0 1.0 0.0 0.01 0.02 0.0 0.0 0.0 0.0
0.0 217.0 304.0 0.0 0.0 0.0 0.0 0.0 0.0 0.0 0.0 0.0 0.0 0.0 0.0 3.0 3.0 0.0 0.0 0.0 0.0 1.0 0.0 0.0 155.0 255.0 1.0 0.0 0.01 0.02 0.0 0.0 0.0 0.0
0.0 216.0 1041.0 0.0 0.0 0.0 0.0 0.0 0.0 0.0 0.0 0.0 0.0 0.0 0.0 8.0 8.0 0.0 0.0 0.0 0.0 1.0 0.0 0.0 165.0 255.0 1.0 0.0 0.01 0.02 0.0 0.0 0.0 0.0
0.0 218.0 329.0 0.0 0.0 0.0 0.0 0.0 0.0 0.0 0.0 0.0 0.0 0.0 0.0 2.0 2.0 0.0 0.0 0.0 0.0 1.0 0.0 0.0 175.0 255.0 1.0 0.0 0.01 0.02 0.0 0.0 0.0 0.0
0.0 216.0 1041.0 0.0 0.0 0.0 0.0 0.0 0.0 0.0 0.0 0.0 0.0 0.0 0.0 7.0 7.0 0.0 0.0 0.0 0.0 1.0 0.0 0.0 185.0 255.0 1.0 0.0 0.01 0.02 0.0 0.0 0.0 0.0
0.0 233.0 2048.0 0.0 0.0 0.0 0.0 0.0 0.0 0.0 0.0 0.0 0.0 0.0 0.0 7.0 7.0 0.0 0.0 0.0 0.0 1.0 0.0 0.0 7.0 255.0 1.0 0.0 0.14 0.02 0.0 0.0 0.0 0.0
0.0 210.0 2655.0 0.0 0.0 0.0 0.0 0.0 0.0 0.0 0.0 0.0 0.0 0.0 0.0 7.0 7.0 0.0 0.0 0.0 0.0 1.0 0.0 0.0 7.0 255.0 1.0 0.0 0.14 0.02 0.0 0.0 0.0 0.0
0.0 224.0 2402.0 0.0 0.0 0.0 0.0 0.0 0.0 0.0 0.0 0.0 0.0 0.0 0.0 2.0 5.0 0.0 0.0 0.0 0.0 1.0 0.0 0.4 17.0 255.0 1.0 0.0 0.06 0.02 0.0 0.0 0.0 0.0
0.0 221.0 2754.0 0.0 0.0 0.0 0.0 0.0 0.0 0.0 0.0 0.0 0.0 0.0 0.0 8.0 8.0 0.0 0.0 0.0 0.0 1.0 0.0 0.0 27.0 255.0 1.0 0.0 0.04 0.02 0.0 0.0 0.0 0.0
0.0 230.0 4404.0 0.0 0.0 0.0 0.0 0.0 0.0 0.0 0.0 0.0 0.0 0.0 0.0 6.0 6.0 0.0 0.0 0.0 0.0 1.0 0.0 0.0 37.0 255.0 1.0 0.0 0.03 0.02 0.0 0.0 0.0 0.0
0.0 203.0 41251.0 0.0 0.0 0.0 0.0 0.0 0.0 0.0 0.0 0.0 0.0 0.0 0.0 1.0 1.0 0.0 0.0 0.0 0.0 1.0 0.0 0.0 1.0 255.0 1.0 0.0 1.0 0.02 0.0 0.0 0.0 0.0
0.0 268.0 8998.0 0.0 0.0 2.0 0.0 0.0 0.0 0.0 0.0 0.0 0.0 0.0 0.0 7.0 13.0 0.0 0.0 0.0 0.0 1.0 0.0 0.15 7.0 255.0 1.0 0.0 0.14 0.03 0.0 0.0 0.0 0.0
0.0 335.0 189.0 0.0 0.0 0.0 0.0 0.0 0.0 0.0 0.0 0.0 0.0 0.0 0.0 17.0 34.0 0.0 0.0 0.06 0.03 1.0 0.0 0.12 17.0 255.0 1.0 0.0 0.06 0.03 0.0 0.0 0.06 0.0
0.0 337.0 191.0 0.0 0.0 0.0 0.0 0.0 0.0 0.0 0.0 0.0 0.0 0.0 0.0 27.0 44.0 0.0 0.0 0.04 0.02 1.0 0.0 0.09 27.0 255.0 1.0 0.0 0.04 0.03 0.0 0.0 0.04 0.0
0.0 338.0 771.0 0.0 0.0 0.0 0.0 0.0 0.0 0.0 0.0 0.0 0.0 0.0 0.0 37.0 54.0 0.0 0.0 0.03 0.02 1.0 0.0 0.07 37.0 255.0 1.0 0.0 0.03 0.03 0.0 0.0 0.03 0.0
0.0 369.0 806.0 0.0 0.0 0.0 0.0 0.0 0.0 0.0 0.0 0.0 0.0 0.0 0.0 9.0 9.0 0.0 0.0 0.0 0.0 1.0 0.0 0.0 47.0 255.0 1.0 0.0 0.02 0.03 0.0 0.0 0.02 0.0
0.0 371.0 1751.0 0.0 0.0 0.0 0.0 0.0 0.0 0.0 0.0 0.0 0.0 0.0 0.0 19.0 19.0 0.0 0.0 0.0 0.0 1.0 0.0 0.0 57.0 255.0 1.0 0.0 0.02 0.03 0.0 0.0 0.02 0.0
0.0 388.0 602.0 0.0 0.0 0.0 0.0 0.0 0.0 0.0 0.0 0.0 0.0 0.0 0.0 29.0 29.0 0.0 0.0 0.0 0.0 1.0 0.0 0.0 67.0 255.0 1.0 0.0 0.01 0.03 0.0 0.0 0.01 0.0
0.0 218.0 935.0 0.0 0.0 0.0 0.0 0.0 0.0 0.0 0.0 0.0 0.0 0.0 0.0 4.0 4.0 0.0 0.0 0.0 0.0 1.0 0.0 0.0 77.0 255.0 1.0 0.0 0.01 0.03 0.0 0.0 0.01 0.0
0.0 219.0 619.0 0.0 0.0 0.0 0.0 0.0 0.0 0.0 0.0 0.0 0.0 0.0 0.0 14.0 15.0 0.0 0.0 0.0 0.0 1.0 0.0 0.13 87.0 255.0 1.0 0.0 0.01 0.03 0.0 0.0 0.01 0.0
0.0 218.0 636.0 0.0 0.0 0.0 0.0 0.0 0.0 0.0 0.0 0.0 0.0 0.0 0.0 24.0 25.0 0.0 0.0 0.0 0.0 1.0 0.0 0.08 97.0 255.0 1.0 0.0 0.01 0.03 0.0 0.0 0.01 0.0
0.0 219.0 741.0 0.0 0.0 0.0 0.0 0.0 0.0 0.0 0.0 0.0 0.0 0.0 0.0 28.0 29.0 0.0 0.0 0.0 0.0 1.0 0.0 0.07 107.0 255.0 1.0 0.0 0.01 0.03 0.0 0.0 0.01 0.0
0.0 253.0 754.0 0.0 0.0 0.0 0.0 0.0 0.0 0.0 0.0 0.0 0.0 0.0 0.0 8.0 8.0 0.0 0.0 0.0 0.0 1.0 0.0 0.0 117.0 255.0 1.0 0.0 0.01 0.03 0.0 0.0 0.01 0.0
0.0 254.0 674.0 0.0 0.0 0.0 0.0 0.0 0.0 0.0 0.0 0.0 0.0 0.0 0.0 18.0 18.0 0.0 0.0 0.0 0.0 1.0 0.0 0.0 127.0 255.0 1.0 0.0 0.01 0.03 0.0 0.0 0.01 0.0
0.0 252.0 786.0 0.0 0.0 0.0 0.0 0.0 0.0 0.0 0.0 0.0 0.0 0.0 0.0 5.0 20.0 0.0 0.0 0.0 0.05 1.0 0.0 0.15 137.0 255.0 1.0 0.0 0.01 0.03 0.0 0.0 0.01 0.0
0.0 250.0 707.0 0.0 0.0 0.0 0.0 0.0 0.0 0.0 0.0 0.0 0.0 0.0 0.0 15.0 56.0 0.0 0.0 0.0 0.02 1.0 0.0 0.05 147.0 255.0 1.0 0.0 0.01 0.03 0.0 0.0 0.01 0.0
0.0 217.0 747.0 0.0 0.0 0.0 0.0 0.0 0.0 0.0 0.0 0.0 0.0 0.0 0.0 6.0 6.0 0.0 0.0 0.0 0.0 1.0 0.0 0.0 157.0 255.0 1.0 0.0 0.01 0.03 0.0 0.0 0.01 0.0
0.0 212.0 1671.0 0.0 0.0 0.0 0.0 0.0 0.0 0.0 0.0 0.0 0.0 0.0 0.0 6.0 6.0 0.0 0.0 0.0 0.0 1.0 0.0 0.0 167.0 255.0 1.0 0.0 0.01 0.03 0.0 0.0 0.01 0.0
0.0 219.0 2110.0 0.0 0.0 0.0 0.0 0.0 0.0 0.0 0.0 0.0 0.0 0.0 0.0 16.0 17.0 0.0 0.0 0.0 0.0 1.0 0.0 0.12 177.0 255.0 1.0 0.0 0.01 0.03 0.0 0.0 0.01 0.0
0.0 217.0 702.0 0.0 0.0 0.0 0.0 0.0 0.0 0.0 0.0 0.0 0.0 0.0 0.0 26.0 27.0 0.0 0.0 0.0 0.0 1.0 0.0 0.07 187.0 255.0 1.0 0.0 0.01 0.03 0.0 0.0 0.01 0.0
0.0 252.0 690.0 0.0 0.0 0.0 0.0 0.0 0.0 0.0 0.0 0.0 0.0 0.0 0.0 9.0 9.0 0.0 0.0 0.0 0.0 1.0 0.0 0.0 197.0 255.0 1.0 0.0 0.01 0.02 0.0 0.0 0.01 0.0
0.0 258.0 822.0 0.0 0.0 0.0 0.0 0.0 0.0 0.0 0.0 0.0 0.0 0.0 0.0 19.0 20.0 0.0 0.0 0.0 0.0 1.0 0.0 0.1 207.0 255.0 1.0 0.0 0.0 0.02 0.0 0.0 0.0 0.0
0.0 253.0 1275.0 0.0 0.0 0.0 0.0 0.0 0.0 0.0 0.0 0.0 0.0 0.0 0.0 6.0 6.0 0.0 0.0 0.0 0.0 1.0 0.0 0.0 217.0 255.0 1.0 0.0 0.0 0.02 0.0 0.0 0.0 0.0
0.0 252.0 799.0 0.0 0.0 0.0 0.0 0.0 0.0 0.0 0.0 0.0 0.0 0.0 0.0 16.0 16.0 0.0 0.0 0.0 0.0 1.0 0.0 0.0 227.0 255.0 1.0 0.0 0.0 0.02 0.0 0.0 0.0 0.0
0.0 306.0 747.0 0.0 0.0 0.0 0.0 0.0 0.0 0.0 0.0 0.0 0.0 0.0 0.0 7.0 7.0 0.0 0.0 0.0 0.0 1.0 0.0 0.0 237.0 255.0 1.0 0.0 0.0 0.02 0.0 0.0 0.0 0.0
0.0 305.0 3287.0 0.0 0.0 0.0 0.0 0.0 0.0 0.0 0.0 0.0 0.0 0.0 0.0 7.0 8.0 0.0 0.0 0.0 0.0 1.0 0.0 0.25 247.0 255.0 1.0 0.0 0.0 0.02 0.0 0.0 0.0 0.0
0.0 307.0 666.0 0.0 0.0 0.0 0.0 0.0 0.0 0.0 0.0 0.0 0.0 0.0 0.0 17.0 18.0 0.0 0.0 0.0 0.0 1.0 0.0 0.11 255.0 255.0 1.0 0.0 0.0 0.0 0.0 0.0 0.0 0.0
52.0 299.0 181.0 0.0 0.0 0.0 0.0 0.0 0.0 0.0 0.0 0.0 0.0 0.0 0.0 27.0 28.0 0.0 0.0 0.0 0.0 1.0 0.0 0.07 255.0 255.0 1.0 0.0 0.0 0.0 0.0 0.0 0.0 0.0
0.0 342.0 614.0 0.0 0.0 0.0 0.0 0.0 0.0 0.0 0.0 0.0 0.0 0.0 0.0 10.0 47.0 0.0 0.0 0.0 0.0 1.0 0.0 0.11 255.0 255.0 1.0 0.0 0.0 0.0 0.0 0.0 0.0 0.0
0.0 282.0 4901.0 0.0 0.0 0.0 0.0 0.0 0.0 0.0 0.0 0.0 0.0 0.0 0.0 20.0 42.0 0.0 0.0 0.0 0.0 1.0 0.0 0.07 255.0 255.0 1.0 0.0 0.0 0.0 0.0 0.0 0.0 0.0
0.0 280.0 427.0 0.0 0.0 0.0 0.0 0.0 0.0 0.0 0.0 0.0 0.0 0.0 0.0 1.0 1.0 0.0 0.0 0.0 0.0 1.0 0.0 0.0 255.0 255.0 1.0 0.0 0.0 0.0 0.0 0.0 0.0 0.0
0.0 162.0 8813.0 0.0 0.0 0.0 0.0 0.0 0.0 0.0 0.0 0.0 0.0 0.0 0.0 2.0 2.0 0.0 0.0 0.0 0.0 1.0 0.0 0.0 2.0 255.0 1.0 0.0 0.5 0.02 0.0 0.0 0.0 0.0
0.0 186.0 7947.0 0.0 0.0 0.0 0.0 0.0 0.0 0.0 0.0 0.0 0.0 0.0 0.0 1.0 1.0 0.0 0.0 0.0 0.0 1.0 0.0 0.0 12.0 255.0 1.0 0.0 0.08 0.02 0.0 0.0 0.0 0.0
0.0 8.0 0.0 0.0 0.0 0.0 0.0 0.0 0.0 0.0 0.0 0.0 0.0 0.0 0.0 1.0 52.0 0.0 0.0 0.0 0.0 1.0 0.0 1.0 2.0 2.0 1.0 0.0 1.0 0.0 0.0 0.0 0.0 0.0
0.0 8.0 0.0 0.0 0.0 0.0 0.0 0.0 0.0 0.0 0.0 0.0 0.0 0.0 0.0 1.0 9.0 0.0 0.0 0.0 0.0 1.0 0.0 1.0 2.0 12.0 1.0 0.0 1.0 0.5 0.0 0.0 0.0 0.0
0.0 8.0 0.0 0.0 0.0 0.0 0.0 0.0 0.0 0.0 0.0 0.0 0.0 0.0 0.0 1.0 4.0 0.0 0.0 0.0 0.0 1.0 0.0 1.0 2.0 22.0 1.0 0.0 1.0 0.5 0.0 0.0 0.0 0.0
0.0 8.0 0.0 0.0 0.0 0.0 0.0 0.0 0.0 0.0 0.0 0.0 0.0 0.0 0.0 1.0 8.0 0.0 0.0 0.0 0.0 1.0 0.0 1.0 2.0 32.0 1.0 0.0 1.0 0.5 0.0 0.0 0.0 0.0
0.0 8.0 0.0 0.0 0.0 0.0 0.0 0.0 0.0 0.0 0.0 0.0 0.0 0.0 0.0 1.0 13.0 0.0 0.0 0.0 0.0 1.0 0.0 1.0 2.0 42.0 1.0 0.0 1.0 0.5 0.0 0.0 0.0 0.0
0.0 8.0 0.0 0.0 0.0 0.0 0.0 0.0 0.0 0.0 0.0 0.0 0.0 0.0 0.0 1.0 17.0 0.0 0.0 0.0 0.0 1.0 0.0 1.0 2.0 52.0 1.0 0.0 1.0 0.5 0.0 0.0 0.0 0.0
0.0 8.0 0.0 0.0 0.0 0.0 0.0 0.0 0.0 0.0 0.0 0.0 0.0 0.0 0.0 1.0 22.0 0.0 0.0 0.0 0.0 1.0 0.0 1.0 2.0 62.0 1.0 0.0 1.0 0.5 0.0 0.0 0.0 0.0
0.0 8.0 0.0 0.0 0.0 0.0 0.0 0.0 0.0 0.0 0.0 0.0 0.0 0.0 0.0 1.0 14.0 0.0 0.0 0.0 0.0 1.0 0.0 1.0 2.0 72.0 1.0 0.0 1.0 0.5 0.0 0.0 0.0 0.0
0.0 8.0 0.0 0.0 0.0 0.0 0.0 0.0 0.0 0.0 0.0 0.0 0.0 0.0 0.0 1.0 3.0 0.0 0.0 0.0 0.0 1.0 0.0 1.0 2.0 82.0 1.0 0.0 1.0 0.5 0.0 0.0 0.0 0.0
0.0 8.0 0.0 0.0 0.0 0.0 0.0 0.0 0.0 0.0 0.0 0.0 0.0 0.0 0.0 1.0 34.0 0.0 0.0 0.0 0.0 1.0 0.0 1.0 2.0 92.0 1.0 0.0 1.0 0.5 0.0 0.0 0.0 0.0
0.0 8.0 0.0 0.0 0.0 0.0 0.0 0.0 0.0 0.0 0.0 0.0 0.0 0.0 0.0 1.0 38.0 0.0 0.0 0.0 0.0 1.0 0.0 1.0 2.0 102.0 1.0 0.0 1.0 0.5 0.0 0.0 0.0 0.0
0.0 8.0 0.0 0.0 0.0 0.0 0.0 0.0 0.0 0.0 0.0 0.0 0.0 0.0 0.0 1.0 43.0 0.0 0.0 0.0 0.0 1.0 0.0 1.0 2.0 112.0 1.0 0.0 1.0 0.5 0.0 0.0 0.0 0.0
2.0 1149.0 331.0 0.0 0.0 0.0 0.0 0.0 0.0 0.0 0.0 0.0 0.0 0.0 0.0 1.0 2.0 0.0 0.0 0.0 0.0 1.0 0.0 1.0 10.0 6.0 0.6 0.3 0.1 0.0 0.0 0.0 0.0 0.0
0.0 1690.0 0.0 0.0 0.0 0.0 0.0 0.0 0.0 0.0 0.0 0.0 0.0 0.0 0.0 3.0 3.0 0.0 0.0 0.0 0.0 1.0 0.0 0.0 20.0 9.0 0.45 0.2 0.45 0.0 0.0 0.0 0.0 0.0
0.0 59.0 0.0 0.0 0.0 0.0 0.0 0.0 0.0 0.0 0.0 0.0 0.0 0.0 0.0 13.0 13.0 0.0 0.0 0.0 0.0 1.0 0.0 0.0 30.0 19.0 0.63 0.13 0.63 0.0 0.0 0.0 0.0 0.0
2.0 908.0 329.0 0.0 0.0 0.0 0.0 0.0 0.0 0.0 0.0 0.0 0.0 0.0 0.0 1.0 2.0 0.0 0.0 0.0 0.0 1.0 0.0 1.0 40.0 17.0 0.43 0.1 0.03 0.0 0.0 0.0 0.0 0.0
4.0 724.0 328.0 0.0 0.0 0.0 0.0 0.0 0.0 0.0 0.0 0.0 0.0 0.0 0.0 1.0 2.0 0.0 0.0 0.0 0.0 1.0 0.0 1.0 50.0 24.0 0.48 0.08 0.02 0.0 0.0 0.0 0.0 0.0
9.0 738.0 328.0 0.0 0.0 0.0 0.0 0.0 0.0 0.0 0.0 0.0 0.0 0.0 0.0 1.0 2.0 0.0 0.0 0.0 0.0 1.0 0.0 1.0 60.0 34.0 0.57 0.07 0.02 0.0 0.0 0.0 0.0 0.0
0.0 1517.0 325.0 0.0 0.0 0.0 0.0 0.0 0.0 0.0 0.0 0.0 0.0 0.0 0.0 1.0 1.0 0.0 0.0 0.0 0.0 1.0 0.0 0.0 70.0 42.0 0.6 0.06 0.01 0.0 0.0 0.0 0.0 0.0
0.0 12324.0 0.0 0.0 0.0 0.0 0.0 0.0 0.0 0.0 0.0 0.0 0.0 1.0 0.0 2.0 2.0 0.0 0.0 0.0 0.0 1.0 0.0 0.0 80.0 25.0 0.31 0.05 0.31 0.0 0.0 0.0 0.0 0.0
0.0 812.0 332.0 0.0 0.0 0.0 0.0 0.0 0.0 0.0 0.0 0.0 0.0 0.0 0.0 1.0 1.0 0.0 0.0 0.0 0.0 1.0 0.0 0.0 90.0 56.0 0.62 0.04 0.01 0.0 0.0 0.0 0.0 0.0
2.0 1516.0 327.0 0.0 0.0 0.0 0.0 0.0 0.0 0.0 0.0 0.0 0.0 0.0 0.0 1.0 2.0 0.0 0.0 0.0 0.0 1.0 0.0 1.0 100.0 65.0 0.65 0.04 0.01 0.0 0.0 0.0 0.0 0.0
10.0 1175.0 329.0 0.0 0.0 0.0 0.0 0.0 0.0 0.0 0.0 0.0 0.0 0.0 0.0 1.0 2.0 0.0 0.0 0.0 0.0 1.0 0.0 1.0 110.0 73.0 0.66 0.04 0.01 0.0 0.0 0.0 0.0 0.0
1.0 1799.0 334.0 0.0 0.0 0.0 0.0 0.0 0.0 0.0 0.0 0.0 0.0 0.0 0.0 1.0 2.0 0.0 0.0 0.0 0.0 1.0 0.0 1.0 120.0 82.0 0.68 0.03 0.01 0.0 0.0 0.0 0.0 0.0
7.0 1026.0 328.0 0.0 0.0 0.0 0.0 0.0 0.0 0.0 0.0 0.0 0.0 0.0 0.0 1.0 1.0 0.0 0.0 0.0 0.0 1.0 0.0 0.0 130.0 92.0 0.71 0.03 0.01 0.0 0.0 0.0 0.0 0.0
4.0 3300.0 332.0 0.0 0.0 0.0 0.0 0.0 0.0 0.0 0.0 0.0 0.0 0.0 0.0 1.0 2.0 0.0 0.0 0.0 0.0 1.0 0.0 1.0 140.0 101.0 0.72 0.03 0.01 0.0 0.0 0.0 0.0 0.0
0.0 6601.0 0.0 0.0 0.0 0.0 0.0 0.0 0.0 0.0 0.0 0.0 0.0 0.0 0.0 2.0 2.0 0.0 0.0 0.0 0.0 1.0 0.0 0.0 150.0 33.0 0.22 0.03 0.22 0.0 0.0 0.0 0.0 0.0
0.0 1363.0 0.0 0.0 0.0 0.0 0.0 0.0 0.0 0.0 0.0 0.0 0.0 0.0 0.0 12.0 12.0 0.0 0.0 0.0 0.0 1.0 0.0 0.0 160.0 43.0 0.27 0.03 0.27 0.0 0.0 0.0 0.0 0.0
0.0 35195.0 0.0 0.0 0.0 0.0 0.0 0.0 0.0 0.0 0.0 0.0 0.0 0.0 0.0 22.0 22.0 0.0 0.0 0.0 0.0 1.0 0.0 0.0 170.0 53.0 0.31 0.02 0.31 0.0 0.0 0.0 0.0 0.0
3.0 2497.0 367.0 0.0 0.0 0.0 0.0 0.0 0.0 0.0 0.0 0.0 0.0 0.0 0.0 1.0 3.0 0.0 0.0 0.0 0.0 1.0 0.0 1.0 180.0 110.0 0.61 0.02 0.01 0.0 0.0 0.0 0.0 0.0
0.0 3888.0 0.0 0.0 0.0 0.0 0.0 0.0 0.0 0.0 0.0 0.0 0.0 0.0 0.0 2.0 2.0 0.0 0.0 0.0 0.0 1.0 0.0 0.0 190.0 63.0 0.33 0.02 0.33 0.0 0.0 0.0 0.0 0.0
0.0 7280.0 0.0 0.0 0.0 0.0 0.0 0.0 0.0 0.0 0.0 0.0 0.0 0.0 0.0 12.0 12.0 0.0 0.0 0.0 0.0 1.0 0.0 0.0 200.0 73.0 0.37 0.02 0.37 0.0 0.0 0.0 0.0 0.0
0.0 1258.0 327.0 0.0 0.0 0.0 0.0 0.0 0.0 0.0 0.0 0.0 0.0 0.0 0.0 1.0 1.0 0.0 0.0 0.0 0.0 1.0 0.0 0.0 210.0 113.0 0.54 0.02 0.0 0.0 0.0 0.0 0.0 0.0
3.0 783.0 330.0 0.0 0.0 0.0 0.0 0.0 0.0 0.0 0.0 0.0 0.0 0.0 0.0 1.0 2.0 0.0 0.0 0.0 0.0 1.0 0.0 1.0 220.0 119.0 0.54 0.02 0.0 0.0 0.0 0.0 0.0 0.0
14.0 2557.0 329.0 0.0 0.0 0.0 0.0 0.0 0.0 0.0 0.0 0.0 0.0 0.0 0.0 1.0 1.0 0.0 0.0 0.0 0.0 1.0 0.0 0.0 230.0 124.0 0.54 0.02 0.0 0.0 0.0 0.0 0.0 0.0
9.0 994.0 330.0 0.0 0.0 0.0 0.0 0.0 0.0 0.0 0.0 0.0 0.0 0.0 0.0 1.0 2.0 0.0 0.0 0.0 0.0 1.0 0.0 1.0 240.0 133.0 0.55 0.02 0.0 0.0 0.0 0.0 0.0 0.0
0.0 383.0 0.0 0.0 0.0 0.0 0.0 0.0 0.0 0.0 0.0 0.0 0.0 0.0 0.0 2.0 2.0 0.0 0.0 0.0 0.0 1.0 0.0 0.0 250.0 92.0 0.37 0.02 0.37 0.0 0.0 0.0 0.0 0.0
15.0 1432.0 329.0 0.0 0.0 0.0 0.0 0.0 0.0 0.0 0.0 0.0 0.0 0.0 0.0 2.0 1.0 0.0 0.0 0.0 0.0 0.5 1.0 0.0 255.0 144.0 0.56 0.01 0.0 0.0 0.0 0.0 0.0 0.0
0.0 876.0 331.0 0.0 0.0 0.0 0.0 0.0 0.0 0.0 0.0 0.0 0.0 0.0 0.0 1.0 1.0 0.0 0.0 0.0 0.0 1.0 0.0 0.0 255.0 148.0 0.58 0.01 0.0 0.0 0.0 0.0 0.0 0.0
0.0 8.0 0.0 0.0 0.0 0.0 0.0 0.0 0.0 0.0 0.0 0.0 0.0 0.0 0.0 1.0 47.0 0.0 0.0 0.0 0.0 1.0 0.0 1.0 1.0 3.0 1.0 0.0 1.0 0.67 0.0 0.0 0.0 0.0
0.0 8.0 0.0 0.0 0.0 0.0 0.0 0.0 0.0 0.0 0.0 0.0 0.0 0.0 0.0 1.0 52.0 0.0 0.0 0.0 0.0 1.0 0.0 1.0 1.0 13.0 1.0 0.0 1.0 0.54 0.0 0.0 0.0 0.0
0.0 8.0 0.0 0.0 0.0 0.0 0.0 0.0 0.0 0.0 0.0 0.0 0.0 0.0 0.0 1.0 49.0 0.0 0.0 0.0 0.0 1.0 0.0 1.0 1.0 23.0 1.0 0.0 1.0 0.52 0.0 0.0 0.0 0.0
0.0 8.0 0.0 0.0 0.0 0.0 0.0 0.0 0.0 0.0 0.0 0.0 0.0 0.0 0.0 1.0 9.0 0.0 0.0 0.0 0.0 1.0 0.0 1.0 1.0 33.0 1.0 0.0 1.0 0.52 0.0 0.0 0.0 0.0
0.0 8.0 0.0 0.0 0.0 0.0 0.0 0.0 0.0 0.0 0.0 0.0 0.0 0.0 0.0 1.0 14.0 0.0 0.0 0.0 0.0 1.0 0.0 1.0 1.0 43.0 1.0 0.0 1.0 0.51 0.0 0.0 0.0 0.0
0.0 8.0 0.0 0.0 0.0 0.0 0.0 0.0 0.0 0.0 0.0 0.0 0.0 0.0 0.0 1.0 18.0 0.0 0.0 0.0 0.0 1.0 0.0 1.0 1.0 53.0 1.0 0.0 1.0 0.51 0.0 0.0 0.0 0.0
0.0 8.0 0.0 0.0 0.0 0.0 0.0 0.0 0.0 0.0 0.0 0.0 0.0 0.0 0.0 1.0 23.0 0.0 0.0 0.0 0.0 1.0 0.0 1.0 1.0 63.0 1.0 0.0 1.0 0.51 0.0 0.0 0.0 0.0
0.0 8.0 0.0 0.0 0.0 0.0 0.0 0.0 0.0 0.0 0.0 0.0 0.0 0.0 0.0 1.0 50.0 0.0 0.0 0.0 0.0 1.0 0.0 1.0 1.0 73.0 1.0 0.0 1.0 0.51 0.0 0.0 0.0 0.0
0.0 8.0 0.0 0.0 0.0 0.0 0.0 0.0 0.0 0.0 0.0 0.0 0.0 0.0 0.0 1.0 45.0 0.0 0.0 0.0 0.0 1.0 0.0 1.0 1.0 83.0 1.0 0.0 1.0 0.51 0.0 0.0 0.0 0.0
0.0 8.0 0.0 0.0 0.0 0.0 0.0 0.0 0.0 0.0 0.0 0.0 0.0 0.0 0.0 1.0 41.0 0.0 0.0 0.0 0.0 1.0 0.0 1.0 1.0 93.0 1.0 0.0 1.0 0.51 0.0 0.0 0.0 0.0
0.0 927.0 338.0 0.0 0.0 0.0 0.0 0.0 0.0 0.0 0.0 0.0 0.0 0.0 0.0 1.0 1.0 0.0 0.0 0.0 0.0 1.0 0.0 0.0 5.0 77.0 0.6 0.4 0.2 0.03 0.0 0.01 0.0 0.0
11.0 2119.0 338.0 0.0 0.0 0.0 0.0 0.0 0.0 0.0 0.0 0.0 0.0 0.0 0.0 2.0 2.0 0.0 0.0 0.0 0.0 1.0 0.0 0.0 15.0 78.0 0.87 0.13 0.07 0.03 0.0 0.01 0.0 0.0
0.0 830.0 333.0 0.0 0.0 0.0 0.0 0.0 0.0 0.0 0.0 0.0 0.0 0.0 0.0 1.0 3.0 0.0 0.0 0.0 0.0 1.0 0.0 1.0 25.0 81.0 0.92 0.08 0.04 0.02 0.0 0.01 0.0 0.0
3.0 985.0 344.0 0.0 0.0 0.0 0.0 0.0 0.0 0.0 0.0 0.0 0.0 0.0 0.0 1.0 2.0 0.0 0.0 0.0 0.0 1.0 0.0 1.0 35.0 90.0 0.91 0.09 0.03 0.02 0.0 0.01 0.0 0.0
0.0 539.0 336.0 0.0 0.0 0.0 0.0 0.0 0.0 0.0 0.0 0.0 0.0 0.0 0.0 1.0 2.0 0.0 0.0 0.0 0.0 1.0 0.0 1.0 45.0 93.0 0.78 0.07 0.02 0.02 0.0 0.01 0.0 0.0
0.0 641.0 0.0 0.0 0.0 0.0 0.0 0.0 0.0 0.0 0.0 0.0 0.0 0.0 0.0 1.0 1.0 0.0 0.0 0.0 0.0 1.0 0.0 0.0 55.0 45.0 0.09 0.07 0.09 0.04 0.0 0.0 0.0 0.0
0.0 2056.0 0.0 0.0 0.0 0.0 0.0 0.0 0.0 0.0 0.0 0.0 0.0 0.0 0.0 9.0 9.0 0.0 0.0 0.0 0.0 1.0 0.0 0.0 65.0 51.0 0.23 0.06 0.23 0.04 0.0 0.0 0.0 0.0
3.0 1293.0 338.0 0.0 0.0 0.0 0.0 0.0 0.0 0.0 0.0 0.0 0.0 0.0 0.0 1.0 1.0 0.0 0.0 0.0 0.0 1.0 0.0 0.0 75.0 90.0 0.55 0.05 0.01 0.02 0.0 0.01 0.0 0.0
22.0 479.0 242187.0 0.0 0.0 0.0 0.0 0.0 0.0 0.0 0.0 0.0 0.0 0.0 0.0 1.0 1.0 0.0 0.0 0.0 0.0 1.0 0.0 0.0 85.0 13.0 0.15 0.05 0.01 0.0 0.0 0.0 0.0 0.0
14.0 509.0 13585.0 0.0 0.0 0.0 0.0 0.0 0.0 0.0 0.0 0.0 0.0 0.0 0.0 1.0 1.0 0.0 0.0 0.0 0.0 1.0 0.0 0.0 95.0 15.0 0.16 0.04 0.01 0.0 0.0 0.0 0.0 0.0
9.0 593.0 335.0 0.0 0.0 0.0 0.0 0.0 0.0 0.0 0.0 0.0 0.0 0.0 0.0 1.0 3.0 0.0 0.0 0.0 0.0 1.0 0.0 1.0 105.0 102.0 0.59 0.04 0.01 0.02 0.0 0.01 0.0 0.0
4.0 1548.0 372.0 0.0 0.0 0.0 0.0 0.0 0.0 0.0 0.0 0.0 0.0 0.0 0.0 1.0 2.0 0.0 0.0 0.0 0.0 1.0 0.0 1.0 115.0 103.0 0.61 0.03 0.01 0.02 0.0 0.01 0.0 0.0
15.0 2054.0 339.0 0.0 0.0 0.0 0.0 0.0 0.0 0.0 0.0 0.0 0.0 0.0 0.0 1.0 1.0 0.0 0.0 0.0 0.0 1.0 0.0 0.0 125.0 102.0 0.63 0.04 0.01 0.02 0.0 0.01 0.0 0.0
21.0 7.0 174.0 0.0 0.0 0.0 0.0 0.0 0.0 0.0 0.0 0.0 0.0 0.0 0.0 1.0 1.0 0.0 0.0 0.0 0.0 1.0 0.0 0.0 135.0 5.0 0.01 0.04 0.01 0.4 0.0 0.0 0.0 0.0
0.0 1362.0 338.0 0.0 0.0 0.0 0.0 0.0 0.0 0.0 0.0 0.0 0.0 0.0 0.0 1.0 1.0 0.0 0.0 0.0 0.0 1.0 0.0 0.0 145.0 106.0 0.66 0.03 0.01 0.02 0.0 0.01 0.0 0.0
0.0 733.0 337.0 0.0 0.0 0.0 0.0 0.0 0.0 0.0 0.0 0.0 0.0 0.0 0.0 1.0 1.0 0.0 0.0 0.0 0.0 1.0 0.0 0.0 155.0 106.0 0.67 0.03 0.01 0.02 0.0 0.01 0.0 0.0
51.0 622.0 105204.0 0.0 0.0 0.0 0.0 0.0 0.0 0.0 0.0 0.0 0.0 0.0 0.0 1.0 1.0 0.0 0.0 0.0 0.0 1.0 0.0 0.0 165.0 26.0 0.16 0.03 0.01 0.0 0.0 0.0 0.0 0.0
53.0 590.0 1050583.0 0.0 0.0 0.0 0.0 0.0 0.0 0.0 0.0 0.0 0.0 0.0 0.0 1.0 1.0 0.0 0.0 0.0 0.0 1.0 0.0 0.0 175.0 30.0 0.17 0.03 0.01 0.0 0.0 0.0 0.0 0.0
6.0 1481.0 377.0 0.0 0.0 0.0 0.0 0.0 0.0 0.0 0.0 0.0 0.0 0.0 0.0 1.0 1.0 0.0 0.0 0.0 0.0 1.0 0.0 0.0 185.0 117.0 0.63 0.03 0.01 0.0 0.0 0.0 0.0 0.0
16.0 840.0 337.0 0.0 0.0 0.0 0.0 0.0 0.0 0.0 0.0 0.0 0.0 0.0 0.0 1.0 1.0 0.0 0.0 0.0 0.0 1.0 0.0 0.0 195.0 126.0 0.65 0.03 0.01 0.0 0.0 0.0 0.0 0.0
9.0 1183.0 344.0 0.0 0.0 0.0 0.0 0.0 0.0 0.0 0.0 0.0 0.0 0.0 0.0 1.0 2.0 0.0 0.0 0.0 0.0 1.0 0.0 1.0 205.0 135.0 0.66 0.02 0.0 0.0 0.0 0.0 0.0 0.0
0.0 8.0 0.0 0.0 0.0 0.0 0.0 0.0 0.0 0.0 0.0 0.0 0.0 0.0 0.0 1.0 37.0 0.0 0.0 0.0 0.0 1.0 0.0 1.0 1.0 43.0 1.0 0.0 1.0 0.51 0.0 0.0 0.0 0.0
0.0 8.0 0.0 0.0 0.0 0.0 0.0 0.0 0.0 0.0 0.0 0.0 0.0 0.0 0.0 1.0 35.0 0.0 0.0 0.0 0.0 1.0 0.0 1.0 1.0 43.0 1.0 0.0 1.0 0.51 0.0 0.0 0.0 0.0
0.0 48.0 48.0 0.0 0.0 0.0 0.0 0.0 0.0 0.0 0.0 0.0 0.0 0.0 0.0 1.0 1.0 0.0 0.0 0.0 0.0 1.0 0.0 0.0 9.0 1.0 0.11 0.33 0.11 0.0 0.0 0.0 0.0 0.0
0.0 42.0 42.0 0.0 0.0 0.0 0.0 0.0 0.0 0.0 0.0 0.0 0.0 0.0 0.0 8.0 14.0 0.0 0.0 0.0 0.0 1.0 0.0 0.14 19.0 16.0 0.84 0.16 0.05 0.0 0.0 0.0 0.0 0.0
