0.0 331.0 2474.0 0.0 0.0 0.0 0.0 0.0 0.0 0.0 0.0 0.0 0.0 0.0 0.0 6.0 13.0 0.0 0.0 0.0 0.0 1.0 0.0 0.23 255.0 255.0 1.0 0.0 0.0 0.0 0.0 0.0 0.0 0.0
0.0 357.0 2756.0 0.0 0.0 0.0 0.0 0.0 0.0 0.0 0.0 0.0 0.0 0.0 0.0 16.0 31.0 0.0 0.0 0.0 0.0 1.0 0.0 0.19 255.0 255.0 1.0 0.0 0.0 0.0 0.0 0.0 0.0 0.0
0.0 338.0 297.0 0.0 0.0 0.0 0.0 0.0 0.0 0.0 0.0 0.0 0.0 0.0 0.0 7.0 10.0 0.0 0.0 0.0 0.0 1.0 0.0 0.3 255.0 255.0 1.0 0.0 0.0 0.0 0.0 0.0 0.0 0.0
0.0 346.0 4527.0 0.0 0.0 0.0 0.0 0.0 0.0 0.0 0.0 0.0 0.0 0.0 0.0 17.0 23.0 0.0 0.0 0.0 0.0 1.0 0.0 0.22 255.0 255.0 1.0 0.0 0.0 0.0 0.0 0.0 0.0 0.0
0.0 326.0 283.0 0.0 0.0 0.0 0.0 0.0 0.0 0.0 0.0 0.0 0.0 0.0 0.0 3.0 43.0 0.0 0.02 0.0 0.02 1.0 0.0 0.12 255.0 255.0 1.0 0.0 0.0 0.0 0.0 0.0 0.0 0.0
0.0 310.0 263.0 0.0 0.0 0.0 0.0 0.0 0.0 0.0 0.0 0.0 0.0 0.0 0.0 12.0 28.0 0.0 0.0 0.0 0.0 1.0 0.0 0.14 255.0 255.0 1.0 0.0 0.0 0.0 0.0 0.0 0.0 0.0
0.0 330.0 540.0 0.0 0.0 0.0 0.0 0.0 0.0 0.0 0.0 0.0 0.0 0.0 0.0 5.0 19.0 0.0 0.0 0.0 0.0 1.0 0.0 0.21 255.0 255.0 1.0 0.0 0.0 0.0 0.0 0.0 0.0 0.0
0.0 330.0 2480.0 0.0 0.0 0.0 0.0 0.0 0.0 0.0 0.0 0.0 0.0 0.0 0.0 15.0 44.0 0.0 0.0 0.0 0.0 1.0 0.0 0.09 255.0 255.0 1.0 0.0 0.0 0.0 0.0 0.0 0.0 0.0
0.0 326.0 702.0 0.0 0.0 0.0 0.0 0.0 0.0 0.0 0.0 0.0 0.0 0.0 0.0 8.0 33.0 0.0 0.0 0.0 0.0 1.0 0.0 0.18 255.0 255.0 1.0 0.0 0.0 0.0 0.0 0.0 0.0 0.0
0.0 322.0 685.0 0.0 0.0 0.0 0.0 0.0 0.0 0.0 0.0 0.0 0.0 0.0 0.0 18.0 54.0 0.0 0.0 0.0 0.0 1.0 0.0 0.11 255.0 255.0 1.0 0.0 0.0 0.0 0.0 0.0 0.0 0.0
0.0 322.0 540.0 0.0 0.0 0.0 0.0 0.0 0.0 0.0 0.0 0.0 0.0 0.0 0.0 10.0 14.0 0.0 0.0 0.0 0.0 1.0 0.0 0.29 255.0 255.0 1.0 0.0 0.0 0.0 0.0 0.0 0.0 0.0
0.0 325.0 3364.0 0.0 0.0 0.0 0.0 0.0 0.0 0.0 0.0 0.0 0.0 0.0 0.0 20.0 25.0 0.0 0.0 0.0 0.0 1.0 0.0 0.2 255.0 255.0 1.0 0.0 0.0 0.0 0.0 0.0 0.0 0.0
0.0 326.0 418.0 0.0 0.0 0.0 0.0 0.0 0.0 0.0 0.0 0.0 0.0 0.0 0.0 30.0 38.0 0.0 0.0 0.0 0.0 1.0 0.0 0.16 255.0 255.0 1.0 0.0 0.0 0.0 0.0 0.0 0.0 0.0
0.0 326.0 702.0 0.0 0.0 0.0 0.0 0.0 0.0 0.0 0.0 0.0 0.0 0.0 0.0 8.0 16.0 0.0 0.0 0.0 0.0 1.0 0.0 0.25 255.0 255.0 1.0 0.0 0.0 0.0 0.0 0.0 0.0 0.0
0.0 325.0 284.0 0.0 0.0 0.0 0.0 0.0 0.0 0.0 0.0 0.0 0.0 0.0 0.0 18.0 29.0 0.0 0.0 0.0 0.0 1.0 0.0 0.21 255.0 255.0 1.0 0.0 0.0 0.0 0.0 0.0 0.0 0.0
0.0 292.0 297.0 0.0 0.0 0.0 0.0 0.0 0.0 0.0 0.0 0.0 0.0 0.0 0.0 10.0 11.0 0.0 0.0 0.0 0.0 1.0 0.0 0.18 255.0 255.0 1.0 0.0 0.0 0.0 0.0 0.0 0.0 0.0
0.0 316.0 2392.0 0.0 0.0 0.0 0.0 0.0 0.0 0.0 0.0 0.0 0.0 0.0 0.0 2.0 31.0 0.0 0.03 0.0 0.0 1.0 0.0 0.16 255.0 255.0 1.0 0.0 0.0 0.0 0.0 0.0 0.0 0.0
0.0 327.0 2177.0 0.0 0.0 0.0 0.0 0.0 0.0 0.0 0.0 0.0 0.0 0.0 0.0 11.0 49.0 0.0 0.0 0.0 0.0 1.0 0.0 0.12 255.0 255.0 1.0 0.0 0.0 0.0 0.0 0.0 0.0 0.0
0.0 311.0 486.0 0.0 0.0 0.0 0.0 0.0 0.0 0.0 0.0 0.0 0.0 0.0 0.0 20.0 47.0 0.0 0.0 0.0 0.0 1.0 0.0 0.11 255.0 255.0 1.0 0.0 0.0 0.0 0.0 0.0 0.0 0.0
0.0 340.0 2232.0 0.0 0.0 0.0 0.0 0.0 0.0 0.0 0.0 0.0 0.0 0.0 0.0 7.0 24.0 0.0 0.0 0.0 0.0 1.0 0.0 0.21 255.0 255.0 1.0 0.0 0.0 0.0 0.0 0.0 0.0 0.0
0.0 327.0 2480.0 0.0 0.0 0.0 0.0 0.0 0.0 0.0 0.0 0.0 0.0 0.0 0.0 17.0 37.0 0.0 0.0 0.0 0.0 1.0 0.0 0.16 255.0 255.0 1.0 0.0 0.0 0.0 0.0 0.0 0.0 0.0
0.0 206.0 297.0 0.0 0.0 0.0 0.0 0.0 0.0 0.0 0.0 0.0 0.0 0.0 0.0 9.0 11.0 0.0 0.0 0.0 0.0 1.0 0.0 0.27 255.0 255.0 1.0 0.0 0.0 0.0 0.0 0.0 0.0 0.0
0.0 202.0 15279.0 0.0 0.0 0.0 0.0 0.0 0.0 0.0 0.0 0.0 0.0 0.0 0.0 1.0 2.0 0.0 0.0 0.0 0.0 1.0 0.0 1.0 255.0 255.0 1.0 0.0 0.0 0.0 0.0 0.0 0.0 0.0
0.0 216.0 2135.0 0.0 0.0 0.0 0.0 0.0 0.0 0.0 0.0 0.0 0.0 0.0 0.0 10.0 13.0 0.0 0.0 0.0 0.0 1.0 0.0 0.23 255.0 255.0 1.0 0.0 0.0 0.0 0.0 0.0 0.0 0.0
0.0 215.0 1529.0 0.0 0.0 0.0 0.0 0.0 0.0 0.0 0.0 0.0 0.0 0.0 0.0 20.0 25.0 0.0 0.0 0.0 0.0 1.0 0.0 0.2 255.0 255.0 1.0 0.0 0.0 0.0 0.0 0.0 0.0 0.0
0.0 215.0 2474.0 0.0 0.0 0.0 0.0 0.0 0.0 0.0 0.0 0.0 0.0 0.0 0.0 6.0 9.0 0.0 0.0 0.0 0.0 1.0 0.0 0.44 255.0 255.0 1.0 0.0 0.0 0.0 0.0 0.0 0.0 0.0
0.0 214.0 440.0 0.0 0.0 0.0 0.0 0.0 0.0 0.0 0.0 0.0 0.0 0.0 0.0 16.0 27.0 0.0 0.0 0.0 0.0 1.0 0.0 0.15 255.0 255.0 1.0 0.0 0.0 0.0 0.0 0.0 0.0 0.0
0.0 162.0 24372.0 0.0 0.0 0.0 0.0 0.0 0.0 0.0 0.0 0.0 0.0 0.0 0.0 7.0 8.0 0.0 0.0 0.0 0.0 1.0 0.0 0.25 255.0 255.0 1.0 0.0 0.0 0.0 0.0 0.0 0.0 0.0
0.0 221.0 1962.0 0.0 0.0 0.0 0.0 0.0 0.0 0.0 0.0 0.0 0.0 0.0 0.0 17.0 20.0 0.0 0.0 0.0 0.0 1.0 0.0 0.15 255.0 255.0 1.0 0.0 0.0 0.0 0.0 0.0 0.0 0.0
0.0 208.0 394.0 0.0 0.0 0.0 0.0 0.0 0.0 0.0 0.0 0.0 0.0 0.0 0.0 2.0 3.0 0.0 0.0 0.0 0.0 1.0 0.0 0.67 255.0 255.0 1.0 0.0 0.0 0.0 0.0 0.0 0.0 0.0
0.0 204.0 297.0 0.0 0.0 0.0 0.0 0.0 0.0 0.0 0.0 0.0 0.0 0.0 0.0 12.0 29.0 0.0 0.0 0.0 0.0 1.0 0.0 0.14 255.0 255.0 1.0 0.0 0.0 0.0 0.0 0.0 0.0 0.0
0.0 214.0 540.0 0.0 0.0 0.0 0.0 0.0 0.0 0.0 0.0 0.0 0.0 0.0 0.0 5.0 30.0 0.0 0.0 0.0 0.03 1.0 0.0 0.2 255.0 255.0 1.0 0.0 0.0 0.0 0.0 0.0 0.0 0.0
0.0 216.0 486.0 0.0 0.0 0.0 0.0 0.0 0.0 0.0 0.0 0.0 0.0 0.0 0.0 15.0 42.0 0.0 0.0 0.0 0.02 1.0 0.0 0.17 255.0 255.0 1.0 0.0 0.0 0.0 0.0 0.0 0.0 0.0
0.0 209.0 284.0 0.0 0.0 0.0 0.0 0.0 0.0 0.0 0.0 0.0 0.0 0.0 0.0 7.0 8.0 0.0 0.0 0.0 0.0 1.0 0.0 0.25 255.0 255.0 1.0 0.0 0.0 0.0 0.0 0.0 0.0 0.0
0.0 203.0 2488.0 0.0 0.0 0.0 0.0 0.0 0.0 0.0 0.0 0.0 0.0 0.0 0.0 17.0 20.0 0.0 0.0 0.0 0.0 1.0 0.0 0.15 255.0 255.0 1.0 0.0 0.0 0.0 0.0 0.0 0.0 0.0
0.0 209.0 2161.0 0.0 0.0 0.0 0.0 0.0 0.0 0.0 0.0 0.0 0.0 0.0 0.0 1.0 2.0 0.0 0.0 0.0 0.0 1.0 0.0 1.0 255.0 255.0 1.0 0.0 0.0 0.0 0.0 0.0 0.0 0.0
0.0 211.0 415.0 0.0 0.0 0.0 0.0 0.0 0.0 0.0 0.0 0.0 0.0 0.0 0.0 11.0 13.0 0.0 0.0 0.0 0.0 1.0 0.0 0.23 255.0 255.0 1.0 0.0 0.0 0.0 0.0 0.0 0.0 0.0
0.0 208.0 486.0 0.0 0.0 0.0 0.0 0.0 0.0 0.0 0.0 0.0 0.0 0.0 0.0 21.0 26.0 0.0 0.0 0.0 0.0 1.0 0.0 0.15 255.0 255.0 1.0 0.0 0.0 0.0 0.0 0.0 0.0 0.0
0.0 210.0 984.0 0.0 0.0 0.0 0.0 0.0 0.0 0.0 0.0 0.0 0.0 0.0 0.0 8.0 10.0 0.0 0.0 0.0 0.0 1.0 0.0 0.2 255.0 255.0 1.0 0.0 0.0 0.0 0.0 0.0 0.0 0.0
0.0 206.0 297.0 0.0 0.0 0.0 0.0 0.0 0.0 0.0 0.0 0.0 0.0 0.0 0.0 18.0 21.0 0.0 0.0 0.0 0.0 1.0 0.0 0.14 255.0 255.0 1.0 0.0 0.0 0.0 0.0 0.0 0.0 0.0
0.0 295.0 306.0 0.0 0.0 0.0 0.0 0.0 0.0 0.0 0.0 0.0 0.0 0.0 0.0 10.0 12.0 0.0 0.0 0.0 0.0 1.0 0.0 0.25 255.0 255.0 1.0 0.0 0.0 0.0 0.0 0.0 0.0 0.0
0.0 223.0 306.0 0.0 0.0 0.0 0.0 0.0 0.0 0.0 0.0 0.0 0.0 0.0 0.0 1.0 5.0 0.0 0.0 0.0 0.0 1.0 0.0 0.4 255.0 255.0 1.0 0.0 0.0 0.0 0.0 0.0 0.0 0.0
0.0 210.0 263.0 0.0 0.0 0.0 0.0 0.0 0.0 0.0 0.0 0.0 0.0 0.0 0.0 1.0 3.0 0.0 0.33 0.0 0.0 1.0 0.0 0.67 255.0 255.0 1.0 0.0 0.01 0.0 0.0 0.0 0.0 0.0
0.0 234.0 540.0 0.0 0.0 0.0 0.0 0.0 0.0 0.0 0.0 0.0 0.0 0.0 0.0 4.0 16.0 0.0 0.0 0.0 0.0 1.0 0.0 0.25 255.0 255.0 1.0 0.0 0.0 0.0 0.0 0.0 0.0 0.0
0.0 234.0 420.0 0.0 0.0 0.0 0.0 0.0 0.0 0.0 0.0 0.0 0.0 0.0 0.0 14.0 38.0 0.0 0.0 0.0 0.0 1.0 0.0 0.13 255.0 255.0 1.0 0.0 0.0 0.0 0.0 0.0 0.0 0.0
0.0 225.0 799.0 0.0 0.0 0.0 0.0 0.0 0.0 0.0 0.0 0.0 0.0 0.0 0.0 8.0 8.0 0.0 0.0 0.0 0.0 1.0 0.0 0.0 255.0 255.0 1.0 0.0 0.0 0.0 0.0 0.0 0.0 0.0
0.0 235.0 4908.0 0.0 0.0 0.0 0.0 0.0 0.0 0.0 0.0 0.0 0.0 0.0 0.0 1.0 2.0 0.0 0.0 0.0 0.0 1.0 0.0 1.0 255.0 255.0 1.0 0.0 0.0 0.0 0.0 0.0 0.0 0.0
0.0 233.0 1415.0 0.0 0.0 0.0 0.0 0.0 0.0 0.0 0.0 0.0 0.0 0.0 0.0 11.0 14.0 0.0 0.0 0.0 0.0 1.0 0.0 0.29 255.0 255.0 1.0 0.0 0.0 0.0 0.0 0.0 0.0 0.0
0.0 229.0 1289.0 0.0 0.0 0.0 0.0 0.0 0.0 0.0 0.0 0.0 0.0 0.0 0.0 21.0 25.0 0.0 0.0 0.0 0.0 1.0 0.0 0.16 255.0 255.0 1.0 0.0 0.0 0.0 0.0 0.0 0.0 0.0
0.0 224.0 394.0 0.0 0.0 0.0 0.0 0.0 0.0 0.0 0.0 0.0 0.0 0.0 0.0 6.0 6.0 0.0 0.0 0.0 0.0 1.0 0.0 0.0 255.0 255.0 1.0 0.0 0.0 0.0 0.0 0.0 0.0 0.0
0.0 219.0 2488.0 0.0 0.0 0.0 0.0 0.0 0.0 0.0 0.0 0.0 0.0 0.0 0.0 16.0 19.0 0.0 0.0 0.0 0.0 1.0 0.0 0.16 255.0 255.0 1.0 0.0 0.0 0.0 0.0 0.0 0.0 0.0
0.0 295.0 284.0 0.0 0.0 0.0 0.0 0.0 0.0 0.0 0.0 0.0 0.0 0.0 0.0 8.0 15.0 0.0 0.0 0.0 0.0 1.0 0.0 0.2 255.0 255.0 1.0 0.0 0.0 0.0 0.0 0.0 0.0 0.0
0.0 292.0 297.0 0.0 0.0 0.0 0.0 0.0 0.0 0.0 0.0 0.0 0.0 0.0 0.0 18.0 22.0 0.0 0.0 0.0 0.0 1.0 0.0 0.18 255.0 255.0 1.0 0.0 0.0 0.0 0.0 0.0 0.0 0.0
0.0 204.0 255.0 0.0 0.0 0.0 0.0 0.0 0.0 0.0 0.0 0.0 0.0 0.0 0.0 10.0 13.0 0.0 0.0 0.0 0.0 1.0 0.0 0.23 255.0 255.0 1.0 0.0 0.0 0.0 0.0 0.0 0.0 0.0
0.0 211.0 1438.0 0.0 0.0 0.0 0.0 0.0 0.0 0.0 0.0 0.0 0.0 0.0 0.0 2.0 26.0 0.0 0.0 0.0 0.0 1.0 0.0 0.08 255.0 255.0 1.0 0.0 0.0 0.0 0.0 0.0 0.0 0.0
0.0 212.0 263.0 0.0 0.0 0.0 0.0 0.0 0.0 0.0 0.0 0.0 0.0 0.0 0.0 2.0 2.0 0.0 0.0 0.0 0.0 1.0 0.0 0.0 255.0 255.0 1.0 0.0 0.0 0.0 0.0 0.0 0.0 0.0
0.0 209.0 984.0 0.0 0.0 0.0 0.0 0.0 0.0 0.0 0.0 0.0 0.0 0.0 0.0 7.0 7.0 0.0 0.0 0.0 0.0 1.0 0.0 0.0 255.0 255.0 1.0 0.0 0.0 0.0 0.0 0.0 0.0 0.0
0.0 209.0 702.0 0.0 0.0 0.0 0.0 0.0 0.0 0.0 0.0 0.0 0.0 0.0 0.0 6.0 8.0 0.0 0.0 0.0 0.0 1.0 0.0 0.38 255.0 255.0 1.0 0.0 0.0 0.0 0.0 0.0 0.0 0.0
0.0 217.0 309.0 0.0 0.0 0.0 0.0 0.0 0.0 0.0 0.0 0.0 0.0 0.0 0.0 9.0 14.0 0.0 0.0 0.0 0.07 1.0 0.0 0.36 255.0 255.0 1.0 0.0 0.0 0.0 0.0 0.0 0.0 0.0
0.0 211.0 1429.0 0.0 0.0 0.0 0.0 0.0 0.0 0.0 0.0 0.0 0.0 0.0 0.0 18.0 20.0 0.0 0.0 0.0 0.0 1.0 0.0 0.15 255.0 255.0 1.0 0.0 0.0 0.0 0.0 0.0 0.0 0.0
0.0 209.0 984.0 0.0 0.0 0.0 0.0 0.0 0.0 0.0 0.0 0.0 0.0 0.0 0.0 4.0 6.0 0.0 0.0 0.0 0.0 1.0 0.0 0.5 255.0 255.0 1.0 0.0 0.0 0.0 0.0 0.0 0.0 0.0
0.0 193.0 263.0 0.0 0.0 0.0 0.0 0.0 0.0 0.0 0.0 0.0 0.0 0.0 0.0 13.0 16.0 0.0 0.0 0.0 0.0 1.0 0.0 0.25 255.0 255.0 1.0 0.0 0.0 0.0 0.0 0.0 0.0 0.0
0.0 216.0 799.0 0.0 0.0 0.0 0.0 0.0 0.0 0.0 0.0 0.0 0.0 0.0 0.0 6.0 8.0 0.0 0.0 0.0 0.0 1.0 0.0 0.38 255.0 255.0 1.0 0.0 0.0 0.0 0.0 0.0 0.0 0.0
0.0 217.0 283.0 0.0 0.0 0.0 0.0 0.0 0.0 0.0 0.0 0.0 0.0 0.0 0.0 16.0 20.0 0.0 0.0 0.0 0.0 1.0 0.0 0.2 255.0 255.0 1.0 0.0 0.0 0.0 0.0 0.0 0.0 0.0
0.0 229.0 297.0 0.0 0.0 0.0 0.0 0.0 0.0 0.0 0.0 0.0 0.0 0.0 0.0 7.0 10.0 0.0 0.0 0.0 0.0 1.0 0.0 0.3 255.0 255.0 1.0 0.0 0.0 0.0 0.0 0.0 0.0 0.0
0.0 240.0 400.0 0.0 0.0 0.0 0.0 0.0 0.0 0.0 0.0 0.0 0.0 0.0 0.0 17.0 22.0 0.0 0.0 0.0 0.0 1.0 0.0 0.18 255.0 255.0 1.0 0.0 0.0 0.0 0.0 0.0 0.0 0.0
0.0 227.0 420.0 0.0 0.0 0.0 0.0 0.0 0.0 0.0 0.0 0.0 0.0 0.0 0.0 3.0 4.0 0.0 0.0 0.0 0.0 1.0 0.0 0.5 255.0 255.0 1.0 0.0 0.01 0.0 0.0 0.0 0.0 0.0
0.0 222.0 2474.0 0.0 0.0 0.0 0.0 0.0 0.0 0.0 0.0 0.0 0.0 0.0 0.0 13.0 23.0 0.0 0.0 0.0 0.0 1.0 0.0 0.13 255.0 255.0 1.0 0.0 0.01 0.0 0.0 0.0 0.0 0.0
0.0 223.0 2135.0 0.0 0.0 0.0 0.0 0.0 0.0 0.0 0.0 0.0 0.0 0.0 0.0 4.0 6.0 0.0 0.0 0.0 0.0 1.0 0.0 0.33 255.0 255.0 1.0 0.0 0.0 0.0 0.0 0.0 0.0 0.0
0.0 219.0 334.0 0.0 0.0 0.0 0.0 0.0 0.0 0.0 0.0 0.0 0.0 0.0 0.0 14.0 18.0 0.0 0.0 0.0 0.0 1.0 0.0 0.22 255.0 255.0 1.0 0.0 0.0 0.0 0.0 0.0 0.0 0.0
0.0 177.0 15279.0 0.0 0.0 0.0 0.0 0.0 0.0 0.0 0.0 0.0 0.0 0.0 0.0 1.0 1.0 0.0 0.0 0.0 0.0 1.0 0.0 0.0 255.0 255.0 1.0 0.0 0.0 0.0 0.0 0.0 0.0 0.0
0.0 201.0 263.0 0.0 0.0 0.0 0.0 0.0 0.0 0.0 0.0 0.0 0.0 0.0 0.0 10.0 21.0 0.0 0.0 0.0 0.0 1.0 0.0 0.1 255.0 255.0 1.0 0.0 0.0 0.0 0.0 0.0 0.0 0.0
0.0 222.0 1497.0 0.0 0.0 0.0 0.0 0.0 0.0 0.0 0.0 0.0 0.0 0.0 0.0 2.0 3.0 0.0 0.0 0.0 0.0 1.0 0.0 0.67 255.0 255.0 1.0 0.0 0.0 0.0 0.0 0.0 0.0 0.0
0.0 216.0 334.0 0.0 0.0 0.0 0.0 0.0 0.0 0.0 0.0 0.0 0.0 0.0 0.0 12.0 16.0 0.0 0.0 0.0 0.0 1.0 0.0 0.25 255.0 255.0 1.0 0.0 0.0 0.0 0.0 0.0 0.0 0.0
0.0 217.0 984.0 0.0 0.0 0.0 0.0 0.0 0.0 0.0 0.0 0.0 0.0 0.0 0.0 5.0 7.0 0.0 0.0 0.0 0.0 1.0 0.0 0.43 255.0 255.0 1.0 0.0 0.0 0.0 0.0 0.0 0.0 0.0
0.0 211.0 297.0 0.0 0.0 0.0 0.0 0.0 0.0 0.0 0.0 0.0 0.0 0.0 0.0 15.0 20.0 0.0 0.0 0.0 0.0 1.0 0.0 0.25 255.0 255.0 1.0 0.0 0.0 0.0 0.0 0.0 0.0 0.0
0.0 218.0 429.0 0.0 0.0 0.0 0.0 0.0 0.0 0.0 0.0 0.0 0.0 0.0 0.0 7.0 15.0 0.0 0.0 0.0 0.0 1.0 0.0 0.27 255.0 255.0 1.0 0.0 0.0 0.0 0.0 0.0 0.0 0.0
0.0 214.0 434.0 0.0 0.0 0.0 0.0 0.0 0.0 0.0 0.0 0.0 0.0 0.0 0.0 8.0 10.0 0.0 0.0 0.0 0.0 1.0 0.0 0.2 255.0 255.0 1.0 0.0 0.0 0.0 0.0 0.0 0.0 0.0
0.0 208.0 263.0 0.0 0.0 0.0 0.0 0.0 0.0 0.0 0.0 0.0 0.0 0.0 0.0 18.0 21.0 0.0 0.0 0.0 0.0 1.0 0.0 0.14 255.0 255.0 1.0 0.0 0.0 0.0 0.0 0.0 0.0 0.0
0.0 212.0 648.0 0.0 0.0 0.0 0.0 0.0 0.0 0.0 0.0 0.0 0.0 0.0 0.0 5.0 7.0 0.0 0.0 0.0 0.0 1.0 0.0 0.43 255.0 255.0 1.0 0.0 0.0 0.0 0.0 0.0 0.0 0.0
0.0 210.0 2488.0 0.0 0.0 0.0 0.0 0.0 0.0 0.0 0.0 0.0 0.0 0.0 0.0 15.0 28.0 0.0 0.0 0.0 0.0 1.0 0.0 0.21 255.0 255.0 1.0 0.0 0.0 0.0 0.0 0.0 0.0 0.0
0.0 230.0 261.0 0.0 0.0 0.0 0.0 0.0 0.0 0.0 0.0 0.0 0.0 0.0 0.0 7.0 13.0 0.0 0.0 0.0 0.0 1.0 0.0 0.38 7.0 255.0 1.0 0.0 0.14 0.01 0.0 0.0 0.0 0.0
0.0 234.0 1087.0 0.0 0.0 0.0 0.0 0.0 0.0 0.0 0.0 0.0 0.0 0.0 0.0 4.0 12.0 0.0 0.0 0.0 0.0 1.0 0.0 0.25 17.0 255.0 1.0 0.0 0.06 0.01 0.0 0.0 0.0 0.0
0.0 231.0 5062.0 0.0 0.0 0.0 0.0 0.0 0.0 0.0 0.0 0.0 0.0 0.0 0.0 1.0 9.0 0.0 0.0 0.0 0.0 1.0 0.0 0.56 27.0 255.0 1.0 0.0 0.04 0.01 0.0 0.0 0.0 0.0
0.0 229.0 720.0 0.0 0.0 0.0 0.0 0.0 0.0 0.0 0.0 0.0 0.0 0.0 0.0 11.0 63.0 0.0 0.0 0.0 0.0 1.0 0.0 0.14 37.0 255.0 1.0 0.0 0.03 0.01 0.0 0.0 0.0 0.0
0.0 229.0 1280.0 0.0 0.0 0.0 0.0 0.0 0.0 0.0 0.0 0.0 0.0 0.0 0.0 8.0 28.0 0.0 0.0 0.0 0.04 1.0 0.0 0.18 47.0 255.0 1.0 0.0 0.02 0.01 0.0 0.0 0.0 0.0
0.0 231.0 261.0 0.0 0.0 0.0 0.0 0.0 0.0 0.0 0.0 0.0 0.0 0.0 0.0 5.0 14.0 0.0 0.0 0.0 0.0 1.0 0.0 0.36 57.0 255.0 1.0 0.0 0.02 0.01 0.0 0.0 0.0 0.0
0.0 231.0 261.0 0.0 0.0 0.0 0.0 0.0 0.0 0.0 0.0 0.0 0.0 0.0 0.0 2.0 30.0 0.0 0.0 0.0 0.0 1.0 0.0 0.17 67.0 255.0 1.0 0.0 0.01 0.01 0.0 0.0 0.0 0.0
0.0 230.0 720.0 0.0 0.0 0.0 0.0 0.0 0.0 0.0 0.0 0.0 0.0 0.0 0.0 12.0 28.0 0.0 0.0 0.0 0.0 1.0 0.0 0.21 77.0 255.0 1.0 0.0 0.01 0.01 0.0 0.0 0.0 0.0
0.0 276.0 327.0 0.0 0.0 0.0 0.0 0.0 0.0 0.0 0.0 0.0 0.0 0.0 0.0 2.0 28.0 0.0 0.0 0.0 0.0 1.0 0.0 0.14 9.0 255.0 1.0 0.0 0.11 0.01 0.0 0.0 0.0 0.0
0.0 270.0 3220.0 0.0 0.0 0.0 0.0 0.0 0.0 0.0 0.0 0.0 0.0 0.0 0.0 1.0 5.0 0.0 0.0 0.0 0.0 1.0 0.0 0.8 19.0 255.0 1.0 0.0 0.05 0.01 0.0 0.0 0.0 0.0
0.0 270.0 3220.0 0.0 0.0 0.0 0.0 0.0 0.0 0.0 0.0 0.0 0.0 0.0 0.0 2.0 52.0 0.0 0.0 0.0 0.02 1.0 0.0 0.12 29.0 255.0 1.0 0.0 0.03 0.01 0.0 0.0 0.0 0.0
0.0 352.0 8260.0 0.0 0.0 0.0 0.0 0.0 0.0 0.0 0.0 0.0 0.0 0.0 0.0 1.0 2.0 0.0 0.0 0.0 0.0 1.0 0.0 1.0 39.0 255.0 1.0 0.0 0.03 0.01 0.0 0.0 0.0 0.0
0.0 372.0 327.0 0.0 0.0 0.0 0.0 0.0 0.0 0.0 0.0 0.0 0.0 0.0 0.0 2.0 27.0 0.0 0.0 0.0 0.0 1.0 0.0 0.15 49.0 255.0 1.0 0.0 0.02 0.01 0.0 0.0 0.0 0.0
0.0 253.0 327.0 0.0 0.0 0.0 0.0 0.0 0.0 0.0 0.0 0.0 0.0 0.0 0.0 2.0 16.0 0.0 0.0 0.0 0.0 1.0 0.0 0.31 59.0 255.0 1.0 0.0 0.02 0.01 0.0 0.0 0.0 0.0
0.0 368.0 327.0 0.0 0.0 0.0 0.0 0.0 0.0 0.0 0.0 0.0 0.0 0.0 0.0 1.0 13.0 0.0 0.0 0.0 0.0 1.0 0.0 0.23 69.0 255.0 1.0 0.0 0.01 0.01 0.0 0.0 0.0 0.0
0.0 345.0 6871.0 0.0 0.0 0.0 0.0 0.0 0.0 0.0 0.0 0.0 0.0 0.0 0.0 6.0 12.0 0.0 0.0 0.0 0.0 1.0 0.0 0.25 79.0 255.0 1.0 0.0 0.01 0.01 0.0 0.0 0.0 0.0
0.0 339.0 2569.0 0.0 0.0 0.0 0.0 0.0 0.0 0.0 0.0 0.0 0.0 0.0 0.0 1.0 28.0 0.0 0.0 0.0 0.0 1.0 0.0 0.18 89.0 255.0 1.0 0.0 0.01 0.01 0.0 0.0 0.0 0.0
0.0 362.0 327.0 0.0 0.0 0.0 0.0 0.0 0.0 0.0 0.0 0.0 0.0 0.0 0.0 2.0 47.0 0.0 0.0 0.0 0.0 1.0 0.0 0.13 99.0 255.0 1.0 0.0 0.01 0.01 0.0 0.0 0.0 0.0
0.0 228.0 185.0 0.0 0.0 0.0 0.0 0.0 0.0 0.0 0.0 0.0 0.0 0.0 0.0 3.0 15.0 0.0 0.0 0.0 0.0 1.0 0.0 0.27 109.0 255.0 1.0 0.0 0.01 0.01 0.0 0.0 0.0 0.0
0.0 252.0 327.0 0.0 0.0 0.0 0.0 0.0 0.0 0.0 0.0 0.0 0.0 0.0 0.0 1.0 25.0 0.0 0.0 0.0 0.0 1.0 0.0 0.16 119.0 255.0 1.0 0.0 0.01 0.01 0.0 0.0 0.0 0.0
0.0 324.0 8260.0 0.0 0.0 0.0 0.0 0.0 0.0 0.0 0.0 0.0 0.0 0.0 0.0 2.0 19.0 0.0 0.0 0.0 0.0 1.0 0.0 0.26 129.0 255.0 1.0 0.0 0.01 0.01 0.0 0.0 0.0 0.0
0.0 270.0 230.0 0.0 0.0 0.0 0.0 0.0 0.0 0.0 0.0 0.0 0.0 0.0 0.0 1.0 1.0 0.0 0.0 0.0 0.0 1.0 0.0 0.0 139.0 255.0 1.0 0.0 0.01 0.01 0.0 0.0 0.0 0.0
0.0 251.0 327.0 0.0 0.0 0.0 0.0 0.0 0.0 0.0 0.0 0.0 0.0 0.0 0.0 1.0 14.0 0.0 0.0 0.0 0.0 1.0 0.0 0.29 149.0 255.0 1.0 0.0 0.01 0.01 0.0 0.0 0.0 0.0
0.0 235.0 185.0 0.0 0.0 0.0 0.0 0.0 0.0 0.0 0.0 0.0 0.0 0.0 0.0 3.0 12.0 0.0 0.0 0.0 0.0 1.0 0.0 0.25 159.0 255.0 1.0 0.0 0.01 0.01 0.0 0.0 0.0 0.0
0.0 243.0 8260.0 0.0 0.0 0.0 0.0 0.0 0.0 0.0 0.0 0.0 0.0 0.0 0.0 1.0 25.0 0.0 0.0 0.0 0.0 1.0 0.0 0.16 169.0 255.0 1.0 0.0 0.01 0.01 0.0 0.0 0.0 0.0
0.0 312.0 123.0 0.0 0.0 1.0 0.0 0.0 0.0 0.0 0.0 0.0 0.0 0.0 0.0 1.0 1.0 0.0 0.0 0.0 0.0 1.0 0.0 0.0 2.0 255.0 1.0 0.0 0.5 0.01 0.0 0.0 0.0 0.0
0.0 192.0 5244.0 0.0 0.0 0.0 0.0 0.0 0.0 0.0 0.0 0.0 0.0 0.0 0.0 2.0 4.0 0.0 0.0 0.0 0.0 1.0 0.0 0.75 9.0 255.0 1.0 0.0 0.11 0.02 0.0 0.0 0.0 0.0
0.0 208.0 5244.0 0.0 0.0 0.0 0.0 0.0 0.0 0.0 0.0 0.0 0.0 0.0 0.0 5.0 5.0 0.0 0.0 0.0 0.0 1.0 0.0 0.0 19.0 255.0 1.0 0.0 0.05 0.02 0.0 0.0 0.0 0.0
0.0 308.0 412.0 0.0 0.0 0.0 0.0 0.0 0.0 0.0 0.0 0.0 0.0 0.0 0.0 8.0 10.0 0.0 0.0 0.0 0.0 1.0 0.0 0.2 8.0 255.0 1.0 0.0 0.12 0.02 0.0 0.0 0.0 0.0
0.0 308.0 425.0 0.0 0.0 0.0 0.0 0.0 0.0 0.0 0.0 0.0 0.0 0.0 0.0 18.0 20.0 0.0 0.0 0.0 0.0 1.0 0.0 0.1 18.0 255.0 1.0 0.0 0.06 0.02 0.0 0.0 0.0 0.0
0.0 308.0 828.0 0.0 0.0 0.0 0.0 0.0 0.0 0.0 0.0 0.0 0.0 0.0 0.0 28.0 31.0 0.0 0.0 0.0 0.0 1.0 0.0 0.1 28.0 255.0 1.0 0.0 0.04 0.02 0.0 0.0 0.0 0.0
0.0 310.0 535.0 0.0 0.0 0.0 0.0 0.0 0.0 0.0 0.0 0.0 0.0 0.0 0.0 38.0 44.0 0.0 0.0 0.0 0.0 1.0 0.0 0.09 38.0 255.0 1.0 0.0 0.03 0.02 0.0 0.0 0.0 0.0
0.0 280.0 20382.0 0.0 0.0 0.0 0.0 0.0 0.0 0.0 0.0 0.0 0.0 0.0 0.0 1.0 1.0 0.0 0.0 0.0 0.0 1.0 0.0 0.0 2.0 255.0 1.0 0.0 0.5 0.02 0.0 0.0 0.0 0.0
0.0 292.0 859.0 0.0 0.0 0.0 0.0 0.0 0.0 0.0 0.0 0.0 0.0 0.0 0.0 10.0 22.0 0.0 0.0 0.0 0.0 1.0 0.0 0.09 10.0 255.0 1.0 0.0 0.1 0.02 0.0 0.0 0.0 0.0
0.0 267.0 819.0 0.0 0.0 0.0 0.0 0.0 0.0 0.0 0.0 0.0 0.0 0.0 0.0 1.0 16.0 0.0 0.0 0.0 0.0 1.0 0.0 0.12 1.0 255.0 1.0 0.0 1.0 0.03 0.0 0.0 0.0 0.0
0.0 270.0 948.0 0.0 0.0 0.0 0.0 0.0 0.0 0.0 0.0 0.0 0.0 0.0 0.0 11.0 40.0 0.0 0.0 0.0 0.0 1.0 0.0 0.08 11.0 255.0 1.0 0.0 0.09 0.03 0.0 0.0 0.0 0.0
0.0 369.0 948.0 0.0 0.0 0.0 0.0 0.0 0.0 0.0 0.0 0.0 0.0 0.0 0.0 10.0 27.0 0.0 0.0 0.0 0.0 1.0 0.0 0.07 21.0 255.0 1.0 0.0 0.05 0.03 0.0 0.0 0.0 0.0
0.0 344.0 4724.0 0.0 0.0 0.0 0.0 0.0 0.0 0.0 0.0 0.0 0.0 0.0 0.0 8.0 31.0 0.0 0.0 0.0 0.0 1.0 0.0 0.1 8.0 255.0 1.0 0.0 0.12 0.03 0.0 0.0 0.0 0.0
0.0 321.0 2433.0 0.0 0.0 0.0 0.0 0.0 0.0 0.0 0.0 0.0 0.0 0.0 0.0 5.0 7.0 0.0 0.0 0.0 0.0 1.0 0.0 0.29 18.0 255.0 1.0 0.0 0.06 0.03 0.0 0.0 0.0 0.0
0.0 226.0 23572.0 0.0 0.0 0.0 0.0 0.0 0.0 0.0 0.0 0.0 0.0 0.0 0.0 2.0 5.0 0.0 0.0 0.0 0.0 1.0 0.0 0.8 2.0 255.0 1.0 0.0 0.5 0.04 0.0 0.0 0.0 0.0
0.0 179.0 13176.0 0.0 0.0 0.0 0.0 0.0 0.0 0.0 0.0 0.0 0.0 0.0 0.0 6.0 6.0 0.0 0.0 0.0 0.0 1.0 0.0 0.0 6.0 255.0 1.0 0.0 0.17 0.04 0.0 0.0 0.0 0.0
0.0 179.0 656.0 0.0 0.0 0.0 0.0 0.0 0.0 0.0 0.0 0.0 0.0 0.0 0.0 16.0 16.0 0.0 0.0 0.0 0.0 1.0 0.0 0.0 16.0 255.0 1.0 0.0 0.06 0.04 0.0 0.0 0.0 0.0
0.0 178.0 13294.0 0.0 0.0 0.0 0.0 0.0 0.0 0.0 0.0 0.0 0.0 0.0 0.0 2.0 14.0 0.0 0.0 0.0 0.0 1.0 0.0 0.21 26.0 255.0 1.0 0.0 0.04 0.04 0.0 0.0 0.0 0.0
0.0 179.0 656.0 0.0 0.0 0.0 0.0 0.0 0.0 0.0 0.0 0.0 0.0 0.0 0.0 12.0 24.0 0.0 0.0 0.0 0.0 1.0 0.0 0.12 36.0 255.0 1.0 0.0 0.03 0.04 0.0 0.0 0.0 0.0
0.0 187.0 15416.0 0.0 0.0 0.0 0.0 0.0 0.0 0.0 0.0 0.0 0.0 0.0 0.0 4.0 11.0 0.0 0.0 0.0 0.0 1.0 0.0 0.36 46.0 255.0 1.0 0.0 0.02 0.04 0.0 0.0 0.0 0.0
0.0 180.0 697.0 0.0 0.0 0.0 0.0 0.0 0.0 0.0 0.0 0.0 0.0 0.0 0.0 8.0 8.0 0.0 0.0 0.0 0.0 1.0 0.0 0.0 56.0 255.0 1.0 0.0 0.02 0.04 0.0 0.0 0.0 0.0
0.0 177.0 12021.0 0.0 0.0 0.0 0.0 0.0 0.0 0.0 0.0 0.0 0.0 0.0 0.0 18.0 18.0 0.0 0.0 0.0 0.0 1.0 0.0 0.0 66.0 255.0 1.0 0.0 0.02 0.04 0.0 0.0 0.0 0.0
0.0 177.0 20219.0 0.0 0.0 0.0 0.0 0.0 0.0 0.0 0.0 0.0 0.0 0.0 0.0 4.0 11.0 0.0 0.0 0.0 0.0 1.0 0.0 0.18 76.0 255.0 1.0 0.0 0.01 0.04 0.0 0.0 0.0 0.0
0.0 176.0 10479.0 0.0 0.0 0.0 0.0 0.0 0.0 0.0 0.0 0.0 0.0 0.0 0.0 14.0 18.0 0.0 0.0 0.0 0.0 1.0 0.0 0.11 86.0 255.0 1.0 0.0 0.01 0.04 0.0 0.0 0.0 0.0
0.0 182.0 9141.0 0.0 0.0 0.0 0.0 0.0 0.0 0.0 0.0 0.0 0.0 0.0 0.0 6.0 6.0 0.0 0.0 0.0 0.0 1.0 0.0 0.0 96.0 255.0 1.0 0.0 0.01 0.04 0.0 0.0 0.0 0.0
0.0 178.0 12239.0 0.0 0.0 0.0 0.0 0.0 0.0 0.0 0.0 0.0 0.0 0.0 0.0 10.0 10.0 0.0 0.0 0.0 0.0 1.0 0.0 0.0 106.0 255.0 1.0 0.0 0.01 0.04 0.0 0.0 0.0 0.0
0.0 190.0 18004.0 0.0 0.0 0.0 0.0 0.0 0.0 0.0 0.0 0.0 0.0 0.0 0.0 2.0 2.0 0.0 0.0 0.0 0.0 1.0 0.0 0.0 116.0 255.0 1.0 0.0 0.01 0.04 0.0 0.0 0.0 0.0
0.0 181.0 697.0 0.0 0.0 0.0 0.0 0.0 0.0 0.0 0.0 0.0 0.0 0.0 0.0 6.0 7.0 0.0 0.0 0.0 0.0 1.0 0.0 0.29 126.0 255.0 1.0 0.0 0.01 0.04 0.0 0.0 0.0 0.0
0.0 178.0 12021.0 0.0 0.0 0.0 0.0 0.0 0.0 0.0 0.0 0.0 0.0 0.0 0.0 16.0 17.0 0.0 0.0 0.0 0.0 1.0 0.0 0.12 136.0 255.0 1.0 0.0 0.01 0.03 0.0 0.0 0.0 0.0
0.0 161.0 140.0 0.0 0.0 0.0 0.0 0.0 0.0 0.0 0.0 0.0 0.0 0.0 0.0 1.0 1.0 0.0 0.0 0.0 0.0 1.0 0.0 0.0 1.0 255.0 1.0 0.0 1.0 0.04 0.0 0.0 0.0 0.0
0.0 284.0 3426.0 0.0 0.0 0.0 0.0 0.0 0.0 0.0 0.0 0.0 0.0 0.0 0.0 1.0 4.0 0.0 0.0 0.0 0.0 1.0 0.0 0.75 2.0 255.0 1.0 0.0 0.5 0.05 0.0 0.0 0.0 0.0
0.0 238.0 1240.0 0.0 0.0 0.0 0.0 0.0 0.0 0.0 0.0 0.0 0.0 0.0 0.0 6.0 6.0 0.0 0.0 0.0 0.0 1.0 0.0 0.0 6.0 255.0 1.0 0.0 0.17 0.06 0.0 0.0 0.0 0.0
0.0 221.0 944.0 0.0 0.0 0.0 0.0 0.0 0.0 0.0 0.0 0.0 0.0 0.0 0.0 16.0 16.0 0.0 0.0 0.0 0.0 1.0 0.0 0.0 16.0 255.0 1.0 0.0 0.06 0.06 0.0 0.0 0.0 0.0
0.0 223.0 866.0 0.0 0.0 0.0 0.0 0.0 0.0 0.0 0.0 0.0 0.0 0.0 0.0 26.0 26.0 0.0 0.0 0.0 0.0 1.0 0.0 0.0 26.0 255.0 1.0 0.0 0.04 0.05 0.0 0.0 0.0 0.0
0.0 220.0 709.0 0.0 0.0 0.0 0.0 0.0 0.0 0.0 0.0 0.0 0.0 0.0 0.0 36.0 36.0 0.0 0.0 0.0 0.0 1.0 0.0 0.0 36.0 255.0 1.0 0.0 0.03 0.05 0.0 0.0 0.0 0.0
0.0 254.0 4149.0 0.0 0.0 0.0 0.0 0.0 0.0 0.0 0.0 0.0 0.0 0.0 0.0 9.0 20.0 0.0 0.0 0.0 0.0 1.0 0.0 0.2 46.0 255.0 1.0 0.0 0.02 0.05 0.0 0.0 0.0 0.0
0.0 254.0 4149.0 0.0 0.0 0.0 0.0 0.0 0.0 0.0 0.0 0.0 0.0 0.0 0.0 6.0 7.0 0.0 0.0 0.0 0.0 1.0 0.0 0.29 56.0 255.0 1.0 0.0 0.02 0.05 0.0 0.0 0.0 0.0
0.0 328.0 3721.0 0.0 0.0 0.0 0.0 0.0 0.0 0.0 0.0 0.0 0.0 0.0 0.0 3.0 4.0 0.0 0.0 0.0 0.0 1.0 0.0 0.5 66.0 255.0 1.0 0.0 0.02 0.05 0.0 0.0 0.0 0.0
0.0 336.0 1231.0 0.0 0.0 0.0 0.0 0.0 0.0 0.0 0.0 0.0 0.0 0.0 0.0 13.0 14.0 0.0 0.0 0.0 0.0 1.0 0.0 0.14 76.0 255.0 1.0 0.0 0.01 0.05 0.0 0.0 0.0 0.0
0.0 340.0 1262.0 0.0 0.0 0.0 0.0 0.0 0.0 0.0 0.0 0.0 0.0 0.0 0.0 23.0 24.0 0.0 0.0 0.0 0.0 1.0 0.0 0.08 86.0 255.0 1.0 0.0 0.01 0.05 0.0 0.0 0.0 0.0
0.0 323.0 823.0 0.0 0.0 0.0 0.0 0.0 0.0 0.0 0.0 0.0 0.0 0.0 0.0 33.0 34.0 0.0 0.0 0.0 0.0 1.0 0.0 0.06 96.0 255.0 1.0 0.0 0.01 0.04 0.0 0.0 0.0 0.0
0.0 348.0 952.0 0.0 0.0 0.0 0.0 0.0 0.0 0.0 0.0 0.0 0.0 0.0 0.0 6.0 6.0 0.0 0.0 0.0 0.0 1.0 0.0 0.0 106.0 255.0 1.0 0.0 0.01 0.04 0.0 0.0 0.0 0.0
0.0 353.0 4149.0 0.0 0.0 0.0 0.0 0.0 0.0 0.0 0.0 0.0 0.0 0.0 0.0 3.0 4.0 0.0 0.0 0.0 0.0 1.0 0.0 0.5 116.0 255.0 1.0 0.0 0.01 0.04 0.0 0.0 0.0 0.0
0.0 353.0 846.0 0.0 0.0 0.0 0.0 0.0 0.0 0.0 0.0 0.0 0.0 0.0 0.0 13.0 17.0 0.0 0.0 0.0 0.0 1.0 0.0 0.18 126.0 255.0 1.0 0.0 0.01 0.04 0.0 0.0 0.0 0.0
0.0 148.0 9921.0 0.0 0.0 2.0 0.0 0.0 0.0 0.0 0.0 0.0 0.0 0.0 0.0 6.0 9.0 0.0 0.0 0.0 0.11 1.0 0.0 0.33 6.0 255.0 1.0 0.0 0.17 0.04 0.0 0.0 0.0 0.0
0.0 212.0 1092.0 0.0 0.0 0.0 0.0 0.0 0.0 0.0 0.0 0.0 0.0 0.0 0.0 2.0 6.0 0.0 0.0 0.0 0.0 1.0 0.0 0.5 16.0 255.0 1.0 0.0 0.06 0.04 0.0 0.0 0.0 0.0
0.0 209.0 437.0 0.0 0.0 0.0 0.0 0.0 0.0 0.0 0.0 0.0 0.0 0.0 0.0 12.0 17.0 0.0 0.0 0.0 0.0 1.0 0.0 0.24 26.0 255.0 1.0 0.0 0.04 0.04 0.0 0.0 0.0 0.0
0.0 210.0 437.0 0.0 0.0 0.0 0.0 0.0 0.0 0.0 0.0 0.0 0.0 0.0 0.0 8.0 12.0 0.0 0.0 0.12 0.08 1.0 0.0 0.25 36.0 255.0 1.0 0.0 0.03 0.04 0.0 0.0 0.03 0.0
0.0 217.0 2361.0 0.0 0.0 0.0 0.0 0.0 0.0 0.0 0.0 0.0 0.0 0.0 0.0 3.0 3.0 0.0 0.0 0.0 0.0 1.0 0.0 0.0 46.0 255.0 1.0 0.0 0.02 0.04 0.0 0.0 0.02 0.0
0.0 211.0 10609.0 0.0 0.0 0.0 0.0 0.0 0.0 0.0 0.0 0.0 0.0 0.0 0.0 13.0 13.0 0.0 0.0 0.0 0.0 1.0 0.0 0.0 56.0 255.0 1.0 0.0 0.02 0.04 0.0 0.0 0.02 0.0
0.0 213.0 8850.0 0.0 0.0 0.0 0.0 0.0 0.0 0.0 0.0 0.0 0.0 0.0 0.0 9.0 23.0 0.0 0.09 0.0 0.0 1.0 0.0 0.13 66.0 255.0 1.0 0.0 0.02 0.04 0.0 0.0 0.02 0.0
0.0 290.0 2194.0 0.0 0.0 0.0 0.0 0.0 0.0 0.0 0.0 0.0 0.0 0.0 0.0 4.0 10.0 0.0 0.0 0.0 0.0 1.0 0.0 0.4 4.0 255.0 1.0 0.0 0.25 0.05 0.0 0.0 0.0 0.0
0.0 311.0 1745.0 0.0 0.0 0.0 0.0 0.0 0.0 0.0 0.0 0.0 0.0 0.0 0.0 14.0 17.0 0.0 0.0 0.0 0.0 1.0 0.0 0.12 14.0 255.0 1.0 0.0 0.07 0.05 0.0 0.0 0.0 0.0
0.0 262.0 945.0 0.0 0.0 0.0 0.0 0.0 0.0 0.0 0.0 0.0 0.0 0.0 0.0 3.0 4.0 0.0 0.0 0.0 0.0 1.0 0.0 0.5 24.0 255.0 1.0 0.0 0.04 0.05 0.0 0.0 0.0 0.0
0.0 202.0 2194.0 0.0 0.0 0.0 0.0 0.0 0.0 0.0 0.0 0.0 0.0 0.0 0.0 7.0 7.0 0.0 0.0 0.0 0.0 1.0 0.0 0.0 34.0 255.0 1.0 0.0 0.03 0.05 0.0 0.0 0.0 0.0
0.0 173.0 4745.0 0.0 0.0 0.0 0.0 0.0 0.0 0.0 0.0 0.0 0.0 0.0 0.0 1.0 1.0 0.0 0.0 0.0 0.0 1.0 0.0 0.0 44.0 255.0 1.0 0.0 0.02 0.04 0.0 0.0 0.0 0.0
0.0 249.0 3098.0 0.0 0.0 0.0 0.0 0.0 0.0 0.0 0.0 0.0 0.0 0.0 0.0 3.0 3.0 0.33 0.33 0.0 0.0 1.0 0.0 0.0 54.0 255.0 1.0 0.0 0.02 0.02 0.02 0.0 0.0 0.0
0.0 287.0 2009.0 0.0 0.0 0.0 0.0 0.0 0.0 0.0 0.0 0.0 0.0 0.0 0.0 10.0 10.0 0.0 0.0 0.0 0.0 1.0 0.0 0.0 10.0 255.0 1.0 0.0 0.1 0.02 0.0 0.0 0.0 0.0
0.0 289.0 4837.0 0.0 0.0 0.0 0.0 0.0 0.0 0.0 0.0 0.0 0.0 0.0 0.0 20.0 20.0 0.0 0.0 0.0 0.0 1.0 0.0 0.0 20.0 255.0 1.0 0.0 0.05 0.02 0.0 0.0 0.0 0.0
0.0 208.0 6091.0 0.0 0.0 0.0 0.0 0.0 0.0 0.0 0.0 0.0 0.0 0.0 0.0 5.0 7.0 0.0 0.0 0.0 0.0 1.0 0.0 0.29 5.0 255.0 1.0 0.0 0.2 0.03 0.0 0.0 0.0 0.0
0.0 231.0 346.0 0.0 0.0 0.0 0.0 0.0 0.0 0.0 0.0 0.0 0.0 0.0 0.0 1.0 2.0 0.0 0.0 0.0 0.0 1.0 0.0 1.0 1.0 255.0 1.0 0.0 1.0 0.04 0.0 0.0 0.0 0.0
0.0 202.0 8053.0 0.0 0.0 0.0 0.0 0.0 0.0 0.0 0.0 0.0 0.0 0.0 0.0 6.0 6.0 0.0 0.0 0.0 0.0 1.0 0.0 0.0 6.0 255.0 1.0 0.0 0.17 0.04 0.0 0.0 0.0 0.0
0.0 208.0 1817.0 0.0 0.0 0.0 0.0 0.0 0.0 0.0 0.0 0.0 0.0 0.0 0.0 15.0 15.0 0.0 0.0 0.0 0.0 1.0 0.0 0.0 16.0 255.0 1.0 0.0 0.06 0.04 0.0 0.0 0.0 0.0
0.0 206.0 1307.0 0.0 0.0 0.0 0.0 0.0 0.0 0.0 0.0 0.0 0.0 0.0 0.0 25.0 25.0 0.0 0.0 0.0 0.0 1.0 0.0 0.0 26.0 255.0 1.0 0.0 0.04 0.04 0.0 0.0 0.0 0.0
0.0 208.0 1661.0 0.0 0.0 0.0 0.0 0.0 0.0 0.0 0.0 0.0 0.0 0.0 0.0 6.0 8.0 0.0 0.0 0.0 0.0 1.0 0.0 0.25 36.0 255.0 1.0 0.0 0.03 0.04 0.0 0.0 0.0 0.0
0.0 206.0 1307.0 0.0 0.0 0.0 0.0 0.0 0.0 0.0 0.0 0.0 0.0 0.0 0.0 8.0 8.0 0.0 0.0 0.0 0.0 1.0 0.0 0.0 46.0 255.0 1.0 0.0 0.02 0.04 0.0 0.0 0.0 0.0
0.0 205.0 1536.0 0.0 0.0 0.0 0.0 0.0 0.0 0.0 0.0 0.0 0.0 0.0 0.0 6.0 6.0 0.0 0.0 0.0 0.0 1.0 0.0 0.0 56.0 255.0 1.0 0.0 0.02 0.04 0.0 0.0 0.0 0.0
0.0 205.0 1060.0 0.0 0.0 0.0 0.0 0.0 0.0 0.0 0.0 0.0 0.0 0.0 0.0 16.0 16.0 0.0 0.0 0.0 0.0 1.0 0.0 0.0 66.0 255.0 1.0 0.0 0.02 0.04 0.0 0.0 0.0 0.0
0.0 172.0 5937.0 0.0 0.0 0.0 0.0 0.0 0.0 0.0 0.0 0.0 0.0 0.0 0.0 10.0 16.0 0.0 0.0 0.0 0.0 1.0 0.0 0.12 76.0 255.0 1.0 0.0 0.01 0.04 0.0 0.0 0.0 0.0
0.0 223.0 1060.0 0.0 0.0 0.0 0.0 0.0 0.0 0.0 0.0 0.0 0.0 0.0 0.0 20.0 26.0 0.0 0.0 0.0 0.0 1.0 0.0 0.08 86.0 255.0 1.0 0.0 0.01 0.04 0.0 0.0 0.0 0.0
0.0 225.0 1459.0 0.0 0.0 0.0 0.0 0.0 0.0 0.0 0.0 0.0 0.0 0.0 0.0 30.0 36.0 0.0 0.0 0.0 0.0 1.0 0.0 0.06 96.0 255.0 1.0 0.0 0.01 0.04 0.0 0.0 0.0 0.0
0.0 226.0 1817.0 0.0 0.0 0.0 0.0 0.0 0.0 0.0 0.0 0.0 0.0 0.0 0.0 10.0 10.0 0.0 0.0 0.0 0.0 1.0 0.0 0.0 106.0 255.0 1.0 0.0 0.01 0.04 0.0 0.0 0.0 0.0
0.0 320.0 1229.0 0.0 0.0 0.0 0.0 0.0 0.0 0.0 0.0 0.0 0.0 0.0 0.0 4.0 4.0 0.0 0.0 0.0 0.0 1.0 0.0 0.0 116.0 255.0 1.0 0.0 0.01 0.04 0.0 0.0 0.0 0.0
0.0 324.0 1459.0 0.0 0.0 0.0 0.0 0.0 0.0 0.0 0.0 0.0 0.0 0.0 0.0 14.0 14.0 0.0 0.0 0.0 0.0 1.0 0.0 0.0 126.0 255.0 1.0 0.0 0.01 0.04 0.0 0.0 0.0 0.0
0.0 273.0 4471.0 0.0 0.0 0.0 0.0 0.0 0.0 0.0 0.0 0.0 0.0 0.0 0.0 24.0 24.0 0.0 0.0 0.0 0.0 1.0 0.0 0.0 136.0 255.0 1.0 0.0 0.01 0.04 0.0 0.0 0.0 0.0
0.0 321.0 1484.0 0.0 0.0 0.0 0.0 0.0 0.0 0.0 0.0 0.0 0.0 0.0 0.0 34.0 34.0 0.0 0.0 0.0 0.0 1.0 0.0 0.0 146.0 255.0 1.0 0.0 0.01 0.04 0.0 0.0 0.0 0.0
0.0 322.0 1536.0 0.0 0.0 0.0 0.0 0.0 0.0 0.0 0.0 0.0 0.0 0.0 0.0 44.0 44.0 0.0 0.0 0.0 0.0 1.0 0.0 0.0 156.0 255.0 1.0 0.0 0.01 0.03 0.0 0.0 0.0 0.0
0.0 230.0 431.0 0.0 0.0 0.0 0.0 0.0 0.0 0.0 0.0 0.0 0.0 0.0 0.0 4.0 4.0 0.0 0.0 0.0 0.0 1.0 0.0 0.0 4.0 255.0 1.0 0.0 0.25 0.04 0.0 0.0 0.0 0.0
0.0 226.0 3958.0 0.0 0.0 0.0 0.0 0.0 0.0 0.0 0.0 0.0 0.0 0.0 0.0 14.0 14.0 0.0 0.0 0.0 0.0 1.0 0.0 0.0 14.0 255.0 1.0 0.0 0.07 0.04 0.0 0.0 0.0 0.0
0.0 232.0 354.0 0.0 0.0 0.0 0.0 0.0 0.0 0.0 0.0 0.0 0.0 0.0 0.0 8.0 8.0 0.0 0.0 0.0 0.0 1.0 0.0 0.0 24.0 255.0 1.0 0.0 0.04 0.04 0.0 0.0 0.0 0.0
3.0 166.0 5249.0 0.0 0.0 0.0 0.0 0.0 0.0 0.0 0.0 0.0 0.0 0.0 0.0 1.0 1.0 0.0 0.0 0.0 0.0 1.0 0.0 0.0 1.0 255.0 1.0 0.0 1.0 0.04 0.0 0.0 0.0 0.0
0.0 222.0 9723.0 0.0 0.0 0.0 0.0 0.0 0.0 0.0 0.0 0.0 0.0 0.0 0.0 10.0 10.0 0.0 0.0 0.0 0.0 1.0 0.0 0.0 11.0 255.0 1.0 0.0 0.09 0.04 0.0 0.0 0.0 0.0
0.0 331.0 5739.0 0.0 0.0 0.0 0.0 0.0 0.0 0.0 0.0 0.0 0.0 0.0 0.0 9.0 9.0 0.0 0.0 0.0 0.0 1.0 0.0 0.0 21.0 255.0 1.0 0.0 0.05 0.04 0.0 0.0 0.0 0.0
0.0 245.0 3257.0 0.0 0.0 0.0 0.0 0.0 0.0 0.0 0.0 0.0 0.0 0.0 0.0 3.0 24.0 0.0 0.0 0.0 0.0 1.0 0.0 0.08 7.0 255.0 1.0 0.0 0.14 0.04 0.0 0.0 0.14 0.0
0.0 249.0 171.0 0.0 0.0 0.0 0.0 0.0 0.0 0.0 0.0 0.0 0.0 0.0 0.0 1.0 13.0 0.0 0.0 0.0 0.0 1.0 0.0 0.15 17.0 255.0 1.0 0.0 0.06 0.04 0.0 0.0 0.06 0.0
0.0 302.0 233.0 0.0 0.0 0.0 0.0 0.0 0.0 0.0 0.0 0.0 0.0 0.0 0.0 1.0 1.0 0.0 0.0 0.0 0.0 1.0 0.0 0.0 6.0 255.0 1.0 0.0 0.17 0.04 0.0 0.0 0.0 0.0
0.0 148.0 2472.0 0.0 0.0 0.0 0.0 0.0 0.0 0.0 0.0 0.0 0.0 0.0 0.0 1.0 33.0 0.0 0.0 0.0 0.0 1.0 0.0 0.09 6.0 255.0 1.0 0.0 0.17 0.03 0.0 0.0 0.0 0.0
0.0 210.0 3345.0 0.0 0.0 0.0 0.0 0.0 0.0 0.0 0.0 0.0 0.0 0.0 0.0 1.0 1.0 0.0 0.0 0.0 0.0 1.0 0.0 0.0 1.0 255.0 1.0 0.0 1.0 0.03 0.0 0.0 0.0 0.0
0.0 166.0 3218.0 0.0 0.0 0.0 0.0 0.0 0.0 0.0 0.0 0.0 0.0 0.0 0.0 11.0 11.0 0.0 0.0 0.0 0.0 1.0 0.0 0.0 11.0 255.0 1.0 0.0 0.09 0.03 0.0 0.0 0.0 0.0
0.0 215.0 3345.0 0.0 0.0 0.0 0.0 0.0 0.0 0.0 0.0 0.0 0.0 0.0 0.0 2.0 4.0 0.0 0.0 0.0 0.25 1.0 0.0 0.5 21.0 255.0 1.0 0.0 0.05 0.03 0.0 0.0 0.0 0.0
0.0 203.0 301.0 0.0 0.0 0.0 0.0 0.0 0.0 0.0 0.0 0.0 0.0 0.0 0.0 5.0 20.0 0.0 0.0 0.0 0.0 1.0 0.0 0.15 5.0 255.0 1.0 0.0 0.2 0.04 0.0 0.0 0.0 0.0
0.0 241.0 4718.0 0.0 0.0 1.0 0.0 0.0 0.0 0.0 0.0 0.0 0.0 0.0 0.0 2.0 2.0 0.0 0.0 0.0 0.0 1.0 0.0 0.0 15.0 255.0 1.0 0.0 0.07 0.04 0.0 0.0 0.0 0.0
0.0 291.0 15563.0 0.0 0.0 0.0 0.0 0.0 0.0 0.0 0.0 0.0 0.0 0.0 0.0 12.0 16.0 0.0 0.0 0.0 0.06 1.0 0.0 0.25 25.0 255.0 1.0 0.0 0.04 0.04 0.0 0.0 0.0 0.0
0.0 202.0 1715.0 0.0 0.0 0.0 0.0 0.0 0.0 0.0 0.0 0.0 0.0 0.0 0.0 9.0 12.0 0.0 0.0 0.0 0.0 1.0 0.0 0.17 9.0 255.0 1.0 0.0 0.11 0.04 0.0 0.0 0.0 0.0
