0.0 224.0 496.0 0.0 0.0 0.0 0.0 0.0 0.0 0.0 0.0 0.0 0.0 0.0 0.0 4.0 52.0 0.0 0.0 0.0 0.0 1.0 0.0 0.06 4.0 255.0 1.0 0.0 0.25 0.04 0.0 0.0 0.0 0.0
0.0 221.0 275.0 0.0 0.0 0.0 0.0 0.0 0.0 0.0 0.0 0.0 0.0 0.0 0.0 14.0 62.0 0.0 0.0 0.0 0.0 1.0 0.0 0.05 14.0 255.0 1.0 0.0 0.07 0.04 0.0 0.0 0.0 0.0
0.0 223.0 1064.0 0.0 0.0 0.0 0.0 0.0 0.0 0.0 0.0 0.0 0.0 0.0 0.0 24.0 39.0 0.0 0.0 0.0 0.0 1.0 0.0 0.05 24.0 255.0 1.0 0.0 0.04 0.04 0.0 0.0 0.0 0.0
0.0 221.0 569.0 0.0 0.0 0.0 0.0 0.0 0.0 0.0 0.0 0.0 0.0 0.0 0.0 3.0 3.0 0.0 0.0 0.0 0.0 1.0 0.0 0.0 3.0 255.0 1.0 0.0 0.33 0.05 0.0 0.0 0.0 0.0
0.0 161.0 3230.0 0.0 0.0 0.0 0.0 0.0 0.0 0.0 0.0 0.0 0.0 0.0 0.0 13.0 13.0 0.0 0.0 0.0 0.0 1.0 0.0 0.0 13.0 255.0 1.0 0.0 0.08 0.05 0.0 0.0 0.0 0.0
0.0 246.0 366.0 0.0 0.0 0.0 0.0 0.0 0.0 0.0 0.0 0.0 0.0 0.0 0.0 1.0 1.0 0.0 0.0 0.0 0.0 1.0 0.0 0.0 23.0 255.0 1.0 0.0 0.04 0.04 0.0 0.0 0.0 0.0
0.0 246.0 365.0 0.0 0.0 0.0 0.0 0.0 0.0 0.0 0.0 0.0 0.0 0.0 0.0 11.0 11.0 0.0 0.0 0.0 0.0 1.0 0.0 0.0 33.0 255.0 1.0 0.0 0.03 0.04 0.0 0.0 0.0 0.0
0.0 161.0 948.0 0.0 0.0 0.0 0.0 0.0 0.0 0.0 0.0 0.0 0.0 0.0 0.0 21.0 21.0 0.0 0.0 0.0 0.0 1.0 0.0 0.0 43.0 255.0 1.0 0.0 0.02 0.04 0.0 0.0 0.0 0.0
0.0 225.0 2727.0 0.0 0.0 0.0 0.0 0.0 0.0 0.0 0.0 0.0 0.0 0.0 0.0 10.0 10.0 0.0 0.0 0.0 0.0 1.0 0.0 0.0 53.0 255.0 1.0 0.0 0.02 0.04 0.0 0.0 0.0 0.0
0.0 227.0 822.0 0.0 0.0 0.0 0.0 0.0 0.0 0.0 0.0 0.0 0.0 0.0 0.0 20.0 20.0 0.0 0.0 0.0 0.0 1.0 0.0 0.0 63.0 255.0 1.0 0.0 0.02 0.04 0.0 0.0 0.0 0.0
0.0 311.0 597.0 0.0 0.0 0.0 0.0 0.0 0.0 0.0 0.0 0.0 0.0 0.0 0.0 9.0 9.0 0.0 0.0 0.0 0.0 1.0 0.0 0.0 73.0 255.0 1.0 0.0 0.01 0.04 0.0 0.0 0.0 0.0
0.0 252.0 2318.0 0.0 0.0 0.0 0.0 0.0 0.0 0.0 0.0 0.0 0.0 0.0 0.0 19.0 19.0 0.0 0.0 0.0 0.0 1.0 0.0 0.0 83.0 255.0 1.0 0.0 0.01 0.04 0.0 0.0 0.0 0.0
0.0 315.0 677.0 0.0 0.0 0.0 0.0 0.0 0.0 0.0 0.0 0.0 0.0 0.0 0.0 7.0 8.0 0.0 0.0 0.0 0.0 1.0 0.0 0.25 93.0 255.0 1.0 0.0 0.01 0.04 0.0 0.0 0.0 0.0
0.0 257.0 2317.0 0.0 0.0 0.0 0.0 0.0 0.0 0.0 0.0 0.0 0.0 0.0 0.0 17.0 21.0 0.0 0.0 0.0 0.0 1.0 0.0 0.1 103.0 255.0 1.0 0.0 0.01 0.04 0.0 0.0 0.0 0.0
0.0 315.0 677.0 0.0 0.0 0.0 0.0 0.0 0.0 0.0 0.0 0.0 0.0 0.0 0.0 6.0 12.0 0.0 0.0 0.0 0.0 1.0 0.0 0.17 113.0 255.0 1.0 0.0 0.01 0.04 0.0 0.0 0.0 0.0
0.0 314.0 2727.0 0.0 0.0 0.0 0.0 0.0 0.0 0.0 0.0 0.0 0.0 0.0 0.0 16.0 23.0 0.0 0.0 0.0 0.0 1.0 0.0 0.09 123.0 255.0 1.0 0.0 0.01 0.04 0.0 0.0 0.0 0.0
0.0 245.0 202.0 0.0 0.0 0.0 0.0 0.0 0.0 0.0 0.0 0.0 0.0 0.0 0.0 3.0 3.0 0.0 0.0 0.0 0.0 1.0 0.0 0.0 3.0 255.0 1.0 0.0 0.33 0.05 0.0 0.0 0.0 0.0
0.0 226.0 2570.0 0.0 0.0 0.0 0.0 0.0 0.0 0.0 0.0 0.0 0.0 0.0 0.0 5.0 8.0 0.0 0.0 0.0 0.0 1.0 0.0 0.25 13.0 255.0 1.0 0.0 0.08 0.05 0.0 0.0 0.0 0.0
0.0 222.0 179.0 0.0 0.0 0.0 0.0 0.0 0.0 0.0 0.0 0.0 0.0 0.0 0.0 1.0 2.0 0.0 0.0 0.0 0.0 1.0 0.0 1.0 1.0 255.0 1.0 0.0 1.0 0.05 0.0 0.0 0.0 0.0
0.0 294.0 542.0 0.0 0.0 0.0 0.0 0.0 0.0 0.0 0.0 0.0 0.0 0.0 0.0 4.0 4.0 0.0 0.0 0.0 0.0 1.0 0.0 0.0 4.0 255.0 1.0 0.0 0.25 0.05 0.0 0.0 0.0 0.0
0.0 289.0 528.0 0.0 0.0 0.0 0.0 0.0 0.0 0.0 0.0 0.0 0.0 0.0 0.0 14.0 14.0 0.0 0.0 0.0 0.0 1.0 0.0 0.0 14.0 255.0 1.0 0.0 0.07 0.04 0.0 0.0 0.0 0.0
0.0 290.0 629.0 0.0 0.0 0.0 0.0 0.0 0.0 0.0 0.0 0.0 0.0 0.0 0.0 24.0 24.0 0.0 0.0 0.0 0.0 1.0 0.0 0.0 24.0 255.0 1.0 0.0 0.04 0.04 0.0 0.0 0.0 0.0
0.0 294.0 552.0 0.0 0.0 0.0 0.0 0.0 0.0 0.0 0.0 0.0 0.0 0.0 0.0 34.0 34.0 0.0 0.0 0.0 0.0 1.0 0.0 0.0 34.0 255.0 1.0 0.0 0.03 0.04 0.0 0.0 0.0 0.0
0.0 305.0 3104.0 0.0 0.0 0.0 0.0 0.0 0.0 0.0 0.0 0.0 0.0 0.0 0.0 8.0 8.0 0.0 0.0 0.0 0.0 1.0 0.0 0.0 44.0 255.0 1.0 0.0 0.02 0.04 0.0 0.0 0.0 0.0
0.0 301.0 1274.0 0.0 0.0 0.0 0.0 0.0 0.0 0.0 0.0 0.0 0.0 0.0 0.0 1.0 2.0 0.0 0.0 0.0 0.0 1.0 0.0 1.0 54.0 255.0 1.0 0.0 0.02 0.04 0.0 0.0 0.0 0.0
0.0 306.0 6615.0 0.0 0.0 0.0 0.0 0.0 0.0 0.0 0.0 0.0 0.0 0.0 0.0 11.0 14.0 0.0 0.0 0.0 0.0 1.0 0.0 0.14 64.0 255.0 1.0 0.0 0.02 0.03 0.0 0.0 0.0 0.0
0.0 318.0 1274.0 0.0 0.0 0.0 0.0 0.0 0.0 0.0 0.0 0.0 0.0 0.0 0.0 2.0 3.0 0.0 0.0 0.0 0.0 1.0 0.0 0.67 74.0 255.0 1.0 0.0 0.01 0.03 0.0 0.0 0.0 0.0
0.0 208.0 2658.0 0.0 0.0 0.0 0.0 0.0 0.0 0.0 0.0 0.0 0.0 0.0 0.0 2.0 2.0 0.0 0.0 0.0 0.0 1.0 0.0 0.0 2.0 255.0 1.0 0.0 0.5 0.04 0.0 0.0 0.0 0.0
0.0 207.0 2241.0 0.0 0.0 0.0 0.0 0.0 0.0 0.0 0.0 0.0 0.0 0.0 0.0 3.0 7.0 0.0 0.0 0.0 0.0 1.0 0.0 0.29 12.0 255.0 1.0 0.0 0.08 0.04 0.0 0.0 0.0 0.0
0.0 305.0 313.0 0.0 0.0 0.0 0.0 0.0 0.0 0.0 0.0 0.0 0.0 0.0 0.0 2.0 4.0 0.0 0.0 0.0 0.0 1.0 0.0 0.5 22.0 255.0 1.0 0.0 0.05 0.04 0.0 0.0 0.0 0.0
0.0 308.0 6452.0 0.0 0.0 0.0 0.0 0.0 0.0 0.0 0.0 0.0 0.0 0.0 0.0 12.0 15.0 0.0 0.0 0.0 0.0 1.0 0.0 0.2 32.0 255.0 1.0 0.0 0.03 0.04 0.0 0.0 0.0 0.0
0.0 308.0 318.0 0.0 0.0 0.0 0.0 0.0 0.0 0.0 0.0 0.0 0.0 0.0 0.0 2.0 3.0 0.0 0.0 0.0 0.0 1.0 0.0 0.67 42.0 255.0 1.0 0.0 0.02 0.04 0.0 0.0 0.0 0.0
0.0 303.0 308.0 0.0 0.0 0.0 0.0 0.0 0.0 0.0 0.0 0.0 0.0 0.0 0.0 8.0 14.0 0.0 0.0 0.0 0.0 1.0 0.0 0.21 52.0 255.0 1.0 0.0 0.02 0.04 0.0 0.0 0.0 0.0
0.0 322.0 313.0 0.0 0.0 0.0 0.0 0.0 0.0 0.0 0.0 0.0 0.0 0.0 0.0 2.0 2.0 0.0 0.0 0.0 0.0 1.0 0.0 0.0 62.0 255.0 1.0 0.0 0.02 0.04 0.0 0.0 0.0 0.0
0.0 277.0 313.0 0.0 0.0 0.0 0.0 0.0 0.0 0.0 0.0 0.0 0.0 0.0 0.0 2.0 4.0 0.0 0.0 0.0 0.0 1.0 0.0 0.5 72.0 255.0 1.0 0.0 0.01 0.04 0.0 0.0 0.0 0.0
0.0 281.0 2408.0 0.0 0.0 0.0 0.0 0.0 0.0 0.0 0.0 0.0 0.0 0.0 0.0 12.0 15.0 0.0 0.0 0.0 0.0 1.0 0.0 0.2 82.0 255.0 1.0 0.0 0.01 0.04 0.0 0.0 0.0 0.0
0.0 188.0 313.0 0.0 0.0 0.0 0.0 0.0 0.0 0.0 0.0 0.0 0.0 0.0 0.0 2.0 2.0 0.0 0.0 0.0 0.0 1.0 0.0 0.0 92.0 255.0 1.0 0.0 0.01 0.04 0.0 0.0 0.0 0.0
0.0 191.0 6452.0 0.0 0.0 0.0 0.0 0.0 0.0 0.0 0.0 0.0 0.0 0.0 0.0 12.0 16.0 0.0 0.0 0.0 0.0 1.0 0.0 0.12 102.0 255.0 1.0 0.0 0.01 0.04 0.0 0.0 0.0 0.0
0.0 209.0 318.0 0.0 0.0 0.0 0.0 0.0 0.0 0.0 0.0 0.0 0.0 0.0 0.0 2.0 3.0 0.0 0.0 0.0 0.0 1.0 0.0 0.67 112.0 255.0 1.0 0.0 0.01 0.04 0.0 0.0 0.0 0.0
0.0 202.0 8034.0 0.0 0.0 0.0 0.0 0.0 0.0 0.0 0.0 0.0 0.0 0.0 0.0 3.0 4.0 0.0 0.0 0.0 0.0 1.0 0.0 0.5 122.0 255.0 1.0 0.0 0.01 0.04 0.0 0.0 0.0 0.0
0.0 196.0 1966.0 0.0 0.0 0.0 0.0 0.0 0.0 0.0 0.0 0.0 0.0 0.0 0.0 13.0 14.0 0.0 0.0 0.0 0.0 1.0 0.0 0.14 132.0 255.0 1.0 0.0 0.01 0.04 0.0 0.0 0.0 0.0
0.0 205.0 885.0 0.0 0.0 0.0 0.0 0.0 0.0 0.0 0.0 0.0 0.0 0.0 0.0 7.0 8.0 0.0 0.0 0.0 0.0 1.0 0.0 0.25 142.0 255.0 1.0 0.0 0.01 0.03 0.0 0.0 0.0 0.0
0.0 205.0 318.0 0.0 0.0 0.0 0.0 0.0 0.0 0.0 0.0 0.0 0.0 0.0 0.0 8.0 8.0 0.0 0.0 0.0 0.0 1.0 0.0 0.0 152.0 255.0 1.0 0.0 0.01 0.02 0.0 0.0 0.0 0.0
0.0 155.0 12721.0 0.0 0.0 0.0 0.0 0.0 0.0 0.0 0.0 0.0 0.0 0.0 0.0 9.0 9.0 0.0 0.0 0.0 0.0 1.0 0.0 0.0 162.0 255.0 1.0 0.0 0.01 0.02 0.0 0.0 0.0 0.0
0.0 207.0 2241.0 0.0 0.0 0.0 0.0 0.0 0.0 0.0 0.0 0.0 0.0 0.0 0.0 1.0 11.0 0.0 0.0 0.0 0.0 1.0 0.0 0.27 172.0 255.0 1.0 0.0 0.01 0.02 0.0 0.0 0.0 0.0
0.0 206.0 1925.0 0.0 0.0 0.0 0.0 0.0 0.0 0.0 0.0 0.0 0.0 0.0 0.0 11.0 22.0 0.0 0.0 0.0 0.0 1.0 0.0 0.14 182.0 255.0 1.0 0.0 0.01 0.02 0.0 0.0 0.0 0.0
0.0 305.0 1271.0 0.0 0.0 0.0 0.0 0.0 0.0 0.0 0.0 0.0 0.0 0.0 0.0 10.0 14.0 0.1 0.14 0.0 0.0 1.0 0.0 0.21 192.0 255.0 1.0 0.0 0.01 0.02 0.01 0.0 0.0 0.0
0.0 302.0 1233.0 0.0 0.0 0.0 0.0 0.0 0.0 0.0 0.0 0.0 0.0 0.0 0.0 18.0 22.0 0.0 0.0 0.0 0.0 1.0 0.0 0.09 202.0 255.0 1.0 0.0 0.0 0.02 0.0 0.0 0.0 0.0
0.0 305.0 1271.0 0.0 0.0 0.0 0.0 0.0 0.0 0.0 0.0 0.0 0.0 0.0 0.0 8.0 9.0 0.0 0.0 0.0 0.0 1.0 0.0 0.22 212.0 255.0 1.0 0.0 0.0 0.02 0.0 0.0 0.0 0.0
0.0 305.0 313.0 0.0 0.0 0.0 0.0 0.0 0.0 0.0 0.0 0.0 0.0 0.0 0.0 18.0 22.0 0.0 0.0 0.0 0.0 1.0 0.0 0.09 222.0 255.0 1.0 0.0 0.0 0.02 0.0 0.0 0.0 0.0
0.0 331.0 308.0 0.0 0.0 0.0 0.0 0.0 0.0 0.0 0.0 0.0 0.0 0.0 0.0 8.0 14.0 0.0 0.0 0.0 0.0 1.0 0.0 0.21 232.0 255.0 1.0 0.0 0.0 0.02 0.0 0.0 0.0 0.0
0.0 290.0 9109.0 0.0 0.0 0.0 0.0 0.0 0.0 0.0 0.0 0.0 0.0 0.0 0.0 1.0 11.0 0.0 0.0 0.0 0.0 1.0 0.0 0.27 242.0 255.0 1.0 0.0 0.0 0.02 0.0 0.0 0.0 0.0
0.0 204.0 308.0 0.0 0.0 0.0 0.0 0.0 0.0 0.0 0.0 0.0 0.0 0.0 0.0 10.0 16.0 0.0 0.0 0.0 0.0 1.0 0.0 0.19 252.0 255.0 1.0 0.0 0.0 0.01 0.0 0.0 0.0 0.0
0.0 202.0 308.0 0.0 0.0 0.0 0.0 0.0 0.0 0.0 0.0 0.0 0.0 0.0 0.0 20.0 29.0 0.0 0.0 0.0 0.0 1.0 0.0 0.1 255.0 255.0 1.0 0.0 0.0 0.0 0.0 0.0 0.0 0.0
0.0 213.0 362.0 0.0 0.0 0.0 0.0 0.0 0.0 0.0 0.0 0.0 0.0 0.0 0.0 1.0 8.0 0.0 0.0 0.0 0.0 1.0 0.0 0.38 255.0 255.0 1.0 0.0 0.0 0.0 0.0 0.0 0.0 0.0
0.0 214.0 318.0 0.0 0.0 0.0 0.0 0.0 0.0 0.0 0.0 0.0 0.0 0.0 0.0 11.0 29.0 0.0 0.0 0.0 0.0 1.0 0.0 0.14 255.0 255.0 1.0 0.0 0.0 0.0 0.0 0.0 0.0 0.0
0.0 222.0 296.0 0.0 0.0 0.0 0.0 0.0 0.0 0.0 0.0 0.0 0.0 0.0 0.0 5.0 6.0 0.0 0.0 0.0 0.0 1.0 0.0 0.33 255.0 255.0 1.0 0.0 0.0 0.0 0.0 0.0 0.0 0.0
0.0 207.0 6452.0 0.0 0.0 0.0 0.0 0.0 0.0 0.0 0.0 0.0 0.0 0.0 0.0 6.0 11.0 0.17 0.09 0.0 0.0 1.0 0.0 0.18 255.0 255.0 1.0 0.0 0.0 0.0 0.01 0.01 0.0 0.0
0.0 208.0 296.0 0.0 0.0 0.0 0.0 0.0 0.0 0.0 0.0 0.0 0.0 0.0 0.0 16.0 24.0 0.06 0.04 0.0 0.0 1.0 0.0 0.12 255.0 255.0 1.0 0.0 0.0 0.0 0.01 0.01 0.0 0.0
0.0 172.0 11448.0 0.0 0.0 0.0 0.0 0.0 0.0 0.0 0.0 0.0 0.0 0.0 0.0 5.0 5.0 0.0 0.0 0.0 0.0 1.0 0.0 0.0 255.0 255.0 1.0 0.0 0.01 0.0 0.01 0.01 0.0 0.0
0.0 211.0 1271.0 0.0 0.0 0.0 0.0 0.0 0.0 0.0 0.0 0.0 0.0 0.0 0.0 6.0 14.0 0.0 0.0 0.0 0.0 1.0 0.0 0.21 255.0 255.0 1.0 0.0 0.01 0.0 0.01 0.01 0.0 0.0
0.0 213.0 362.0 0.0 0.0 0.0 0.0 0.0 0.0 0.0 0.0 0.0 0.0 0.0 0.0 16.0 24.0 0.0 0.0 0.0 0.0 1.0 0.0 0.12 255.0 255.0 1.0 0.0 0.0 0.0 0.01 0.01 0.0 0.0
0.0 258.0 32783.0 0.0 0.0 0.0 0.0 0.0 0.0 0.0 0.0 0.0 0.0 0.0 0.0 1.0 1.0 0.0 0.0 0.0 0.0 1.0 0.0 0.0 255.0 255.0 1.0 0.0 0.0 0.0 0.01 0.01 0.0 0.0
0.0 305.0 1271.0 0.0 0.0 0.0 0.0 0.0 0.0 0.0 0.0 0.0 0.0 0.0 0.0 11.0 15.0 0.0 0.0 0.0 0.0 1.0 0.0 0.13 255.0 255.0 1.0 0.0 0.0 0.0 0.01 0.01 0.0 0.0
0.0 196.0 1271.0 0.0 0.0 0.0 0.0 0.0 0.0 0.0 0.0 0.0 0.0 0.0 0.0 1.0 33.0 0.0 0.0 0.0 0.0 1.0 0.0 0.09 255.0 255.0 1.0 0.0 0.0 0.0 0.01 0.01 0.0 0.0
0.0 196.0 308.0 0.0 0.0 0.0 0.0 0.0 0.0 0.0 0.0 0.0 0.0 0.0 0.0 11.0 41.0 0.0 0.0 0.0 0.0 1.0 0.0 0.12 255.0 255.0 1.0 0.0 0.0 0.0 0.01 0.01 0.0 0.0
0.0 281.0 2658.0 0.0 0.0 0.0 0.0 0.0 0.0 0.0 0.0 0.0 0.0 0.0 0.0 1.0 1.0 0.0 0.0 0.0 0.0 1.0 0.0 0.0 255.0 255.0 1.0 0.0 0.0 0.0 0.01 0.01 0.0 0.0
0.0 278.0 299.0 0.0 0.0 0.0 0.0 0.0 0.0 0.0 0.0 0.0 0.0 0.0 0.0 11.0 12.0 0.0 0.0 0.0 0.0 1.0 0.0 0.17 255.0 255.0 1.0 0.0 0.0 0.0 0.01 0.01 0.0 0.0
0.0 338.0 553.0 0.0 0.0 0.0 0.0 0.0 0.0 0.0 0.0 0.0 0.0 0.0 0.0 1.0 12.0 0.0 0.0 0.0 0.0 1.0 0.0 0.25 1.0 255.0 1.0 0.0 1.0 0.01 0.0 0.01 0.0 0.0
0.0 0.0 0.0 0.0 0.0 0.0 0.0 0.0 0.0 0.0 0.0 0.0 0.0 0.0 0.0 2.0 11.0 0.5 0.18 0.0 0.0 1.0 0.0 0.27 11.0 255.0 1.0 0.0 0.18 0.01 0.09 0.01 0.0 0.0
0.0 258.0 9009.0 0.0 0.0 0.0 0.0 0.0 0.0 0.0 0.0 0.0 0.0 0.0 0.0 4.0 14.0 0.0 0.0 0.0 0.0 1.0 0.0 0.21 4.0 255.0 1.0 0.0 0.25 0.01 0.0 0.01 0.0 0.0
0.0 258.0 344.0 0.0 0.0 0.0 0.0 0.0 0.0 0.0 0.0 0.0 0.0 0.0 0.0 14.0 24.0 0.0 0.0 0.0 0.0 1.0 0.0 0.12 14.0 255.0 1.0 0.0 0.07 0.01 0.0 0.01 0.0 0.0
0.0 220.0 12822.0 0.0 0.0 0.0 0.0 0.0 0.0 0.0 0.0 0.0 0.0 0.0 0.0 7.0 25.0 0.0 0.0 0.0 0.0 1.0 0.0 0.08 24.0 255.0 1.0 0.0 0.04 0.01 0.0 0.01 0.0 0.0
0.0 309.0 765.0 0.0 0.0 0.0 0.0 0.0 0.0 0.0 0.0 0.0 0.0 0.0 0.0 3.0 23.0 0.0 0.0 0.0 0.0 1.0 0.0 0.17 7.0 255.0 1.0 0.0 0.14 0.02 0.0 0.01 0.0 0.0
0.0 281.0 763.0 0.0 0.0 0.0 0.0 0.0 0.0 0.0 0.0 0.0 0.0 0.0 0.0 4.0 22.0 0.0 0.0 0.0 0.0 1.0 0.0 0.14 17.0 255.0 1.0 0.0 0.06 0.02 0.0 0.01 0.0 0.0
0.0 309.0 763.0 0.0 0.0 0.0 0.0 0.0 0.0 0.0 0.0 0.0 0.0 0.0 0.0 2.0 13.0 0.0 0.15 0.0 0.0 1.0 0.0 0.23 27.0 255.0 1.0 0.0 0.04 0.02 0.0 0.01 0.0 0.0
0.0 335.0 761.0 0.0 0.0 0.0 0.0 0.0 0.0 0.0 0.0 0.0 0.0 0.0 0.0 4.0 9.0 0.0 0.0 0.0 0.0 1.0 0.0 0.33 37.0 255.0 1.0 0.0 0.03 0.02 0.0 0.01 0.0 0.0
0.0 309.0 753.0 0.0 0.0 0.0 0.0 0.0 0.0 0.0 0.0 0.0 0.0 0.0 0.0 1.0 4.0 0.0 0.0 0.0 0.0 1.0 0.0 0.5 47.0 255.0 1.0 0.0 0.02 0.02 0.0 0.01 0.0 0.0
0.0 281.0 763.0 0.0 0.0 0.0 0.0 0.0 0.0 0.0 0.0 0.0 0.0 0.0 0.0 3.0 15.0 0.0 0.0 0.0 0.0 1.0 0.0 0.13 57.0 255.0 1.0 0.0 0.02 0.02 0.0 0.01 0.0 0.0
0.0 0.0 0.0 0.0 0.0 0.0 0.0 0.0 0.0 0.0 0.0 0.0 0.0 0.0 0.0 2.0 5.0 0.0 0.2 0.5 0.2 1.0 0.0 0.6 7.0 255.0 1.0 0.0 0.29 0.02 0.0 0.01 0.14 0.0
0.0 301.0 412.0 0.0 0.0 0.0 0.0 0.0 0.0 0.0 0.0 0.0 0.0 0.0 0.0 4.0 15.0 0.0 0.0 0.0 0.0 1.0 0.0 0.13 10.0 255.0 1.0 0.0 0.1 0.03 0.0 0.01 0.0 0.0
0.0 249.0 1966.0 0.0 0.0 0.0 0.0 0.0 0.0 0.0 0.0 0.0 0.0 0.0 0.0 4.0 24.0 0.0 0.0 0.0 0.0 1.0 0.0 0.12 20.0 255.0 1.0 0.0 0.05 0.03 0.0 0.01 0.0 0.0
0.0 249.0 33384.0 0.0 0.0 0.0 0.0 0.0 0.0 0.0 0.0 0.0 0.0 0.0 0.0 1.0 1.0 0.0 0.0 0.0 0.0 1.0 0.0 0.0 30.0 255.0 1.0 0.0 0.03 0.03 0.0 0.01 0.0 0.0
0.0 206.0 6928.0 0.0 0.0 0.0 0.0 0.0 0.0 0.0 0.0 0.0 0.0 0.0 0.0 7.0 23.0 0.0 0.0 0.0 0.0 1.0 0.0 0.22 7.0 255.0 1.0 0.0 0.14 0.03 0.0 0.0 0.0 0.0
0.0 207.0 2057.0 0.0 0.0 0.0 0.0 0.0 0.0 0.0 0.0 0.0 0.0 0.0 0.0 17.0 35.0 0.0 0.0 0.0 0.0 1.0 0.0 0.14 17.0 255.0 1.0 0.0 0.06 0.03 0.0 0.0 0.0 0.0
0.0 227.0 1729.0 0.0 0.0 0.0 0.0 0.0 0.0 0.0 0.0 0.0 0.0 0.0 0.0 6.0 6.0 0.0 0.0 0.0 0.0 1.0 0.0 0.0 27.0 255.0 1.0 0.0 0.04 0.03 0.0 0.0 0.0 0.0
0.0 224.0 1998.0 0.0 0.0 0.0 0.0 0.0 0.0 0.0 0.0 0.0 0.0 0.0 0.0 16.0 16.0 0.0 0.0 0.0 0.0 1.0 0.0 0.0 37.0 255.0 1.0 0.0 0.03 0.03 0.0 0.0 0.0 0.0
0.0 212.0 6918.0 0.0 0.0 0.0 0.0 0.0 0.0 0.0 0.0 0.0 0.0 0.0 0.0 9.0 9.0 0.0 0.0 0.0 0.0 1.0 0.0 0.0 47.0 255.0 1.0 0.0 0.02 0.03 0.0 0.0 0.0 0.0
0.0 212.0 7532.0 0.0 0.0 0.0 0.0 0.0 0.0 0.0 0.0 0.0 0.0 0.0 0.0 19.0 19.0 0.0 0.0 0.0 0.0 1.0 0.0 0.0 57.0 255.0 1.0 0.0 0.02 0.03 0.0 0.0 0.0 0.0
0.0 232.0 2057.0 0.0 0.0 0.0 0.0 0.0 0.0 0.0 0.0 0.0 0.0 0.0 0.0 8.0 8.0 0.0 0.0 0.0 0.0 1.0 0.0 0.0 67.0 255.0 1.0 0.0 0.01 0.03 0.0 0.0 0.0 0.0
0.0 166.0 5955.0 0.0 0.0 0.0 0.0 0.0 0.0 0.0 0.0 0.0 0.0 0.0 0.0 1.0 1.0 0.0 0.0 0.0 0.0 1.0 0.0 0.0 1.0 255.0 1.0 0.0 1.0 0.04 0.0 0.0 0.0 0.0
0.0 214.0 3215.0 0.0 0.0 0.0 0.0 0.0 0.0 0.0 0.0 0.0 0.0 0.0 0.0 11.0 18.0 0.0 0.0 0.0 0.0 1.0 0.0 0.22 11.0 255.0 1.0 0.0 0.09 0.04 0.0 0.0 0.0 0.0
0.0 161.0 5349.0 0.0 0.0 0.0 0.0 0.0 0.0 0.0 0.0 0.0 0.0 0.0 0.0 1.0 1.0 0.0 0.0 0.0 0.0 1.0 0.0 0.0 1.0 255.0 1.0 0.0 1.0 0.04 0.0 0.0 0.0 0.0
0.0 205.0 1820.0 0.0 0.0 0.0 0.0 0.0 0.0 0.0 0.0 0.0 0.0 0.0 0.0 11.0 11.0 0.0 0.0 0.0 0.0 1.0 0.0 0.0 11.0 255.0 1.0 0.0 0.09 0.04 0.0 0.0 0.0 0.0
0.0 208.0 2445.0 0.0 0.0 0.0 0.0 0.0 0.0 0.0 0.0 0.0 0.0 0.0 0.0 21.0 21.0 0.0 0.0 0.0 0.0 1.0 0.0 0.0 21.0 255.0 1.0 0.0 0.05 0.04 0.0 0.0 0.0 0.0
0.0 205.0 8707.0 0.0 0.0 0.0 0.0 0.0 0.0 0.0 0.0 0.0 0.0 0.0 0.0 3.0 3.0 0.0 0.0 0.0 0.0 1.0 0.0 0.0 31.0 255.0 1.0 0.0 0.03 0.04 0.0 0.0 0.0 0.0
0.0 208.0 1235.0 0.0 0.0 0.0 0.0 0.0 0.0 0.0 0.0 0.0 0.0 0.0 0.0 13.0 13.0 0.0 0.0 0.0 0.0 1.0 0.0 0.0 41.0 255.0 1.0 0.0 0.02 0.03 0.0 0.0 0.0 0.0
0.0 232.0 13877.0 0.0 0.0 0.0 0.0 0.0 0.0 0.0 0.0 0.0 0.0 0.0 0.0 23.0 23.0 0.0 0.0 0.0 0.0 1.0 0.0 0.0 51.0 255.0 1.0 0.0 0.02 0.03 0.0 0.0 0.0 0.0
0.0 296.0 4547.0 0.0 0.0 0.0 0.0 0.0 0.0 0.0 0.0 0.0 0.0 0.0 0.0 2.0 2.0 0.0 0.0 0.0 0.0 1.0 0.0 0.0 5.0 255.0 1.0 0.0 0.2 0.03 0.0 0.0 0.0 0.0
0.0 279.0 1285.0 0.0 0.0 0.0 0.0 0.0 0.0 0.0 0.0 0.0 0.0 0.0 0.0 2.0 5.0 0.0 0.0 0.0 0.0 1.0 0.0 0.4 15.0 255.0 1.0 0.0 0.07 0.03 0.0 0.0 0.0 0.0
0.0 146.0 1034.0 0.0 0.0 1.0 0.0 0.0 0.0 0.0 0.0 0.0 0.0 0.0 0.0 4.0 5.0 0.0 0.0 0.0 0.0 1.0 0.0 0.4 8.0 255.0 1.0 0.0 0.12 0.04 0.0 0.0 0.0 0.0
0.0 211.0 80005.0 0.0 0.0 0.0 0.0 0.0 0.0 0.0 0.0 0.0 0.0 0.0 0.0 7.0 8.0 0.0 0.0 0.0 0.0 1.0 0.0 0.25 7.0 255.0 1.0 0.0 0.14 0.04 0.0 0.0 0.0 0.01
0.0 223.0 14675.0 0.0 0.0 0.0 0.0 0.0 0.0 0.0 0.0 0.0 0.0 0.0 0.0 2.0 2.0 0.0 0.0 0.0 0.0 1.0 0.0 0.0 5.0 255.0 1.0 0.0 0.2 0.05 0.0 0.0 0.0 0.01
0.0 219.0 340.0 0.0 0.0 0.0 0.0 0.0 0.0 0.0 0.0 0.0 0.0 0.0 0.0 12.0 12.0 0.0 0.0 0.0 0.0 1.0 0.0 0.0 15.0 255.0 1.0 0.0 0.07 0.05 0.0 0.0 0.0 0.01
0.0 235.0 411.0 0.0 0.0 0.0 0.0 0.0 0.0 0.0 0.0 0.0 0.0 0.0 0.0 22.0 22.0 0.0 0.0 0.0 0.0 1.0 0.0 0.0 25.0 255.0 1.0 0.0 0.04 0.04 0.0 0.0 0.0 0.01
0.0 228.0 648.0 0.0 0.0 0.0 0.0 0.0 0.0 0.0 0.0 0.0 0.0 0.0 0.0 32.0 32.0 0.0 0.0 0.0 0.0 1.0 0.0 0.0 35.0 255.0 1.0 0.0 0.03 0.04 0.0 0.0 0.0 0.0
0.0 224.0 397.0 0.0 0.0 0.0 0.0 0.0 0.0 0.0 0.0 0.0 0.0 0.0 0.0 42.0 42.0 0.0 0.0 0.0 0.0 1.0 0.0 0.0 45.0 255.0 1.0 0.0 0.02 0.04 0.0 0.0 0.0 0.0
0.0 241.0 1192.0 0.0 0.0 0.0 0.0 0.0 0.0 0.0 0.0 0.0 0.0 0.0 0.0 52.0 52.0 0.0 0.0 0.0 0.0 1.0 0.0 0.0 55.0 255.0 1.0 0.0 0.02 0.04 0.0 0.0 0.0 0.0
0.0 223.0 418.0 0.0 0.0 0.0 0.0 0.0 0.0 0.0 0.0 0.0 0.0 0.0 0.0 7.0 27.0 0.0 0.0 0.0 0.0 1.0 0.0 0.07 65.0 255.0 1.0 0.0 0.02 0.03 0.0 0.0 0.0 0.0
0.0 222.0 426.0 0.0 0.0 0.0 0.0 0.0 0.0 0.0 0.0 0.0 0.0 0.0 0.0 17.0 37.0 0.0 0.0 0.0 0.0 1.0 0.0 0.05 75.0 255.0 1.0 0.0 0.01 0.03 0.0 0.0 0.0 0.0
0.0 217.0 410.0 0.0 0.0 0.0 0.0 0.0 0.0 0.0 0.0 0.0 0.0 0.0 0.0 27.0 47.0 0.0 0.0 0.0 0.0 1.0 0.0 0.04 85.0 255.0 1.0 0.0 0.01 0.03 0.0 0.0 0.0 0.0
0.0 218.0 384.0 0.0 0.0 0.0 0.0 0.0 0.0 0.0 0.0 0.0 0.0 0.0 0.0 37.0 57.0 0.0 0.0 0.0 0.0 1.0 0.0 0.04 95.0 255.0 1.0 0.0 0.01 0.03 0.0 0.0 0.0 0.0
0.0 218.0 648.0 0.0 0.0 0.0 0.0 0.0 0.0 0.0 0.0 0.0 0.0 0.0 0.0 47.0 56.0 0.0 0.0 0.0 0.0 1.0 0.0 0.04 105.0 255.0 1.0 0.0 0.01 0.03 0.0 0.0 0.0 0.0
0.0 328.0 516.0 0.0 0.0 0.0 0.0 0.0 0.0 0.0 0.0 0.0 0.0 0.0 0.0 3.0 3.0 0.0 0.0 0.0 0.0 1.0 0.0 0.0 4.0 255.0 1.0 0.0 0.25 0.04 0.0 0.0 0.0 0.0
0.0 330.0 2532.0 0.0 0.0 0.0 0.0 0.0 0.0 0.0 0.0 0.0 0.0 0.0 0.0 13.0 13.0 0.0 0.0 0.0 0.0 1.0 0.0 0.0 14.0 255.0 1.0 0.0 0.07 0.04 0.0 0.0 0.0 0.0
0.0 339.0 1225.0 0.0 0.0 0.0 0.0 0.0 0.0 0.0 0.0 0.0 0.0 0.0 0.0 1.0 1.0 0.0 0.0 0.0 0.0 1.0 0.0 0.0 24.0 255.0 1.0 0.0 0.04 0.04 0.0 0.0 0.0 0.0
0.0 340.0 1436.0 0.0 0.0 0.0 0.0 0.0 0.0 0.0 0.0 0.0 0.0 0.0 0.0 11.0 11.0 0.0 0.0 0.0 0.0 1.0 0.0 0.0 34.0 255.0 1.0 0.0 0.03 0.03 0.0 0.0 0.0 0.0
0.0 328.0 638.0 0.0 0.0 0.0 0.0 0.0 0.0 0.0 0.0 0.0 0.0 0.0 0.0 9.0 9.0 0.0 0.0 0.0 0.0 1.0 0.0 0.0 44.0 255.0 1.0 0.0 0.02 0.03 0.0 0.0 0.0 0.0
0.0 324.0 2388.0 0.0 0.0 0.0 0.0 0.0 0.0 0.0 0.0 0.0 0.0 0.0 0.0 19.0 19.0 0.0 0.0 0.0 0.0 1.0 0.0 0.0 54.0 255.0 1.0 0.0 0.02 0.03 0.0 0.0 0.0 0.0
0.0 256.0 1450.0 0.0 0.0 0.0 0.0 0.0 0.0 0.0 0.0 0.0 0.0 0.0 0.0 1.0 1.0 0.0 0.0 0.0 0.0 1.0 0.0 0.0 64.0 255.0 1.0 0.0 0.02 0.03 0.0 0.0 0.0 0.0
0.0 172.0 928.0 0.0 0.0 0.0 0.0 0.0 0.0 0.0 0.0 0.0 0.0 0.0 0.0 10.0 12.0 0.0 0.0 0.0 0.0 1.0 0.0 0.17 74.0 255.0 1.0 0.0 0.01 0.03 0.0 0.0 0.0 0.0
0.0 250.0 7574.0 0.0 0.0 0.0 0.0 0.0 0.0 0.0 0.0 0.0 0.0 0.0 0.0 20.0 30.0 0.0 0.0 0.0 0.0 1.0 0.0 0.07 84.0 255.0 1.0 0.0 0.01 0.03 0.0 0.0 0.0 0.0
0.0 234.0 430.0 0.0 0.0 0.0 0.0 0.0 0.0 0.0 0.0 0.0 0.0 0.0 0.0 30.0 41.0 0.0 0.0 0.0 0.0 1.0 0.0 0.07 94.0 255.0 1.0 0.0 0.01 0.03 0.0 0.0 0.0 0.0
0.0 325.0 396.0 0.0 0.0 0.0 0.0 0.0 0.0 0.0 0.0 0.0 0.0 0.0 0.0 5.0 5.0 0.0 0.0 0.0 0.0 1.0 0.0 0.0 104.0 255.0 1.0 0.0 0.01 0.02 0.0 0.0 0.0 0.0
0.0 261.0 1100.0 0.0 0.0 0.0 0.0 0.0 0.0 0.0 0.0 0.0 0.0 0.0 0.0 15.0 15.0 0.0 0.0 0.0 0.0 1.0 0.0 0.0 114.0 255.0 1.0 0.0 0.01 0.02 0.0 0.0 0.0 0.0
0.0 342.0 520.0 0.0 0.0 0.0 0.0 0.0 0.0 0.0 0.0 0.0 0.0 0.0 0.0 2.0 2.0 0.0 0.0 0.0 0.0 1.0 0.0 0.0 124.0 255.0 1.0 0.0 0.01 0.02 0.0 0.0 0.0 0.0
0.0 333.0 418.0 0.0 0.0 0.0 0.0 0.0 0.0 0.0 0.0 0.0 0.0 0.0 0.0 12.0 16.0 0.0 0.0 0.0 0.0 1.0 0.0 0.19 134.0 255.0 1.0 0.0 0.01 0.01 0.0 0.0 0.0 0.0
0.0 220.0 1684.0 0.0 0.0 0.0 0.0 0.0 0.0 0.0 0.0 0.0 0.0 0.0 0.0 2.0 4.0 0.0 0.0 0.0 0.0 1.0 0.0 0.5 2.0 255.0 1.0 0.0 0.5 0.02 0.0 0.0 0.0 0.0
0.0 218.0 2925.0 0.0 0.0 0.0 0.0 0.0 0.0 0.0 0.0 0.0 0.0 0.0 0.0 12.0 14.0 0.0 0.0 0.0 0.0 1.0 0.0 0.14 12.0 255.0 1.0 0.0 0.08 0.02 0.0 0.0 0.0 0.0
0.0 315.0 702.0 0.0 0.0 0.0 0.0 0.0 0.0 0.0 0.0 0.0 0.0 0.0 0.0 2.0 2.0 0.0 0.0 0.0 0.0 1.0 0.0 0.0 6.0 255.0 1.0 0.0 0.17 0.02 0.0 0.0 0.0 0.0
0.0 319.0 1068.0 0.0 0.0 0.0 0.0 0.0 0.0 0.0 0.0 0.0 0.0 0.0 0.0 2.0 2.0 0.0 0.0 0.0 0.0 1.0 0.0 0.0 16.0 255.0 1.0 0.0 0.06 0.02 0.0 0.0 0.0 0.0
0.0 314.0 1030.0 0.0 0.0 0.0 0.0 0.0 0.0 0.0 0.0 0.0 0.0 0.0 0.0 12.0 23.0 0.0 0.0 0.0 0.0 1.0 0.0 0.13 26.0 255.0 1.0 0.0 0.04 0.02 0.0 0.0 0.0 0.0
0.0 313.0 3047.0 0.0 0.0 0.0 0.0 0.0 0.0 0.0 0.0 0.0 0.0 0.0 0.0 22.0 33.0 0.0 0.0 0.0 0.0 1.0 0.0 0.09 36.0 255.0 1.0 0.0 0.03 0.02 0.0 0.0 0.0 0.0
0.0 305.0 6941.0 0.0 0.0 0.0 0.0 0.0 0.0 0.0 0.0 0.0 0.0 0.0 0.0 1.0 2.0 0.0 0.0 0.0 0.0 1.0 0.0 1.0 46.0 255.0 1.0 0.0 0.02 0.02 0.0 0.0 0.0 0.0
0.0 275.0 442.0 0.0 0.0 0.0 0.0 0.0 0.0 0.0 0.0 0.0 0.0 0.0 0.0 1.0 11.0 0.0 0.0 0.0 0.0 1.0 0.0 0.18 1.0 255.0 1.0 0.0 1.0 0.04 0.0 0.0 0.0 0.0
3.0 1266.0 327.0 0.0 0.0 0.0 0.0 0.0 0.0 0.0 0.0 0.0 0.0 0.0 0.0 1.0 1.0 0.0 0.0 0.0 0.0 1.0 0.0 0.0 7.0 7.0 1.0 0.0 0.14 0.0 0.0 0.0 0.0 0.0
0.0 1766.0 334.0 0.0 0.0 0.0 0.0 0.0 0.0 0.0 0.0 0.0 0.0 0.0 0.0 1.0 1.0 0.0 0.0 0.0 0.0 1.0 0.0 0.0 17.0 17.0 1.0 0.0 0.06 0.0 0.0 0.0 0.0 0.0
0.0 9.0 143.0 0.0 0.0 0.0 0.0 0.0 0.0 0.0 0.0 0.0 0.0 0.0 0.0 1.0 1.0 0.0 0.0 0.0 0.0 1.0 0.0 0.0 27.0 2.0 0.07 0.07 0.04 0.0 0.0 0.0 0.0 0.0
0.0 383.0 0.0 0.0 0.0 0.0 0.0 0.0 0.0 0.0 0.0 0.0 0.0 0.0 0.0 2.0 2.0 0.0 0.0 0.0 0.0 1.0 0.0 0.0 37.0 3.0 0.08 0.08 0.08 0.0 0.0 0.0 0.0 0.0
0.0 12241.0 0.0 0.0 0.0 0.0 0.0 0.0 0.0 0.0 0.0 0.0 0.0 0.0 0.0 7.0 7.0 0.0 0.0 0.0 0.0 1.0 0.0 0.0 47.0 13.0 0.28 0.06 0.28 0.0 0.0 0.0 0.0 0.0
3.0 1348.0 368.0 0.0 0.0 0.0 0.0 0.0 0.0 0.0 0.0 0.0 0.0 0.0 0.0 1.0 1.0 0.0 0.0 0.0 0.0 1.0 0.0 0.0 57.0 35.0 0.61 0.05 0.02 0.0 0.0 0.0 0.0 0.0
2.0 1214.0 330.0 0.0 0.0 0.0 0.0 0.0 0.0 0.0 0.0 0.0 0.0 0.0 0.0 1.0 2.0 0.0 0.0 0.0 0.0 1.0 0.0 1.0 67.0 43.0 0.64 0.04 0.01 0.0 0.0 0.0 0.0 0.0
3.0 2081.0 370.0 0.0 0.0 0.0 0.0 0.0 0.0 0.0 0.0 0.0 0.0 0.0 0.0 1.0 4.0 0.0 0.0 0.0 0.0 1.0 0.0 1.0 77.0 53.0 0.69 0.04 0.01 0.0 0.0 0.0 0.0 0.0
2.0 1221.0 330.0 0.0 0.0 0.0 0.0 0.0 0.0 0.0 0.0 0.0 0.0 0.0 0.0 1.0 2.0 0.0 0.0 0.0 0.0 1.0 0.0 1.0 87.0 63.0 0.72 0.03 0.01 0.0 0.0 0.0 0.0 0.0
0.0 748.0 0.0 0.0 0.0 0.0 0.0 0.0 0.0 0.0 0.0 0.0 0.0 0.0 0.0 1.0 1.0 0.0 0.0 0.0 0.0 1.0 0.0 0.0 97.0 20.0 0.21 0.03 0.21 0.0 0.0 0.0 0.0 0.0
3.0 918.0 328.0 0.0 0.0 0.0 0.0 0.0 0.0 0.0 1.0 0.0 0.0 0.0 0.0 1.0 1.0 0.0 0.0 0.0 0.0 1.0 0.0 0.0 107.0 77.0 0.72 0.03 0.01 0.0 0.0 0.0 0.0 0.0
0.0 3489.0 330.0 0.0 0.0 0.0 0.0 0.0 0.0 0.0 0.0 0.0 0.0 0.0 0.0 1.0 1.0 0.0 0.0 0.0 0.0 1.0 0.0 0.0 117.0 85.0 0.73 0.03 0.01 0.0 0.0 0.0 0.0 0.0
23.0 11987.0 1408.0 0.0 0.0 0.0 0.0 0.0 0.0 0.0 0.0 0.0 0.0 0.0 0.0 1.0 1.0 0.0 0.0 0.0 0.0 1.0 0.0 0.0 127.0 94.0 0.74 0.02 0.01 0.0 0.0 0.0 0.0 0.0
46.0 1645.0 330.0 0.0 0.0 0.0 0.0 0.0 0.0 0.0 0.0 0.0 0.0 0.0 0.0 1.0 7.0 0.0 0.0 0.0 0.0 1.0 0.0 0.71 137.0 97.0 0.71 0.02 0.01 0.0 0.0 0.0 0.0 0.0
3.0 660.0 332.0 0.0 0.0 0.0 0.0 0.0 0.0 0.0 0.0 0.0 0.0 0.0 0.0 1.0 2.0 0.0 0.0 0.0 0.0 1.0 0.0 1.0 147.0 107.0 0.73 0.02 0.01 0.0 0.0 0.0 0.0 0.0
2.0 1047.0 327.0 0.0 0.0 0.0 0.0 0.0 0.0 0.0 0.0 0.0 0.0 0.0 0.0 1.0 1.0 0.0 0.0 0.0 0.0 1.0 0.0 0.0 157.0 117.0 0.75 0.02 0.01 0.0 0.0 0.0 0.0 0.0
0.0 696.0 328.0 0.0 0.0 0.0 0.0 0.0 0.0 0.0 0.0 0.0 0.0 0.0 0.0 1.0 1.0 0.0 0.0 0.0 0.0 1.0 0.0 0.0 167.0 127.0 0.76 0.02 0.01 0.0 0.0 0.0 0.0 0.0
1.0 955.0 327.0 0.0 0.0 0.0 0.0 0.0 0.0 0.0 0.0 0.0 0.0 0.0 0.0 1.0 2.0 0.0 0.0 0.0 0.0 1.0 0.0 1.0 177.0 137.0 0.77 0.02 0.01 0.0 0.0 0.0 0.0 0.0
33.0 1050.0 330.0 0.0 0.0 0.0 0.0 0.0 0.0 0.0 0.0 0.0 0.0 0.0 0.0 1.0 1.0 0.0 0.0 0.0 0.0 1.0 0.0 0.0 187.0 147.0 0.79 0.02 0.01 0.0 0.0 0.0 0.0 0.0
0.0 6.0 138.0 0.0 0.0 0.0 0.0 0.0 0.0 0.0 0.0 0.0 0.0 0.0 0.0 1.0 1.0 0.0 0.0 0.0 0.0 1.0 0.0 0.0 197.0 10.0 0.05 0.02 0.01 0.0 0.0 0.0 0.0 0.0
0.0 843.0 329.0 0.0 0.0 0.0 0.0 0.0 0.0 0.0 0.0 0.0 0.0 0.0 0.0 1.0 1.0 0.0 0.0 0.0 0.0 1.0 0.0 0.0 207.0 166.0 0.8 0.01 0.0 0.0 0.0 0.0 0.0 0.0
1.0 1137.0 370.0 0.0 0.0 0.0 0.0 0.0 0.0 0.0 0.0 0.0 0.0 0.0 0.0 1.0 2.0 0.0 0.0 0.0 0.0 1.0 0.0 1.0 217.0 174.0 0.8 0.01 0.0 0.0 0.0 0.0 0.0 0.0
0.0 1178.0 368.0 0.0 0.0 0.0 0.0 0.0 0.0 0.0 0.0 0.0 0.0 0.0 0.0 1.0 1.0 0.0 0.0 0.0 0.0 1.0 0.0 0.0 227.0 184.0 0.81 0.01 0.0 0.0 0.0 0.0 0.0 0.0
0.0 1119.0 339.0 0.0 0.0 0.0 0.0 0.0 0.0 0.0 0.0 0.0 0.0 0.0 0.0 1.0 2.0 0.0 0.0 0.0 0.0 1.0 0.0 1.0 4.0 192.0 0.5 0.5 0.25 0.01 0.0 0.0 0.0 0.0
0.0 252.0 0.0 0.0 0.0 0.0 0.0 0.0 0.0 0.0 0.0 0.0 0.0 0.0 0.0 2.0 2.0 0.0 0.0 0.0 0.0 1.0 0.0 0.0 14.0 34.0 0.21 0.29 0.21 0.06 0.0 0.0 0.0 0.0
1.0 670.0 332.0 0.0 0.0 0.0 0.0 0.0 0.0 0.0 0.0 0.0 0.0 0.0 0.0 1.0 1.0 0.0 0.0 0.0 0.0 1.0 0.0 0.0 24.0 203.0 0.62 0.17 0.04 0.01 0.0 0.0 0.0 0.0
2.0 1808.0 337.0 0.0 0.0 0.0 0.0 0.0 0.0 0.0 0.0 0.0 0.0 0.0 0.0 1.0 2.0 0.0 0.0 0.0 0.0 1.0 0.0 1.0 34.0 203.0 0.74 0.12 0.03 0.01 0.0 0.0 0.0 0.0
2.0 1850.0 336.0 0.0 0.0 0.0 0.0 0.0 0.0 0.0 0.0 0.0 0.0 0.0 0.0 1.0 3.0 0.0 0.0 0.0 0.0 1.0 0.0 1.0 44.0 198.0 0.66 0.09 0.02 0.01 0.0 0.0 0.0 0.0
0.0 190.0 0.0 0.0 0.0 0.0 0.0 0.0 0.0 0.0 0.0 0.0 0.0 0.0 0.0 1.0 1.0 0.0 0.0 0.0 0.0 1.0 0.0 0.0 54.0 44.0 0.24 0.07 0.24 0.05 0.0 0.0 0.0 0.0
0.0 10261.0 0.0 0.0 0.0 0.0 0.0 0.0 0.0 0.0 0.0 0.0 0.0 0.0 0.0 1.0 1.0 0.0 0.0 0.0 0.0 1.0 0.0 0.0 64.0 46.0 0.36 0.06 0.36 0.04 0.0 0.0 0.0 0.0
0.0 59.0 0.0 0.0 0.0 0.0 0.0 0.0 0.0 0.0 0.0 0.0 0.0 0.0 0.0 11.0 11.0 0.0 0.0 0.0 0.0 1.0 0.0 0.0 74.0 46.0 0.45 0.05 0.45 0.04 0.0 0.0 0.0 0.0
2.0 786.0 339.0 0.0 0.0 0.0 0.0 0.0 0.0 0.0 0.0 0.0 0.0 0.0 0.0 1.0 2.0 0.0 0.0 0.0 0.0 1.0 0.0 1.0 84.0 194.0 0.5 0.05 0.01 0.01 0.0 0.0 0.0 0.0
3.0 1789.0 334.0 0.0 0.0 0.0 0.0 0.0 0.0 0.0 0.0 0.0 0.0 0.0 0.0 2.0 2.0 0.0 0.0 0.0 0.0 1.0 0.0 0.0 94.0 193.0 0.54 0.04 0.01 0.01 0.0 0.0 0.0 0.0
2.0 2076.0 335.0 0.0 0.0 0.0 0.0 0.0 0.0 0.0 0.0 0.0 0.0 1.0 0.0 1.0 1.0 0.0 0.0 0.0 0.0 1.0 0.0 0.0 104.0 192.0 0.58 0.04 0.01 0.01 0.0 0.0 0.0 0.0
1.0 8.0 173.0 0.0 0.0 0.0 0.0 0.0 0.0 0.0 0.0 0.0 0.0 0.0 0.0 1.0 1.0 0.0 0.0 0.0 0.0 1.0 0.0 0.0 114.0 11.0 0.04 0.04 0.01 0.18 0.0 0.0 0.0 0.0
1.0 642.0 340.0 0.0 0.0 0.0 0.0 0.0 0.0 0.0 0.0 0.0 0.0 0.0 0.0 1.0 1.0 0.0 0.0 0.0 0.0 1.0 0.0 0.0 124.0 189.0 0.57 0.03 0.01 0.01 0.0 0.0 0.0 0.0
3.0 2792.0 375.0 0.0 0.0 0.0 0.0 0.0 0.0 0.0 0.0 0.0 0.0 0.0 0.0 1.0 2.0 0.0 0.0 0.0 0.0 1.0 0.0 1.0 134.0 187.0 0.58 0.03 0.01 0.01 0.0 0.0 0.0 0.0
3.0 916.0 334.0 0.0 0.0 0.0 0.0 0.0 0.0 0.0 1.0 0.0 0.0 0.0 0.0 1.0 1.0 0.0 0.0 0.0 0.0 1.0 0.0 0.0 144.0 186.0 0.59 0.03 0.01 0.01 0.0 0.0 0.0 0.0
0.0 8496.0 0.0 0.0 0.0 0.0 0.0 0.0 0.0 0.0 0.0 0.0 0.0 0.0 0.0 1.0 1.0 0.0 0.0 0.0 0.0 1.0 0.0 0.0 154.0 46.0 0.29 0.03 0.29 0.04 0.0 0.0 0.0 0.0
3.0 1448.0 377.0 0.0 0.0 0.0 0.0 0.0 0.0 0.0 0.0 0.0 0.0 0.0 0.0 1.0 1.0 0.0 0.0 0.0 0.0 1.0 0.0 0.0 164.0 186.0 0.6 0.02 0.01 0.01 0.0 0.0 0.0 0.0
3.0 1351.0 375.0 0.0 0.0 0.0 0.0 0.0 0.0 0.0 0.0 0.0 0.0 0.0 0.0 1.0 1.0 0.0 0.0 0.0 0.0 1.0 0.0 0.0 174.0 184.0 0.61 0.02 0.01 0.01 0.0 0.0 0.0 0.0
7.0 1189.0 339.0 0.0 0.0 0.0 0.0 0.0 0.0 0.0 0.0 0.0 0.0 0.0 0.0 1.0 1.0 0.0 0.0 0.0 0.0 1.0 0.0 0.0 184.0 184.0 0.63 0.02 0.01 0.01 0.0 0.0 0.0 0.0
3.0 1473.0 341.0 0.0 0.0 0.0 0.0 0.0 0.0 0.0 0.0 0.0 0.0 0.0 0.0 1.0 1.0 0.0 0.0 0.0 0.0 1.0 0.0 0.0 194.0 180.0 0.63 0.02 0.01 0.01 0.0 0.0 0.0 0.0
3.0 1408.0 337.0 0.0 0.0 0.0 0.0 0.0 0.0 0.0 0.0 0.0 0.0 0.0 0.0 1.0 2.0 0.0 0.0 0.0 0.0 1.0 0.0 1.0 204.0 174.0 0.62 0.02 0.0 0.01 0.0 0.0 0.0 0.0
6.0 176.0 3846.0 0.0 0.0 0.0 0.0 0.0 0.0 0.0 0.0 0.0 0.0 0.0 0.0 1.0 1.0 0.0 0.0 0.0 0.0 1.0 0.0 0.0 214.0 22.0 0.1 0.02 0.0 0.0 0.0 0.0 0.0 0.0
6.0 3077.0 337.0 0.0 0.0 0.0 0.0 0.0 0.0 0.0 0.0 0.0 0.0 0.0 0.0 1.0 1.0 0.0 0.0 0.0 0.0 1.0 0.0 0.0 224.0 172.0 0.64 0.02 0.0 0.01 0.0 0.0 0.0 0.0
99.0 887.0 568601.0 0.0 0.0 0.0 0.0 0.0 0.0 0.0 0.0 0.0 0.0 0.0 0.0 1.0 1.0 0.0 0.0 0.0 0.0 1.0 0.0 0.0 234.0 26.0 0.11 0.02 0.0 0.0 0.0 0.0 0.0 0.0
1.0 1492.0 336.0 0.0 0.0 0.0 0.0 0.0 0.0 0.0 0.0 0.0 0.0 0.0 0.0 1.0 6.0 0.0 0.0 0.0 0.0 1.0 0.0 1.0 244.0 165.0 0.63 0.02 0.0 0.01 0.0 0.0 0.0 0.0
1.0 1867.0 337.0 0.0 0.0 0.0 0.0 0.0 0.0 0.0 0.0 0.0 0.0 0.0 0.0 1.0 2.0 0.0 0.0 0.0 0.0 1.0 0.0 1.0 254.0 162.0 0.63 0.02 0.0 0.01 0.0 0.0 0.0 0.0
0.0 667.0 337.0 0.0 0.0 0.0 0.0 0.0 0.0 0.0 0.0 0.0 0.0 0.0 0.0 1.0 1.0 0.0 0.0 0.0 0.0 1.0 0.0 0.0 255.0 163.0 0.64 0.02 0.0 0.0 0.0 0.0 0.0 0.0
1.0 844.0 339.0 0.0 0.0 0.0 0.0 0.0 0.0 0.0 0.0 0.0 0.0 0.0 0.0 1.0 1.0 0.0 0.0 0.0 0.0 1.0 0.0 0.0 255.0 167.0 0.65 0.02 0.0 0.0 0.0 0.0 0.0 0.0
0.0 42.0 0.0 0.0 0.0 0.0 0.0 0.0 0.0 0.0 0.0 0.0 0.0 0.0 0.0 1.0 1.0 0.0 0.0 0.0 0.0 1.0 0.0 0.0 3.0 3.0 1.0 0.0 0.33 0.0 0.0 0.0 0.0 0.0
0.0 42.0 0.0 0.0 0.0 0.0 0.0 0.0 0.0 0.0 0.0 0.0 0.0 0.0 0.0 2.0 2.0 0.0 0.0 0.0 0.0 1.0 0.0 0.0 13.0 13.0 1.0 0.0 0.08 0.0 0.0 0.0 0.0 0.0
0.0 42.0 42.0 0.0 0.0 0.0 0.0 0.0 0.0 0.0 0.0 0.0 0.0 0.0 0.0 9.0 14.0 0.0 0.0 0.0 0.0 1.0 0.0 0.21 23.0 23.0 1.0 0.0 0.04 0.0 0.0 0.0 0.0 0.0
0.0 42.0 42.0 0.0 0.0 0.0 0.0 0.0 0.0 0.0 0.0 0.0 0.0 0.0 0.0 4.0 4.0 0.0 0.0 0.0 0.0 1.0 0.0 0.0 33.0 33.0 1.0 0.0 0.06 0.0 0.0 0.0 0.0 0.0
0.0 42.0 0.0 0.0 0.0 0.0 0.0 0.0 0.0 0.0 0.0 0.0 0.0 0.0 0.0 2.0 2.0 0.0 0.0 0.0 0.0 1.0 0.0 0.0 43.0 43.0 1.0 0.0 0.02 0.0 0.0 0.0 0.0 0.0
0.0 42.0 0.0 0.0 0.0 0.0 0.0 0.0 0.0 0.0 0.0 0.0 0.0 0.0 0.0 1.0 2.0 0.0 0.0 0.0 0.0 1.0 0.0 1.0 53.0 53.0 1.0 0.0 0.02 0.0 0.0 0.0 0.0 0.0
0.0 42.0 0.0 0.0 0.0 0.0 0.0 0.0 0.0 0.0 0.0 0.0 0.0 0.0 0.0 2.0 2.0 0.0 0.0 0.0 0.0 1.0 0.0 0.0 63.0 63.0 1.0 0.0 0.02 0.0 0.0 0.0 0.0 0.0
0.0 42.0 42.0 0.0 0.0 0.0 0.0 0.0 0.0 0.0 0.0 0.0 0.0 0.0 0.0 5.0 9.0 0.0 0.0 0.0 0.0 1.0 0.0 0.33 73.0 73.0 1.0 0.0 0.01 0.0 0.0 0.0 0.0 0.0
0.0 42.0 0.0 0.0 0.0 0.0 0.0 0.0 0.0 0.0 0.0 0.0 0.0 0.0 0.0 2.0 6.0 0.0 0.0 0.0 0.0 1.0 0.0 0.33 83.0 83.0 1.0 0.0 0.01 0.0 0.0 0.0 0.0 0.0
0.0 42.0 42.0 0.0 0.0 0.0 0.0 0.0 0.0 0.0 0.0 0.0 0.0 0.0 0.0 9.0 14.0 0.0 0.0 0.0 0.0 1.0 0.0 0.21 93.0 93.0 1.0 0.0 0.01 0.0 0.0 0.0 0.0 0.0
0.0 42.0 42.0 0.0 0.0 0.0 0.0 0.0 0.0 0.0 0.0 0.0 0.0 0.0 0.0 3.0 6.0 0.0 0.0 0.0 0.0 1.0 0.0 0.5 103.0 103.0 1.0 0.0 0.01 0.0 0.0 0.0 0.0 0.0
0.0 42.0 0.0 0.0 0.0 0.0 0.0 0.0 0.0 0.0 0.0 0.0 0.0 0.0 0.0 1.0 1.0 0.0 0.0 0.0 0.0 1.0 0.0 0.0 113.0 113.0 1.0 0.0 0.01 0.0 0.0 0.0 0.0 0.0
0.0 42.0 42.0 0.0 0.0 0.0 0.0 0.0 0.0 0.0 0.0 0.0 0.0 0.0 0.0 2.0 3.0 0.0 0.0 0.0 0.0 1.0 0.0 0.67 123.0 123.0 1.0 0.0 0.02 0.0 0.0 0.0 0.0 0.0
0.0 42.0 42.0 0.0 0.0 0.0 0.0 0.0 0.0 0.0 0.0 0.0 0.0 0.0 0.0 2.0 3.0 0.0 0.0 0.0 0.0 1.0 0.0 0.67 133.0 133.0 1.0 0.0 0.01 0.0 0.0 0.0 0.0 0.0
