0.0 0.0 0.0 0.0 0.0 0.0 0.0 0.0 0.0 0.0 0.0 0.0 0.0 0.0 0.0 148.0 18.0 1.0 1.0 0.0 0.0 0.12 0.06 0.0 255.0 18.0 0.07 0.07 0.0 0.0 1.0 1.0 0.0 0.0
0.0 0.0 0.0 0.0 0.0 0.0 0.0 0.0 0.0 0.0 0.0 0.0 0.0 0.0 0.0 111.0 10.0 1.0 1.0 0.0 0.0 0.09 0.06 0.0 255.0 10.0 0.04 0.07 0.0 0.0 1.0 1.0 0.0 0.0
0.0 0.0 0.0 0.0 0.0 0.0 0.0 0.0 0.0 0.0 0.0 0.0 0.0 0.0 0.0 117.0 17.0 1.0 1.0 0.0 0.0 0.15 0.06 0.0 255.0 17.0 0.07 0.07 0.0 0.0 1.0 1.0 0.0 0.0
0.0 0.0 0.0 0.0 0.0 0.0 0.0 0.0 0.0 0.0 0.0 0.0 0.0 0.0 0.0 126.0 9.0 1.0 1.0 0.0 0.0 0.07 0.06 0.0 255.0 9.0 0.04 0.08 0.0 0.0 1.0 1.0 0.0 0.0
0.0 0.0 0.0 0.0 0.0 0.0 0.0 0.0 0.0 0.0 0.0 0.0 0.0 0.0 0.0 135.0 18.0 1.0 1.0 0.0 0.0 0.13 0.06 0.0 255.0 18.0 0.07 0.08 0.0 0.0 1.0 1.0 0.0 0.0
0.0 0.0 0.0 0.0 0.0 0.0 0.0 0.0 0.0 0.0 0.0 0.0 0.0 0.0 0.0 144.0 14.0 1.0 1.0 0.0 0.0 0.1 0.06 0.0 255.0 14.0 0.05 0.07 0.0 0.0 1.0 1.0 0.0 0.0
0.0 0.0 0.0 0.0 0.0 0.0 0.0 0.0 0.0 0.0 0.0 0.0 0.0 0.0 0.0 103.0 3.0 1.0 1.0 0.0 0.0 0.03 0.07 0.0 255.0 3.0 0.01 0.07 0.0 0.0 1.0 1.0 0.0 0.0
0.0 0.0 0.0 0.0 0.0 0.0 0.0 0.0 0.0 0.0 0.0 0.0 0.0 0.0 0.0 112.0 5.0 1.0 1.0 0.0 0.0 0.04 0.07 0.0 255.0 5.0 0.02 0.07 0.0 0.0 1.0 1.0 0.0 0.0
0.0 0.0 0.0 0.0 0.0 0.0 0.0 0.0 0.0 0.0 0.0 0.0 0.0 0.0 0.0 121.0 14.0 1.0 1.0 0.0 0.0 0.12 0.07 0.0 255.0 14.0 0.05 0.07 0.0 0.0 1.0 1.0 0.0 0.0
0.0 0.0 0.0 0.0 0.0 0.0 0.0 0.0 0.0 0.0 0.0 0.0 0.0 0.0 0.0 130.0 3.0 1.0 1.0 0.0 0.0 0.02 0.07 0.0 255.0 3.0 0.01 0.08 0.0 0.0 1.0 1.0 0.0 0.0
0.0 0.0 0.0 0.0 0.0 0.0 0.0 0.0 0.0 0.0 0.0 0.0 0.0 0.0 0.0 139.0 12.0 1.0 1.0 0.0 0.0 0.09 0.06 0.0 255.0 12.0 0.05 0.07 0.0 0.0 1.0 1.0 0.0 0.0
0.0 0.0 0.0 0.0 0.0 0.0 0.0 0.0 0.0 0.0 0.0 0.0 0.0 0.0 0.0 148.0 18.0 1.0 1.0 0.0 0.0 0.12 0.06 0.0 255.0 18.0 0.07 0.07 0.0 0.0 1.0 1.0 0.0 0.0
0.0 0.0 0.0 0.0 0.0 0.0 0.0 0.0 0.0 0.0 0.0 0.0 0.0 0.0 0.0 107.0 7.0 1.0 1.0 0.0 0.0 0.07 0.07 0.0 255.0 7.0 0.03 0.08 0.0 0.0 1.0 1.0 0.0 0.0
0.0 0.0 0.0 0.0 0.0 0.0 0.0 0.0 0.0 0.0 0.0 0.0 0.0 0.0 0.0 116.0 16.0 1.0 1.0 0.0 0.0 0.14 0.06 0.0 255.0 16.0 0.06 0.08 0.0 0.0 1.0 1.0 0.0 0.0
0.0 0.0 0.0 0.0 0.0 0.0 0.0 0.0 0.0 0.0 0.0 0.0 0.0 0.0 0.0 125.0 9.0 1.0 1.0 0.0 0.0 0.07 0.06 0.0 255.0 9.0 0.04 0.08 0.0 0.0 1.0 1.0 0.0 0.0
0.0 0.0 0.0 0.0 0.0 0.0 0.0 0.0 0.0 0.0 0.0 0.0 0.0 0.0 0.0 124.0 13.0 1.0 1.0 0.0 0.0 0.1 0.06 0.0 255.0 13.0 0.05 0.06 0.0 0.0 1.0 1.0 0.0 0.0
0.0 0.0 0.0 0.0 0.0 0.0 0.0 0.0 0.0 0.0 0.0 0.0 0.0 0.0 0.0 144.0 15.0 1.0 1.0 0.0 0.0 0.1 0.06 0.0 255.0 15.0 0.06 0.06 0.0 0.0 1.0 1.0 0.0 0.0
0.0 0.0 0.0 0.0 0.0 0.0 0.0 0.0 0.0 0.0 0.0 0.0 0.0 0.0 0.0 103.0 1.0 1.0 1.0 0.0 0.0 0.01 0.08 0.0 255.0 1.0 0.0 0.07 0.0 0.0 1.0 1.0 0.0 0.0
0.0 0.0 0.0 0.0 0.0 0.0 0.0 0.0 0.0 0.0 0.0 0.0 0.0 0.0 0.0 112.0 6.0 1.0 1.0 0.0 0.0 0.05 0.07 0.0 255.0 6.0 0.02 0.07 0.0 0.0 1.0 1.0 0.0 0.0
0.0 0.0 0.0 0.0 0.0 0.0 0.0 0.0 0.0 0.0 0.0 0.0 0.0 0.0 0.0 121.0 15.0 1.0 1.0 0.0 0.0 0.12 0.07 0.0 255.0 15.0 0.06 0.07 0.0 0.0 1.0 1.0 0.0 0.0
0.0 0.0 0.0 0.0 0.0 0.0 0.0 0.0 0.0 0.0 0.0 0.0 0.0 0.0 0.0 130.0 4.0 1.0 1.0 0.0 0.0 0.03 0.07 0.0 255.0 4.0 0.02 0.07 0.0 0.0 1.0 1.0 0.0 0.0
0.0 0.0 0.0 0.0 0.0 0.0 0.0 0.0 0.0 0.0 0.0 0.0 0.0 0.0 0.0 139.0 13.0 1.0 1.0 0.0 0.0 0.09 0.06 0.0 255.0 13.0 0.05 0.06 0.0 0.0 1.0 1.0 0.0 0.0
0.0 0.0 0.0 0.0 0.0 0.0 0.0 0.0 0.0 0.0 0.0 0.0 0.0 0.0 0.0 148.0 18.0 1.0 1.0 0.0 0.0 0.12 0.06 0.0 255.0 18.0 0.07 0.06 0.0 0.0 1.0 1.0 0.0 0.0
0.0 0.0 0.0 0.0 0.0 0.0 0.0 0.0 0.0 0.0 0.0 0.0 0.0 0.0 0.0 107.0 7.0 1.0 1.0 0.0 0.0 0.07 0.07 0.0 255.0 7.0 0.03 0.06 0.0 0.0 1.0 1.0 0.0 0.0
0.0 0.0 0.0 0.0 0.0 0.0 0.0 0.0 0.0 0.0 0.0 0.0 0.0 0.0 0.0 116.0 15.0 1.0 1.0 0.0 0.0 0.13 0.06 0.0 255.0 15.0 0.06 0.07 0.0 0.0 1.0 1.0 0.0 0.0
0.0 0.0 0.0 0.0 0.0 0.0 0.0 0.0 0.0 0.0 0.0 0.0 0.0 0.0 0.0 125.0 8.0 1.0 1.0 0.0 0.0 0.06 0.06 0.0 255.0 8.0 0.03 0.07 0.0 0.0 1.0 1.0 0.0 0.0
0.0 0.0 0.0 0.0 0.0 0.0 0.0 0.0 0.0 0.0 0.0 0.0 0.0 0.0 0.0 134.0 16.0 1.0 1.0 0.0 0.0 0.12 0.06 0.0 255.0 16.0 0.06 0.06 0.0 0.0 1.0 1.0 0.0 0.0
0.0 0.0 0.0 0.0 0.0 0.0 0.0 0.0 0.0 0.0 0.0 0.0 0.0 0.0 0.0 135.0 7.0 1.0 1.0 0.0 0.0 0.05 0.06 0.0 255.0 4.0 0.02 0.06 0.0 0.0 1.0 1.0 0.0 0.0
0.0 0.0 0.0 0.0 0.0 0.0 0.0 0.0 0.0 0.0 0.0 0.0 0.0 0.0 0.0 103.0 1.0 1.0 1.0 0.0 0.0 0.01 0.08 0.0 255.0 1.0 0.0 0.07 0.0 0.0 1.0 1.0 0.0 0.0
0.0 0.0 0.0 0.0 0.0 0.0 0.0 0.0 0.0 0.0 0.0 0.0 0.0 0.0 0.0 112.0 5.0 1.0 1.0 0.0 0.0 0.04 0.07 0.0 255.0 5.0 0.02 0.07 0.0 0.0 1.0 1.0 0.0 0.0
0.0 0.0 0.0 0.0 0.0 0.0 0.0 0.0 0.0 0.0 0.0 0.0 0.0 0.0 0.0 121.0 14.0 1.0 1.0 0.0 0.0 0.12 0.07 0.0 255.0 14.0 0.05 0.07 0.0 0.0 1.0 1.0 0.0 0.0
0.0 0.0 0.0 0.0 0.0 0.0 0.0 0.0 0.0 0.0 0.0 0.0 0.0 0.0 0.0 130.0 3.0 1.0 1.0 0.0 0.0 0.02 0.07 0.0 255.0 3.0 0.01 0.07 0.0 0.0 1.0 1.0 0.0 0.0
0.0 0.0 0.0 0.0 0.0 0.0 0.0 0.0 0.0 0.0 0.0 0.0 0.0 0.0 0.0 139.0 12.0 1.0 1.0 0.0 0.0 0.09 0.06 0.0 255.0 12.0 0.05 0.07 0.0 0.0 1.0 1.0 0.0 0.0
0.0 0.0 0.0 0.0 0.0 0.0 0.0 0.0 0.0 0.0 0.0 0.0 0.0 0.0 0.0 148.0 18.0 1.0 1.0 0.0 0.0 0.12 0.06 0.0 255.0 18.0 0.07 0.07 0.0 0.0 1.0 1.0 0.0 0.0
0.0 0.0 0.0 0.0 0.0 0.0 0.0 0.0 0.0 0.0 0.0 0.0 0.0 0.0 0.0 107.0 7.0 1.0 1.0 0.0 0.0 0.07 0.07 0.0 255.0 7.0 0.03 0.07 0.0 0.0 1.0 1.0 0.0 0.0
0.0 0.0 0.0 0.0 0.0 0.0 0.0 0.0 0.0 0.0 0.0 0.0 0.0 0.0 0.0 116.0 8.0 1.0 1.0 0.0 0.0 0.07 0.06 0.0 255.0 8.0 0.03 0.07 0.0 0.0 1.0 1.0 0.0 0.0
0.0 0.0 0.0 0.0 0.0 0.0 0.0 0.0 0.0 0.0 0.0 0.0 0.0 0.0 0.0 125.0 17.0 1.0 1.0 0.0 0.0 0.14 0.06 0.0 255.0 17.0 0.07 0.07 0.0 0.0 1.0 1.0 0.0 0.0
0.0 0.0 0.0 0.0 0.0 0.0 0.0 0.0 0.0 0.0 0.0 0.0 0.0 0.0 0.0 134.0 4.0 1.0 1.0 0.0 0.0 0.03 0.06 0.0 255.0 4.0 0.02 0.06 0.0 0.0 1.0 1.0 0.0 0.0
0.0 0.0 0.0 0.0 0.0 0.0 0.0 0.0 0.0 0.0 0.0 0.0 0.0 0.0 0.0 143.0 13.0 1.0 1.0 0.0 0.0 0.09 0.06 0.0 255.0 13.0 0.05 0.06 0.0 0.0 1.0 1.0 0.0 0.0
0.0 0.0 0.0 0.0 0.0 0.0 0.0 0.0 0.0 0.0 0.0 0.0 0.0 0.0 0.0 102.0 2.0 1.0 1.0 0.0 0.0 0.02 0.07 0.0 255.0 2.0 0.01 0.07 0.0 0.0 1.0 1.0 0.0 0.0
0.0 0.0 0.0 0.0 0.0 0.0 0.0 0.0 0.0 0.0 0.0 0.0 0.0 0.0 0.0 111.0 4.0 1.0 1.0 0.0 0.0 0.04 0.08 0.0 255.0 4.0 0.02 0.07 0.0 0.0 1.0 1.0 0.0 0.0
0.0 0.0 0.0 0.0 0.0 0.0 0.0 0.0 0.0 0.0 0.0 0.0 0.0 0.0 0.0 120.0 13.0 1.0 1.0 0.0 0.0 0.11 0.08 0.0 255.0 13.0 0.05 0.07 0.0 0.0 1.0 1.0 0.0 0.0
0.0 0.0 0.0 0.0 0.0 0.0 0.0 0.0 0.0 0.0 0.0 0.0 0.0 0.0 0.0 129.0 3.0 1.0 1.0 0.0 0.0 0.02 0.07 0.0 255.0 3.0 0.01 0.07 0.0 0.0 1.0 1.0 0.0 0.0
0.0 0.0 0.0 0.0 0.0 0.0 0.0 0.0 0.0 0.0 0.0 0.0 0.0 0.0 0.0 138.0 12.0 1.0 1.0 0.0 0.0 0.09 0.07 0.0 255.0 12.0 0.05 0.07 0.0 0.0 1.0 1.0 0.0 0.0
0.0 0.0 0.0 0.0 0.0 0.0 0.0 0.0 0.0 0.0 0.0 0.0 0.0 0.0 0.0 147.0 7.0 1.0 1.0 0.0 0.0 0.05 0.06 0.0 255.0 7.0 0.03 0.07 0.0 0.0 1.0 1.0 0.0 0.0
0.0 0.0 0.0 0.0 0.0 0.0 0.0 0.0 0.0 0.0 0.0 0.0 0.0 0.0 0.0 106.0 6.0 1.0 1.0 0.0 0.0 0.06 0.07 0.0 255.0 6.0 0.02 0.07 0.0 0.0 1.0 1.0 0.0 0.0
0.0 0.0 0.0 0.0 0.0 0.0 0.0 0.0 0.0 0.0 0.0 0.0 0.0 0.0 0.0 103.0 3.0 1.0 1.0 0.0 0.0 0.03 0.07 0.0 255.0 3.0 0.01 0.07 0.0 0.0 1.0 1.0 0.0 0.0
0.0 0.0 0.0 0.0 0.0 0.0 0.0 0.0 0.0 0.0 0.0 0.0 0.0 0.0 0.0 125.0 9.0 1.0 1.0 0.0 0.0 0.07 0.06 0.0 255.0 9.0 0.04 0.07 0.0 0.0 1.0 1.0 0.0 0.0
0.0 0.0 0.0 0.0 0.0 0.0 0.0 0.0 0.0 0.0 0.0 0.0 0.0 0.0 0.0 134.0 18.0 1.0 1.0 0.0 0.0 0.13 0.06 0.0 255.0 18.0 0.07 0.07 0.0 0.0 1.0 1.0 0.0 0.0
0.0 0.0 0.0 0.0 0.0 0.0 0.0 0.0 0.0 0.0 0.0 0.0 0.0 0.0 0.0 143.0 15.0 1.0 1.0 0.0 0.0 0.1 0.06 0.0 255.0 15.0 0.06 0.07 0.0 0.0 1.0 1.0 0.0 0.0
0.0 0.0 0.0 0.0 0.0 0.0 0.0 0.0 0.0 0.0 0.0 0.0 0.0 0.0 0.0 102.0 1.0 1.0 1.0 0.0 0.0 0.01 0.08 0.0 255.0 1.0 0.0 0.07 0.0 0.0 1.0 1.0 0.0 0.0
0.0 0.0 0.0 0.0 0.0 0.0 0.0 0.0 0.0 0.0 0.0 0.0 0.0 0.0 0.0 111.0 3.0 1.0 1.0 0.0 0.0 0.03 0.08 0.0 255.0 3.0 0.01 0.08 0.0 0.0 1.0 1.0 0.0 0.0
0.0 0.0 0.0 0.0 0.0 0.0 0.0 0.0 0.0 0.0 0.0 0.0 0.0 0.0 0.0 120.0 12.0 1.0 1.0 0.0 0.0 0.1 0.08 0.0 255.0 12.0 0.05 0.07 0.0 0.0 1.0 1.0 0.0 0.0
0.0 0.0 0.0 0.0 0.0 0.0 0.0 0.0 0.0 0.0 0.0 0.0 0.0 0.0 0.0 129.0 3.0 1.0 1.0 0.0 0.0 0.02 0.07 0.0 255.0 3.0 0.01 0.08 0.0 0.0 1.0 1.0 0.0 0.0
0.0 0.0 0.0 0.0 0.0 0.0 0.0 0.0 0.0 0.0 0.0 0.0 0.0 0.0 0.0 138.0 12.0 1.0 1.0 0.0 0.0 0.09 0.07 0.0 255.0 12.0 0.05 0.07 0.0 0.0 1.0 1.0 0.0 0.0
0.0 0.0 0.0 0.0 0.0 0.0 0.0 0.0 0.0 0.0 0.0 0.0 0.0 0.0 0.0 147.0 18.0 1.0 1.0 0.0 0.0 0.12 0.06 0.0 255.0 18.0 0.07 0.07 0.0 0.0 1.0 1.0 0.0 0.0
0.0 0.0 0.0 0.0 0.0 0.0 0.0 0.0 0.0 0.0 0.0 0.0 0.0 0.0 0.0 106.0 6.0 1.0 1.0 0.0 0.0 0.06 0.07 0.0 255.0 6.0 0.02 0.08 0.0 0.0 1.0 1.0 0.0 0.0
0.0 0.0 0.0 0.0 0.0 0.0 0.0 0.0 0.0 0.0 0.0 0.0 0.0 0.0 0.0 113.0 10.0 1.0 1.0 0.0 0.0 0.09 0.07 0.0 255.0 10.0 0.04 0.07 0.0 0.0 1.0 1.0 0.0 0.0
0.0 0.0 0.0 0.0 0.0 0.0 0.0 0.0 0.0 0.0 0.0 0.0 0.0 0.0 0.0 125.0 9.0 1.0 1.0 0.0 0.0 0.07 0.06 0.0 255.0 9.0 0.04 0.08 0.0 0.0 1.0 1.0 0.0 0.0
0.0 0.0 0.0 0.0 0.0 0.0 0.0 0.0 0.0 0.0 0.0 0.0 0.0 0.0 0.0 134.0 18.0 1.0 1.0 0.0 0.0 0.13 0.06 0.0 255.0 18.0 0.07 0.07 0.0 0.0 1.0 1.0 0.0 0.0
0.0 0.0 0.0 0.0 0.0 0.0 0.0 0.0 0.0 0.0 0.0 0.0 0.0 0.0 0.0 143.0 14.0 1.0 1.0 0.0 0.0 0.1 0.06 0.0 255.0 14.0 0.05 0.07 0.0 0.0 1.0 1.0 0.0 0.0
0.0 0.0 0.0 0.0 0.0 0.0 0.0 0.0 0.0 0.0 0.0 0.0 0.0 0.0 0.0 102.0 1.0 1.0 1.0 0.0 0.0 0.01 0.08 0.0 255.0 1.0 0.0 0.08 0.0 0.0 1.0 1.0 0.0 0.0
0.0 0.0 0.0 0.0 0.0 0.0 0.0 0.0 0.0 0.0 0.0 0.0 0.0 0.0 0.0 111.0 20.0 1.0 1.0 0.0 0.0 0.18 0.07 0.0 255.0 20.0 0.08 0.08 0.0 0.0 1.0 1.0 0.0 0.0
0.0 0.0 0.0 0.0 0.0 0.0 0.0 0.0 0.0 0.0 0.0 0.0 0.0 0.0 0.0 120.0 9.0 1.0 1.0 0.0 0.0 0.08 0.08 0.0 255.0 9.0 0.04 0.08 0.0 0.0 1.0 1.0 0.0 0.0
0.0 0.0 0.0 0.0 0.0 0.0 0.0 0.0 0.0 0.0 0.0 0.0 0.0 0.0 0.0 129.0 15.0 1.0 1.0 0.0 0.0 0.12 0.07 0.0 255.0 15.0 0.06 0.08 0.0 0.0 1.0 1.0 0.0 0.0
0.0 0.0 0.0 0.0 0.0 0.0 0.0 0.0 0.0 0.0 0.0 0.0 0.0 0.0 0.0 138.0 9.0 1.0 1.0 0.0 0.0 0.07 0.07 0.0 255.0 9.0 0.04 0.07 0.0 0.0 1.0 1.0 0.0 0.0
0.0 0.0 0.0 0.0 0.0 0.0 0.0 0.0 0.0 0.0 0.0 0.0 0.0 0.0 0.0 147.0 18.0 1.0 1.0 0.0 0.0 0.12 0.06 0.0 255.0 18.0 0.07 0.07 0.0 0.0 1.0 1.0 0.0 0.0
0.0 0.0 0.0 0.0 0.0 0.0 0.0 0.0 0.0 0.0 0.0 0.0 0.0 0.0 0.0 106.0 5.0 1.0 1.0 0.0 0.0 0.05 0.08 0.0 255.0 5.0 0.02 0.08 0.0 0.0 1.0 1.0 0.0 0.0
0.0 0.0 0.0 0.0 0.0 0.0 0.0 0.0 0.0 0.0 0.0 0.0 0.0 0.0 0.0 123.0 20.0 1.0 1.0 0.0 0.0 0.16 0.07 0.0 255.0 20.0 0.08 0.07 0.0 0.0 1.0 1.0 0.0 0.0
0.0 0.0 0.0 0.0 0.0 0.0 0.0 0.0 0.0 0.0 0.0 0.0 0.0 0.0 0.0 125.0 10.0 1.0 1.0 0.0 0.0 0.08 0.06 0.0 255.0 10.0 0.04 0.07 0.0 0.0 1.0 1.0 0.0 0.0
0.0 0.0 0.0 0.0 0.0 0.0 0.0 0.0 0.0 0.0 0.0 0.0 0.0 0.0 0.0 134.0 18.0 1.0 1.0 0.0 0.0 0.13 0.06 0.0 255.0 18.0 0.07 0.07 0.0 0.0 1.0 1.0 0.0 0.0
0.0 0.0 0.0 0.0 0.0 0.0 0.0 0.0 0.0 0.0 0.0 0.0 0.0 0.0 0.0 143.0 16.0 1.0 1.0 0.0 0.0 0.11 0.06 0.0 255.0 16.0 0.06 0.07 0.0 0.0 1.0 1.0 0.0 0.0
0.0 0.0 0.0 0.0 0.0 0.0 0.0 0.0 0.0 0.0 0.0 0.0 0.0 0.0 0.0 102.0 2.0 1.0 1.0 0.0 0.0 0.02 0.07 0.0 255.0 2.0 0.01 0.07 0.0 0.0 1.0 1.0 0.0 0.0
0.0 0.0 0.0 0.0 0.0 0.0 0.0 0.0 0.0 0.0 0.0 0.0 0.0 0.0 0.0 111.0 4.0 1.0 1.0 0.0 0.0 0.04 0.07 0.0 255.0 4.0 0.02 0.07 0.0 0.0 1.0 1.0 0.0 0.0
0.0 0.0 0.0 0.0 0.0 0.0 0.0 0.0 0.0 0.0 0.0 0.0 0.0 0.0 0.0 120.0 6.0 1.0 1.0 0.0 0.0 0.05 0.08 0.0 255.0 6.0 0.02 0.08 0.0 0.0 1.0 1.0 0.0 0.0
0.0 0.0 0.0 0.0 0.0 0.0 0.0 0.0 0.0 0.0 0.0 0.0 0.0 0.0 0.0 129.0 15.0 1.0 1.0 0.0 0.0 0.12 0.07 0.0 255.0 15.0 0.06 0.08 0.0 0.0 1.0 1.0 0.0 0.0
0.0 0.0 0.0 0.0 0.0 0.0 0.0 0.0 0.0 0.0 0.0 0.0 0.0 0.0 0.0 138.0 8.0 1.0 1.0 0.0 0.0 0.06 0.07 0.0 255.0 8.0 0.03 0.07 0.0 0.0 1.0 1.0 0.0 0.0
0.0 0.0 0.0 0.0 0.0 0.0 0.0 0.0 0.0 0.0 0.0 0.0 0.0 0.0 0.0 147.0 17.0 1.0 1.0 0.0 0.0 0.12 0.06 0.0 255.0 17.0 0.07 0.07 0.0 0.0 1.0 1.0 0.0 0.0
0.0 0.0 0.0 0.0 0.0 0.0 0.0 0.0 0.0 0.0 0.0 0.0 0.0 0.0 0.0 106.0 6.0 1.0 1.0 0.0 0.0 0.06 0.07 0.0 255.0 6.0 0.02 0.07 0.0 0.0 1.0 1.0 0.0 0.0
0.0 0.0 0.0 0.0 0.0 0.0 0.0 0.0 0.0 0.0 0.0 0.0 0.0 0.0 0.0 115.0 15.0 1.0 1.0 0.0 0.0 0.13 0.06 0.0 255.0 15.0 0.06 0.07 0.0 0.0 1.0 1.0 0.0 0.0
0.0 0.0 0.0 0.0 0.0 0.0 0.0 0.0 0.0 0.0 0.0 0.0 0.0 0.0 0.0 134.0 10.0 1.0 1.0 0.0 0.0 0.07 0.07 0.0 255.0 10.0 0.04 0.07 0.0 0.0 1.0 1.0 0.0 0.0
0.0 0.0 0.0 0.0 0.0 0.0 0.0 0.0 0.0 0.0 0.0 0.0 0.0 0.0 0.0 134.0 18.0 1.0 1.0 0.0 0.0 0.13 0.06 0.0 255.0 18.0 0.07 0.06 0.0 0.0 1.0 1.0 0.0 0.0
0.0 0.0 0.0 0.0 0.0 0.0 0.0 0.0 0.0 0.0 0.0 0.0 0.0 0.0 0.0 143.0 14.0 1.0 1.0 0.0 0.0 0.1 0.06 0.0 255.0 14.0 0.05 0.06 0.0 0.0 1.0 1.0 0.0 0.0
0.0 0.0 0.0 0.0 0.0 0.0 0.0 0.0 0.0 0.0 0.0 0.0 0.0 0.0 0.0 102.0 1.0 1.0 1.0 0.0 0.0 0.01 0.08 0.0 255.0 1.0 0.0 0.07 0.0 0.0 1.0 1.0 0.0 0.0
0.0 0.0 0.0 0.0 0.0 0.0 0.0 0.0 0.0 0.0 0.0 0.0 0.0 0.0 0.0 111.0 4.0 1.0 1.0 0.0 0.0 0.04 0.07 0.0 255.0 4.0 0.02 0.07 0.0 0.0 1.0 1.0 0.0 0.0
0.0 0.0 0.0 0.0 0.0 0.0 0.0 0.0 0.0 0.0 0.0 0.0 0.0 0.0 0.0 120.0 13.0 1.0 1.0 0.0 0.0 0.11 0.07 0.0 255.0 13.0 0.05 0.07 0.0 0.0 1.0 1.0 0.0 0.0
0.0 0.0 0.0 0.0 0.0 0.0 0.0 0.0 0.0 0.0 0.0 0.0 0.0 0.0 0.0 129.0 18.0 1.0 1.0 0.0 0.0 0.14 0.07 0.0 255.0 18.0 0.07 0.07 0.0 0.0 1.0 1.0 0.0 0.0
0.0 0.0 0.0 0.0 0.0 0.0 0.0 0.0 0.0 0.0 0.0 0.0 0.0 0.0 0.0 138.0 12.0 1.0 1.0 0.0 0.0 0.09 0.07 0.0 255.0 12.0 0.05 0.07 0.0 0.0 1.0 1.0 0.0 0.0
0.0 0.0 0.0 0.0 0.0 0.0 0.0 0.0 0.0 0.0 0.0 0.0 0.0 0.0 0.0 147.0 18.0 1.0 1.0 0.0 0.0 0.12 0.06 0.0 255.0 18.0 0.07 0.06 0.0 0.0 1.0 1.0 0.0 0.0
0.0 0.0 0.0 0.0 0.0 0.0 0.0 0.0 0.0 0.0 0.0 0.0 0.0 0.0 0.0 106.0 4.0 1.0 1.0 0.0 0.0 0.04 0.08 0.0 255.0 4.0 0.02 0.07 0.0 0.0 1.0 1.0 0.0 0.0
0.0 0.0 0.0 0.0 0.0 0.0 0.0 0.0 0.0 0.0 0.0 0.0 0.0 0.0 0.0 115.0 13.0 1.0 1.0 0.0 0.0 0.11 0.07 0.0 255.0 13.0 0.05 0.07 0.0 0.0 1.0 1.0 0.0 0.0
0.0 0.0 0.0 0.0 0.0 0.0 0.0 0.0 0.0 0.0 0.0 0.0 0.0 0.0 0.0 124.0 9.0 1.0 1.0 0.0 0.0 0.07 0.06 0.0 255.0 9.0 0.04 0.07 0.0 0.0 1.0 1.0 0.0 0.0
0.0 0.0 0.0 0.0 0.0 0.0 0.0 0.0 0.0 0.0 0.0 0.0 0.0 0.0 0.0 133.0 18.0 1.0 1.0 0.0 0.0 0.14 0.06 0.0 255.0 18.0 0.07 0.06 0.0 0.0 1.0 1.0 0.0 0.0
0.0 0.0 0.0 0.0 0.0 0.0 0.0 0.0 0.0 0.0 0.0 0.0 0.0 0.0 0.0 146.0 17.0 1.0 1.0 0.0 0.0 0.12 0.06 0.0 255.0 4.0 0.02 0.06 0.0 0.0 1.0 1.0 0.0 0.0
0.0 0.0 0.0 0.0 0.0 0.0 0.0 0.0 0.0 0.0 0.0 0.0 0.0 0.0 0.0 102.0 2.0 1.0 1.0 0.0 0.0 0.02 0.07 0.0 255.0 2.0 0.01 0.06 0.0 0.0 1.0 1.0 0.0 0.0
0.0 0.0 0.0 0.0 0.0 0.0 0.0 0.0 0.0 0.0 0.0 0.0 0.0 0.0 0.0 111.0 5.0 1.0 1.0 0.0 0.0 0.05 0.07 0.0 255.0 5.0 0.02 0.07 0.0 0.0 1.0 1.0 0.0 0.0
0.0 0.0 0.0 0.0 0.0 0.0 0.0 0.0 0.0 0.0 0.0 0.0 0.0 0.0 0.0 120.0 14.0 1.0 1.0 0.0 0.0 0.12 0.07 0.0 255.0 14.0 0.05 0.07 0.0 0.0 1.0 1.0 0.0 0.0
0.0 0.0 0.0 0.0 0.0 0.0 0.0 0.0 0.0 0.0 0.0 0.0 0.0 0.0 0.0 129.0 4.0 1.0 1.0 0.0 0.0 0.03 0.07 0.0 255.0 4.0 0.02 0.07 0.0 0.0 1.0 1.0 0.0 0.0
0.0 0.0 0.0 0.0 0.0 0.0 0.0 0.0 0.0 0.0 0.0 0.0 0.0 0.0 0.0 138.0 13.0 1.0 1.0 0.0 0.0 0.09 0.07 0.0 255.0 13.0 0.05 0.06 0.0 0.0 1.0 1.0 0.0 0.0
0.0 0.0 0.0 0.0 0.0 0.0 0.0 0.0 0.0 0.0 0.0 0.0 0.0 0.0 0.0 147.0 20.0 1.0 1.0 0.0 0.0 0.14 0.06 0.0 255.0 20.0 0.08 0.06 0.0 0.0 1.0 1.0 0.0 0.0
0.0 0.0 0.0 0.0 0.0 0.0 0.0 0.0 0.0 0.0 0.0 0.0 0.0 0.0 0.0 106.0 6.0 1.0 1.0 0.0 0.0 0.06 0.07 0.0 255.0 6.0 0.02 0.07 0.0 0.0 1.0 1.0 0.0 0.0
0.0 0.0 0.0 0.0 0.0 0.0 0.0 0.0 0.0 0.0 0.0 0.0 0.0 0.0 0.0 115.0 14.0 1.0 1.0 0.0 0.0 0.12 0.06 0.0 255.0 14.0 0.05 0.06 0.0 0.0 1.0 1.0 0.0 0.0
0.0 0.0 0.0 0.0 0.0 0.0 0.0 0.0 0.0 0.0 0.0 0.0 0.0 0.0 0.0 124.0 6.0 1.0 1.0 0.0 0.0 0.05 0.06 0.0 255.0 6.0 0.02 0.07 0.0 0.0 1.0 1.0 0.0 0.0
0.0 0.0 0.0 0.0 0.0 0.0 0.0 0.0 0.0 0.0 0.0 0.0 0.0 0.0 0.0 133.0 15.0 1.0 1.0 0.0 0.0 0.11 0.06 0.0 255.0 15.0 0.06 0.06 0.0 0.0 1.0 1.0 0.0 0.0
0.0 0.0 0.0 0.0 0.0 0.0 0.0 0.0 0.0 0.0 0.0 0.0 0.0 0.0 0.0 142.0 13.0 1.0 1.0 0.0 0.0 0.09 0.06 0.0 255.0 13.0 0.05 0.06 0.0 0.0 1.0 1.0 0.0 0.0
0.0 0.0 0.0 0.0 0.0 0.0 0.0 0.0 0.0 0.0 0.0 0.0 0.0 0.0 0.0 101.0 1.0 1.0 1.0 0.0 0.0 0.01 0.07 0.0 255.0 1.0 0.0 0.07 0.0 0.0 1.0 1.0 0.0 0.0
0.0 0.0 0.0 0.0 0.0 0.0 0.0 0.0 0.0 0.0 0.0 0.0 0.0 0.0 0.0 108.0 8.0 1.0 1.0 0.0 0.0 0.07 0.06 0.0 255.0 8.0 0.03 0.07 0.0 0.0 1.0 1.0 0.0 0.0
0.0 0.0 0.0 0.0 0.0 0.0 0.0 0.0 0.0 0.0 0.0 0.0 0.0 0.0 0.0 120.0 14.0 1.0 1.0 0.0 0.0 0.12 0.07 0.0 255.0 14.0 0.05 0.07 0.0 0.0 1.0 1.0 0.0 0.0
0.0 0.0 0.0 0.0 0.0 0.0 0.0 0.0 0.0 0.0 0.0 0.0 0.0 0.0 0.0 129.0 1.0 1.0 1.0 0.0 0.0 0.01 0.07 0.0 255.0 1.0 0.0 0.07 0.0 0.0 1.0 1.0 0.0 0.0
0.0 0.0 0.0 0.0 0.0 0.0 0.0 0.0 0.0 0.0 0.0 0.0 0.0 0.0 0.0 138.0 10.0 1.0 1.0 0.0 0.0 0.07 0.07 0.0 255.0 10.0 0.04 0.07 0.0 0.0 1.0 1.0 0.0 0.0
0.0 0.0 0.0 0.0 0.0 0.0 0.0 0.0 0.0 0.0 0.0 0.0 0.0 0.0 0.0 147.0 19.0 1.0 1.0 0.0 0.0 0.13 0.06 0.0 255.0 19.0 0.07 0.07 0.0 0.0 1.0 1.0 0.0 0.0
0.0 0.0 0.0 0.0 0.0 0.0 0.0 0.0 0.0 0.0 0.0 0.0 0.0 0.0 0.0 106.0 6.0 1.0 1.0 0.0 0.0 0.06 0.07 0.0 255.0 6.0 0.02 0.07 0.0 0.0 1.0 1.0 0.0 0.0
0.0 0.0 0.0 0.0 0.0 0.0 0.0 0.0 0.0 0.0 0.0 0.0 0.0 0.0 0.0 115.0 15.0 1.0 1.0 0.0 0.0 0.13 0.06 0.0 255.0 15.0 0.06 0.07 0.0 0.0 1.0 1.0 0.0 0.0
0.0 0.0 0.0 0.0 0.0 0.0 0.0 0.0 0.0 0.0 0.0 0.0 0.0 0.0 0.0 124.0 8.0 1.0 1.0 0.0 0.0 0.06 0.06 0.0 255.0 8.0 0.03 0.08 0.0 0.0 1.0 1.0 0.0 0.0
0.0 0.0 0.0 0.0 0.0 0.0 0.0 0.0 0.0 0.0 0.0 0.0 0.0 0.0 0.0 133.0 17.0 1.0 1.0 0.0 0.0 0.13 0.06 0.0 255.0 17.0 0.07 0.07 0.0 0.0 1.0 1.0 0.0 0.0
0.0 0.0 0.0 0.0 0.0 0.0 0.0 0.0 0.0 0.0 0.0 0.0 0.0 0.0 0.0 142.0 16.0 1.0 1.0 0.0 0.0 0.11 0.06 0.0 255.0 16.0 0.06 0.07 0.0 0.0 1.0 1.0 0.0 0.0
0.0 0.0 0.0 0.0 0.0 0.0 0.0 0.0 0.0 0.0 0.0 0.0 0.0 0.0 0.0 101.0 1.0 1.0 1.0 0.0 0.0 0.01 0.07 0.0 255.0 1.0 0.0 0.07 0.0 0.0 1.0 1.0 0.0 0.0
0.0 0.0 0.0 0.0 0.0 0.0 0.0 0.0 0.0 0.0 0.0 0.0 0.0 0.0 0.0 118.0 7.0 1.0 1.0 0.0 0.0 0.06 0.07 0.0 255.0 7.0 0.03 0.07 0.0 0.0 1.0 1.0 0.0 0.0
0.0 0.0 0.0 0.0 0.0 0.0 0.0 0.0 0.0 0.0 0.0 0.0 0.0 0.0 0.0 120.0 13.0 1.0 1.0 0.0 0.0 0.11 0.07 0.0 255.0 13.0 0.05 0.07 0.0 0.0 1.0 1.0 0.0 0.0
0.0 0.0 0.0 0.0 0.0 0.0 0.0 0.0 0.0 0.0 0.0 0.0 0.0 0.0 0.0 129.0 3.0 1.0 1.0 0.0 0.0 0.02 0.07 0.0 255.0 3.0 0.01 0.07 0.0 0.0 1.0 1.0 0.0 0.0
0.0 0.0 0.0 0.0 0.0 0.0 0.0 0.0 0.0 0.0 0.0 0.0 0.0 0.0 0.0 138.0 12.0 1.0 1.0 0.0 0.0 0.09 0.07 0.0 255.0 12.0 0.05 0.07 0.0 0.0 1.0 1.0 0.0 0.0
0.0 0.0 0.0 0.0 0.0 0.0 0.0 0.0 0.0 0.0 0.0 0.0 0.0 0.0 0.0 147.0 18.0 1.0 1.0 0.0 0.0 0.12 0.06 0.0 255.0 18.0 0.07 0.07 0.0 0.0 1.0 1.0 0.0 0.0
0.0 0.0 0.0 0.0 0.0 0.0 0.0 0.0 0.0 0.0 0.0 0.0 0.0 0.0 0.0 106.0 6.0 1.0 1.0 0.0 0.0 0.06 0.07 0.0 255.0 6.0 0.02 0.07 0.0 0.0 1.0 1.0 0.0 0.0
0.0 0.0 0.0 0.0 0.0 0.0 0.0 0.0 0.0 0.0 0.0 0.0 0.0 0.0 0.0 115.0 15.0 1.0 1.0 0.0 0.0 0.13 0.06 0.0 255.0 15.0 0.06 0.07 0.0 0.0 1.0 1.0 0.0 0.0
0.0 0.0 0.0 0.0 0.0 0.0 0.0 0.0 0.0 0.0 0.0 0.0 0.0 0.0 0.0 124.0 8.0 1.0 1.0 0.0 0.0 0.06 0.06 0.0 255.0 8.0 0.03 0.07 0.0 0.0 1.0 1.0 0.0 0.0
0.0 0.0 0.0 0.0 0.0 0.0 0.0 0.0 0.0 0.0 0.0 0.0 0.0 0.0 0.0 133.0 17.0 1.0 1.0 0.0 0.0 0.13 0.06 0.0 255.0 17.0 0.07 0.06 0.0 0.0 1.0 1.0 0.0 0.0
0.0 0.0 0.0 0.0 0.0 0.0 0.0 0.0 0.0 0.0 0.0 0.0 0.0 0.0 0.0 142.0 13.0 1.0 1.0 0.0 0.0 0.09 0.06 0.0 255.0 13.0 0.05 0.06 0.0 0.0 1.0 1.0 0.0 0.0
0.0 0.0 0.0 0.0 0.0 0.0 0.0 0.0 0.0 0.0 0.0 0.0 0.0 0.0 0.0 101.0 1.0 1.0 1.0 0.0 0.0 0.01 0.07 0.0 255.0 1.0 0.0 0.07 0.0 0.0 1.0 1.0 0.0 0.0
0.0 0.0 0.0 0.0 0.0 0.0 0.0 0.0 0.0 0.0 0.0 0.0 0.0 0.0 0.0 128.0 15.0 1.0 1.0 0.0 0.0 0.12 0.06 0.0 255.0 15.0 0.06 0.07 0.0 0.0 1.0 1.0 0.0 0.0
0.0 0.0 0.0 0.0 0.0 0.0 0.0 0.0 0.0 0.0 0.0 0.0 0.0 0.0 0.0 120.0 7.0 1.0 1.0 0.0 0.0 0.06 0.08 0.0 255.0 7.0 0.03 0.07 0.0 0.0 1.0 1.0 0.0 0.0
0.0 0.0 0.0 0.0 0.0 0.0 0.0 0.0 0.0 0.0 0.0 0.0 0.0 0.0 0.0 129.0 16.0 1.0 1.0 0.0 0.0 0.12 0.07 0.0 255.0 16.0 0.06 0.07 0.0 0.0 1.0 1.0 0.0 0.0
0.0 0.0 0.0 0.0 0.0 0.0 0.0 0.0 0.0 0.0 0.0 0.0 0.0 0.0 0.0 138.0 8.0 1.0 1.0 0.0 0.0 0.06 0.07 0.0 255.0 8.0 0.03 0.07 0.0 0.0 1.0 1.0 0.0 0.0
0.0 0.0 0.0 0.0 0.0 0.0 0.0 0.0 0.0 0.0 0.0 0.0 0.0 0.0 0.0 147.0 17.0 1.0 1.0 0.0 0.0 0.12 0.06 0.0 255.0 17.0 0.07 0.07 0.0 0.0 1.0 1.0 0.0 0.0
0.0 0.0 0.0 0.0 0.0 0.0 0.0 0.0 0.0 0.0 0.0 0.0 0.0 0.0 0.0 106.0 6.0 1.0 1.0 0.0 0.0 0.06 0.07 0.0 255.0 6.0 0.02 0.07 0.0 0.0 1.0 1.0 0.0 0.0
0.0 0.0 0.0 0.0 0.0 0.0 0.0 0.0 0.0 0.0 0.0 0.0 0.0 0.0 0.0 115.0 15.0 1.0 1.0 0.0 0.0 0.13 0.06 0.0 255.0 15.0 0.06 0.07 0.0 0.0 1.0 1.0 0.0 0.0
0.0 0.0 0.0 0.0 0.0 0.0 0.0 0.0 0.0 0.0 0.0 0.0 0.0 0.0 0.0 124.0 8.0 1.0 1.0 0.0 0.0 0.06 0.06 0.0 255.0 8.0 0.03 0.07 0.0 0.0 1.0 1.0 0.0 0.0
0.0 0.0 0.0 0.0 0.0 0.0 0.0 0.0 0.0 0.0 0.0 0.0 0.0 0.0 0.0 133.0 17.0 1.0 1.0 0.0 0.0 0.13 0.06 0.0 255.0 17.0 0.07 0.06 0.0 0.0 1.0 1.0 0.0 0.0
0.0 0.0 0.0 0.0 0.0 0.0 0.0 0.0 0.0 0.0 0.0 0.0 0.0 0.0 0.0 142.0 13.0 1.0 1.0 0.0 0.0 0.09 0.06 0.0 255.0 13.0 0.05 0.06 0.0 0.0 1.0 1.0 0.0 0.0
0.0 0.0 0.0 0.0 0.0 0.0 0.0 0.0 0.0 0.0 0.0 0.0 0.0 0.0 0.0 101.0 2.0 1.0 1.0 0.0 0.0 0.02 0.07 0.0 255.0 2.0 0.01 0.07 0.0 0.0 1.0 1.0 0.0 0.0
0.0 0.0 0.0 0.0 0.0 0.0 0.0 0.0 0.0 0.0 0.0 0.0 0.0 0.0 0.0 138.0 8.0 1.0 1.0 0.0 0.0 0.06 0.06 0.0 255.0 6.0 0.02 0.07 0.0 0.0 1.0 1.0 0.0 0.0
0.0 0.0 0.0 0.0 0.0 0.0 0.0 0.0 0.0 0.0 0.0 0.0 0.0 0.0 0.0 120.0 7.0 1.0 1.0 0.0 0.0 0.06 0.08 0.0 255.0 7.0 0.03 0.07 0.0 0.0 1.0 1.0 0.0 0.0
0.0 0.0 0.0 0.0 0.0 0.0 0.0 0.0 0.0 0.0 0.0 0.0 0.0 0.0 0.0 129.0 16.0 1.0 1.0 0.0 0.0 0.12 0.07 0.0 255.0 16.0 0.06 0.07 0.0 0.0 1.0 1.0 0.0 0.0
0.0 0.0 0.0 0.0 0.0 0.0 0.0 0.0 0.0 0.0 0.0 0.0 0.0 0.0 0.0 138.0 9.0 1.0 1.0 0.0 0.0 0.07 0.07 0.0 255.0 9.0 0.04 0.07 0.0 0.0 1.0 1.0 0.0 0.0
0.0 0.0 0.0 0.0 0.0 0.0 0.0 0.0 0.0 0.0 0.0 0.0 0.0 0.0 0.0 147.0 18.0 1.0 1.0 0.0 0.0 0.12 0.06 0.0 255.0 18.0 0.07 0.07 0.0 0.0 1.0 1.0 0.0 0.0
0.0 0.0 0.0 0.0 0.0 0.0 0.0 0.0 0.0 0.0 0.0 0.0 0.0 0.0 0.0 106.0 7.0 1.0 1.0 0.0 0.0 0.07 0.07 0.0 255.0 7.0 0.03 0.07 0.0 0.0 1.0 1.0 0.0 0.0
0.0 0.0 0.0 0.0 0.0 0.0 0.0 0.0 0.0 0.0 0.0 0.0 0.0 0.0 0.0 115.0 16.0 1.0 1.0 0.0 0.0 0.14 0.06 0.0 255.0 16.0 0.06 0.07 0.0 0.0 1.0 1.0 0.0 0.0
0.0 0.0 0.0 0.0 0.0 0.0 0.0 0.0 0.0 0.0 0.0 0.0 0.0 0.0 0.0 124.0 9.0 1.0 1.0 0.0 0.0 0.07 0.06 0.0 255.0 9.0 0.04 0.07 0.0 0.0 1.0 1.0 0.0 0.0
0.0 0.0 0.0 0.0 0.0 0.0 0.0 0.0 0.0 0.0 0.0 0.0 0.0 0.0 0.0 133.0 18.0 1.0 1.0 0.0 0.0 0.14 0.06 0.0 255.0 18.0 0.07 0.06 0.0 0.0 1.0 1.0 0.0 0.0
0.0 0.0 0.0 0.0 0.0 0.0 0.0 0.0 0.0 0.0 0.0 0.0 0.0 0.0 0.0 142.0 13.0 1.0 1.0 0.0 0.0 0.09 0.06 0.0 255.0 13.0 0.05 0.06 0.0 0.0 1.0 1.0 0.0 0.0
0.0 0.0 0.0 0.0 0.0 0.0 0.0 0.0 0.0 0.0 0.0 0.0 0.0 0.0 0.0 102.0 2.0 1.0 1.0 0.0 0.0 0.02 0.07 0.0 255.0 2.0 0.01 0.06 0.0 0.0 1.0 1.0 0.0 0.0
0.0 0.0 0.0 0.0 0.0 0.0 0.0 0.0 0.0 0.0 0.0 0.0 0.0 0.0 0.0 111.0 18.0 1.0 1.0 0.0 0.0 0.16 0.07 0.0 255.0 18.0 0.07 0.07 0.0 0.0 1.0 1.0 0.0 0.0
0.0 0.0 0.0 0.0 0.0 0.0 0.0 0.0 0.0 0.0 0.0 0.0 0.0 0.0 0.0 120.0 7.0 1.0 1.0 0.0 0.0 0.06 0.08 0.0 255.0 7.0 0.03 0.07 0.0 0.0 1.0 1.0 0.0 0.0
0.0 0.0 0.0 0.0 0.0 0.0 0.0 0.0 0.0 0.0 0.0 0.0 0.0 0.0 0.0 129.0 15.0 1.0 1.0 0.0 0.0 0.12 0.07 0.0 255.0 15.0 0.06 0.07 0.0 0.0 1.0 1.0 0.0 0.0
0.0 0.0 0.0 0.0 0.0 0.0 0.0 0.0 0.0 0.0 0.0 0.0 0.0 0.0 0.0 138.0 9.0 1.0 1.0 0.0 0.0 0.07 0.07 0.0 255.0 9.0 0.04 0.07 0.0 0.0 1.0 1.0 0.0 0.0
0.0 0.0 0.0 0.0 0.0 0.0 0.0 0.0 0.0 0.0 0.0 0.0 0.0 0.0 0.0 147.0 18.0 1.0 1.0 0.0 0.0 0.12 0.06 0.0 255.0 18.0 0.07 0.06 0.0 0.0 1.0 1.0 0.0 0.0
0.0 0.0 0.0 0.0 0.0 0.0 0.0 0.0 0.0 0.0 0.0 0.0 0.0 0.0 0.0 103.0 3.0 1.0 1.0 0.0 0.0 0.03 0.07 0.0 255.0 3.0 0.01 0.07 0.0 0.0 1.0 1.0 0.0 0.0
0.0 0.0 0.0 0.0 0.0 0.0 0.0 0.0 0.0 0.0 0.0 0.0 0.0 0.0 0.0 116.0 1.0 1.0 1.0 0.0 0.0 0.01 0.07 0.0 255.0 1.0 0.0 0.07 0.0 0.0 1.0 1.0 0.0 0.0
0.0 0.0 0.0 0.0 0.0 0.0 0.0 0.0 0.0 0.0 0.0 0.0 0.0 0.0 0.0 125.0 10.0 1.0 1.0 0.0 0.0 0.08 0.06 0.0 255.0 10.0 0.04 0.07 0.0 0.0 1.0 1.0 0.0 0.0
0.0 0.0 0.0 0.0 0.0 0.0 0.0 0.0 0.0 0.0 0.0 0.0 0.0 0.0 0.0 134.0 18.0 1.0 1.0 0.0 0.0 0.13 0.06 0.0 255.0 18.0 0.07 0.06 0.0 0.0 1.0 1.0 0.0 0.0
0.0 0.0 0.0 0.0 0.0 0.0 0.0 0.0 0.0 0.0 0.0 0.0 0.0 0.0 0.0 143.0 14.0 1.0 1.0 0.0 0.0 0.1 0.06 0.0 255.0 14.0 0.05 0.06 0.0 0.0 1.0 1.0 0.0 0.0
0.0 0.0 0.0 0.0 0.0 0.0 0.0 0.0 0.0 0.0 0.0 0.0 0.0 0.0 0.0 102.0 2.0 1.0 1.0 0.0 0.0 0.02 0.07 0.0 255.0 2.0 0.01 0.06 0.0 0.0 1.0 1.0 0.0 0.0
0.0 0.0 0.0 0.0 0.0 0.0 0.0 0.0 0.0 0.0 0.0 0.0 0.0 0.0 0.0 111.0 4.0 1.0 1.0 0.0 0.0 0.04 0.08 0.0 255.0 4.0 0.02 0.07 0.0 0.0 1.0 1.0 0.0 0.0
0.0 0.0 0.0 0.0 0.0 0.0 0.0 0.0 0.0 0.0 0.0 0.0 0.0 0.0 0.0 120.0 13.0 1.0 1.0 0.0 0.0 0.11 0.08 0.0 255.0 13.0 0.05 0.07 0.0 0.0 1.0 1.0 0.0 0.0
0.0 0.0 0.0 0.0 0.0 0.0 0.0 0.0 0.0 0.0 0.0 0.0 0.0 0.0 0.0 129.0 3.0 1.0 1.0 0.0 0.0 0.02 0.07 0.0 255.0 3.0 0.01 0.07 0.0 0.0 1.0 1.0 0.0 0.0
0.0 0.0 0.0 0.0 0.0 0.0 0.0 0.0 0.0 0.0 0.0 0.0 0.0 0.0 0.0 138.0 12.0 1.0 1.0 0.0 0.0 0.09 0.07 0.0 255.0 12.0 0.05 0.07 0.0 0.0 1.0 1.0 0.0 0.0
0.0 0.0 0.0 0.0 0.0 0.0 0.0 0.0 0.0 0.0 0.0 0.0 0.0 0.0 0.0 147.0 18.0 1.0 1.0 0.0 0.0 0.12 0.06 0.0 255.0 18.0 0.07 0.06 0.0 0.0 1.0 1.0 0.0 0.0
0.0 0.0 0.0 0.0 0.0 0.0 0.0 0.0 0.0 0.0 0.0 0.0 0.0 0.0 0.0 113.0 11.0 1.0 1.0 0.0 0.0 0.1 0.07 0.0 255.0 11.0 0.04 0.07 0.0 0.0 1.0 1.0 0.0 0.0
0.0 0.0 0.0 0.0 0.0 0.0 0.0 0.0 0.0 0.0 0.0 0.0 0.0 0.0 0.0 116.0 1.0 1.0 1.0 0.0 0.0 0.01 0.07 0.0 255.0 1.0 0.0 0.07 0.0 0.0 1.0 1.0 0.0 0.0
0.0 0.0 0.0 0.0 0.0 0.0 0.0 0.0 0.0 0.0 0.0 0.0 0.0 0.0 0.0 125.0 7.0 1.0 1.0 0.0 0.0 0.06 0.06 0.0 255.0 7.0 0.03 0.07 0.0 0.0 1.0 1.0 0.0 0.0
0.0 0.0 0.0 0.0 0.0 0.0 0.0 0.0 0.0 0.0 0.0 0.0 0.0 0.0 0.0 134.0 17.0 1.0 1.0 0.0 0.0 0.13 0.06 0.0 255.0 17.0 0.07 0.06 0.0 0.0 1.0 1.0 0.0 0.0
0.0 0.0 0.0 0.0 0.0 0.0 0.0 0.0 0.0 0.0 0.0 0.0 0.0 0.0 0.0 143.0 13.0 1.0 1.0 0.0 0.0 0.09 0.06 0.0 255.0 13.0 0.05 0.06 0.0 0.0 1.0 1.0 0.0 0.0
0.0 0.0 0.0 0.0 0.0 0.0 0.0 0.0 0.0 0.0 0.0 0.0 0.0 0.0 0.0 102.0 2.0 1.0 1.0 0.0 0.0 0.02 0.07 0.0 255.0 2.0 0.01 0.07 0.0 0.0 1.0 1.0 0.0 0.0
0.0 0.0 0.0 0.0 0.0 0.0 0.0 0.0 0.0 0.0 0.0 0.0 0.0 0.0 0.0 111.0 11.0 1.0 1.0 0.0 0.0 0.1 0.06 0.0 255.0 11.0 0.04 0.07 0.0 0.0 1.0 1.0 0.0 0.0
0.0 0.0 0.0 0.0 0.0 0.0 0.0 0.0 0.0 0.0 0.0 0.0 0.0 0.0 0.0 120.0 1.0 1.0 1.0 0.0 0.0 0.01 0.07 0.0 255.0 1.0 0.0 0.07 0.0 0.0 1.0 1.0 0.0 0.0
0.0 0.0 0.0 0.0 0.0 0.0 0.0 0.0 0.0 0.0 0.0 0.0 0.0 0.0 0.0 129.0 10.0 1.0 1.0 0.0 0.0 0.08 0.06 0.0 255.0 10.0 0.04 0.07 0.0 0.0 1.0 1.0 0.0 0.0
0.0 0.0 0.0 0.0 0.0 0.0 0.0 0.0 0.0 0.0 0.0 0.0 0.0 0.0 0.0 138.0 17.0 1.0 1.0 0.0 0.0 0.12 0.06 0.0 255.0 17.0 0.07 0.07 0.0 0.0 1.0 1.0 0.0 0.0
0.0 0.0 0.0 0.0 0.0 0.0 0.0 0.0 0.0 0.0 0.0 0.0 0.0 0.0 0.0 97.0 4.0 1.0 1.0 0.0 0.0 0.04 0.06 0.0 255.0 4.0 0.02 0.07 0.0 0.0 1.0 1.0 0.0 0.0
0.0 0.0 0.0 0.0 0.0 0.0 0.0 0.0 0.0 0.0 0.0 0.0 0.0 0.0 0.0 123.0 3.0 1.0 1.0 0.0 0.0 0.02 0.07 0.0 255.0 3.0 0.01 0.07 0.0 0.0 1.0 1.0 0.0 0.0
0.0 0.0 0.0 0.0 0.0 0.0 0.0 0.0 0.0 0.0 0.0 0.0 0.0 0.0 0.0 116.0 14.0 1.0 1.0 0.0 0.0 0.12 0.07 0.0 255.0 14.0 0.05 0.07 0.0 0.0 1.0 1.0 0.0 0.0
0.0 0.0 0.0 0.0 0.0 0.0 0.0 0.0 0.0 0.0 0.0 0.0 0.0 0.0 0.0 125.0 4.0 1.0 1.0 0.0 0.0 0.03 0.06 0.0 255.0 4.0 0.02 0.07 0.0 0.0 1.0 1.0 0.0 0.0
0.0 0.0 0.0 0.0 0.0 0.0 0.0 0.0 0.0 0.0 0.0 0.0 0.0 0.0 0.0 134.0 13.0 1.0 1.0 0.0 0.0 0.1 0.06 0.0 255.0 13.0 0.05 0.06 0.0 0.0 1.0 1.0 0.0 0.0
0.0 0.0 0.0 0.0 0.0 0.0 0.0 0.0 0.0 0.0 0.0 0.0 0.0 0.0 0.0 143.0 9.0 1.0 1.0 0.0 0.0 0.06 0.06 0.0 255.0 9.0 0.04 0.06 0.0 0.0 1.0 1.0 0.0 0.0
0.0 0.0 0.0 0.0 0.0 0.0 0.0 0.0 0.0 0.0 0.0 0.0 0.0 0.0 0.0 102.0 9.0 1.0 1.0 0.0 0.0 0.09 0.07 0.0 255.0 9.0 0.04 0.07 0.0 0.0 1.0 1.0 0.0 0.0
0.0 0.0 0.0 0.0 0.0 0.0 0.0 0.0 0.0 0.0 0.0 0.0 0.0 0.0 0.0 111.0 18.0 1.0 1.0 0.0 0.0 0.16 0.06 0.0 255.0 18.0 0.07 0.07 0.0 0.0 1.0 1.0 0.0 0.0
0.0 0.0 0.0 0.0 0.0 0.0 0.0 0.0 0.0 0.0 0.0 0.0 0.0 0.0 0.0 120.0 9.0 1.0 1.0 0.0 0.0 0.08 0.07 0.0 255.0 9.0 0.04 0.07 0.0 0.0 1.0 1.0 0.0 0.0
0.0 0.0 0.0 0.0 0.0 0.0 0.0 0.0 0.0 0.0 0.0 0.0 0.0 0.0 0.0 129.0 18.0 1.0 1.0 0.0 0.0 0.14 0.06 0.0 255.0 18.0 0.07 0.07 0.0 0.0 1.0 1.0 0.0 0.0
0.0 0.0 0.0 0.0 0.0 0.0 0.0 0.0 0.0 0.0 0.0 0.0 0.0 0.0 0.0 138.0 16.0 1.0 1.0 0.0 0.0 0.12 0.06 0.0 255.0 16.0 0.06 0.06 0.0 0.0 1.0 1.0 0.0 0.0
0.0 0.0 0.0 0.0 0.0 0.0 0.0 0.0 0.0 0.0 0.0 0.0 0.0 0.0 0.0 104.0 4.0 1.0 1.0 0.0 0.0 0.04 0.07 0.0 255.0 4.0 0.02 0.07 0.0 0.0 1.0 1.0 0.0 0.0
0.0 0.0 0.0 0.0 0.0 0.0 0.0 0.0 0.0 0.0 0.0 0.0 0.0 0.0 0.0 133.0 13.0 1.0 1.0 0.0 0.0 0.1 0.07 0.0 255.0 13.0 0.05 0.07 0.0 0.0 1.0 1.0 0.0 0.0
0.0 0.0 0.0 0.0 0.0 0.0 0.0 0.0 0.0 0.0 0.0 0.0 0.0 0.0 0.0 123.0 13.0 1.0 1.0 0.0 0.0 0.11 0.07 0.0 255.0 13.0 0.05 0.07 0.0 0.0 1.0 1.0 0.0 0.0
0.0 0.0 0.0 0.0 0.0 0.0 0.0 0.0 0.0 0.0 0.0 0.0 0.0 0.0 0.0 132.0 3.0 1.0 1.0 0.0 0.0 0.02 0.07 0.0 255.0 3.0 0.01 0.07 0.0 0.0 1.0 1.0 0.0 0.0
0.0 0.0 0.0 0.0 0.0 0.0 0.0 0.0 0.0 0.0 0.0 0.0 0.0 0.0 0.0 141.0 12.0 1.0 1.0 0.0 0.0 0.09 0.06 0.0 255.0 12.0 0.05 0.06 0.0 0.0 1.0 1.0 0.0 0.0
0.0 0.0 0.0 0.0 0.0 0.0 0.0 0.0 0.0 0.0 0.0 0.0 0.0 0.0 0.0 150.0 9.0 1.0 1.0 0.0 0.0 0.06 0.06 0.0 255.0 9.0 0.04 0.06 0.0 0.0 1.0 1.0 0.0 0.0
0.0 0.0 0.0 0.0 0.0 0.0 0.0 0.0 0.0 0.0 0.0 0.0 0.0 0.0 0.0 109.0 9.0 1.0 1.0 0.0 0.0 0.08 0.06 0.0 255.0 9.0 0.04 0.06 0.0 0.0 1.0 1.0 0.0 0.0
0.0 0.0 0.0 0.0 0.0 0.0 0.0 0.0 0.0 0.0 0.0 0.0 0.0 0.0 0.0 118.0 18.0 1.0 1.0 0.0 0.0 0.15 0.06 0.0 255.0 18.0 0.07 0.07 0.0 0.0 1.0 1.0 0.0 0.0
0.0 0.0 0.0 0.0 0.0 0.0 0.0 0.0 0.0 0.0 0.0 0.0 0.0 0.0 0.0 127.0 9.0 1.0 1.0 0.0 0.0 0.07 0.06 0.0 255.0 9.0 0.04 0.07 0.0 0.0 1.0 1.0 0.0 0.0
0.0 0.0 0.0 0.0 0.0 0.0 0.0 0.0 0.0 0.0 0.0 0.0 0.0 0.0 0.0 136.0 18.0 1.0 1.0 0.0 0.0 0.13 0.06 0.0 255.0 18.0 0.07 0.07 0.0 0.0 1.0 1.0 0.0 0.0
0.0 0.0 0.0 0.0 0.0 0.0 0.0 0.0 0.0 0.0 0.0 0.0 0.0 0.0 0.0 145.0 16.0 1.0 1.0 0.0 0.0 0.11 0.06 0.0 255.0 16.0 0.06 0.06 0.0 0.0 1.0 1.0 0.0 0.0
0.0 0.0 0.0 0.0 0.0 0.0 0.0 0.0 0.0 0.0 0.0 0.0 0.0 0.0 0.0 104.0 1.0 1.0 1.0 0.0 0.0 0.01 0.08 0.0 255.0 1.0 0.0 0.07 0.0 0.0 1.0 1.0 0.0 0.0
0.0 0.0 0.0 0.0 0.0 0.0 0.0 0.0 0.0 0.0 0.0 0.0 0.0 0.0 0.0 143.0 18.0 1.0 1.0 0.0 0.0 0.13 0.06 0.0 255.0 6.0 0.02 0.07 0.0 0.0 1.0 1.0 0.0 0.0
