0.0 788.0 330.0 0.0 0.0 0.0 0.0 0.0 0.0 0.0 0.0 0.0 0.0 0.0 0.0 1.0 4.0 0.0 0.0 0.0 0.0 1.0 0.0 1.0 102.0 199.0 0.8 0.04 0.01 0.01 0.0 0.0 0.0 0.0
0.0 29.0 0.0 0.0 0.0 0.0 0.0 0.0 0.0 0.0 0.0 0.0 0.0 0.0 0.0 1.0 4.0 0.0 0.0 0.0 0.0 1.0 0.0 0.75 112.0 36.0 0.13 0.04 0.13 0.06 0.0 0.0 0.0 0.0
0.0 573.0 329.0 0.0 0.0 0.0 0.0 0.0 0.0 0.0 0.0 0.0 0.0 0.0 0.0 1.0 1.0 0.0 0.0 0.0 0.0 1.0 0.0 0.0 122.0 196.0 0.79 0.03 0.01 0.01 0.0 0.0 0.0 0.0
1.0 737.0 330.0 0.0 0.0 0.0 0.0 0.0 0.0 0.0 0.0 0.0 0.0 0.0 0.0 1.0 4.0 0.0 0.0 0.0 0.0 1.0 0.0 1.0 132.0 195.0 0.77 0.03 0.01 0.01 0.0 0.0 0.0 0.0
0.0 10.0 37.0 0.0 0.0 0.0 0.0 0.0 0.0 0.0 0.0 0.0 0.0 0.0 0.0 2.0 1.0 0.0 0.0 0.0 0.0 0.5 1.0 0.0 142.0 13.0 0.05 0.03 0.01 0.15 0.0 0.0 0.0 0.0
0.0 1288.0 327.0 0.0 0.0 0.0 0.0 0.0 0.0 0.0 0.0 0.0 0.0 0.0 0.0 1.0 2.0 0.0 0.0 0.0 0.0 1.0 0.0 1.0 152.0 193.0 0.76 0.03 0.01 0.01 0.0 0.0 0.0 0.0
0.0 7.0 222.0 0.0 0.0 0.0 0.0 0.0 0.0 0.0 0.0 0.0 0.0 0.0 0.0 1.0 1.0 0.0 0.0 0.0 0.0 1.0 0.0 0.0 162.0 14.0 0.06 0.02 0.01 0.14 0.0 0.0 0.0 0.0
0.0 818.0 364.0 0.0 0.0 0.0 0.0 0.0 0.0 0.0 0.0 0.0 0.0 0.0 0.0 1.0 1.0 0.0 0.0 0.0 0.0 1.0 0.0 0.0 172.0 193.0 0.76 0.02 0.01 0.01 0.0 0.0 0.0 0.0
0.0 891.0 329.0 0.0 0.0 0.0 0.0 0.0 0.0 0.0 0.0 0.0 0.0 0.0 0.0 1.0 1.0 0.0 0.0 0.0 0.0 1.0 0.0 0.0 182.0 193.0 0.76 0.02 0.01 0.01 0.0 0.0 0.0 0.0
1.0 1600.0 330.0 0.0 0.0 0.0 0.0 0.0 0.0 0.0 0.0 0.0 0.0 0.0 0.0 1.0 2.0 0.0 0.0 0.0 0.0 1.0 0.0 1.0 192.0 190.0 0.75 0.02 0.01 0.01 0.0 0.0 0.0 0.0
1.0 2001.0 326.0 0.0 0.0 0.0 0.0 0.0 0.0 0.0 0.0 0.0 0.0 0.0 0.0 1.0 3.0 0.0 0.0 0.0 0.0 1.0 0.0 1.0 202.0 190.0 0.75 0.02 0.0 0.01 0.0 0.0 0.0 0.0
0.0 1180.0 331.0 0.0 0.0 0.0 0.0 0.0 0.0 0.0 0.0 0.0 0.0 0.0 0.0 1.0 1.0 0.0 0.0 0.0 0.0 1.0 0.0 0.0 212.0 191.0 0.75 0.02 0.0 0.01 0.0 0.0 0.0 0.0
1.0 977.0 326.0 0.0 0.0 0.0 0.0 0.0 0.0 0.0 0.0 0.0 0.0 0.0 0.0 1.0 3.0 0.0 0.0 0.0 0.0 1.0 0.0 1.0 222.0 190.0 0.75 0.02 0.0 0.01 0.0 0.0 0.0 0.0
0.0 1026.0 328.0 0.0 0.0 0.0 0.0 0.0 0.0 0.0 0.0 0.0 0.0 0.0 0.0 2.0 1.0 0.0 0.0 0.0 0.0 0.5 1.0 0.0 232.0 192.0 0.75 0.02 0.0 0.01 0.0 0.0 0.0 0.0
0.0 2452.0 329.0 0.0 0.0 0.0 0.0 0.0 0.0 0.0 0.0 0.0 0.0 0.0 0.0 1.0 1.0 0.0 0.0 0.0 0.0 1.0 0.0 0.0 242.0 190.0 0.74 0.02 0.0 0.01 0.0 0.0 0.0 0.0
0.0 743.0 327.0 0.0 0.0 0.0 0.0 0.0 0.0 0.0 0.0 0.0 0.0 0.0 0.0 2.0 2.0 0.0 0.0 0.0 0.0 0.5 1.0 1.0 252.0 186.0 0.73 0.02 0.0 0.01 0.0 0.0 0.0 0.0
0.0 8.0 364.0 0.0 0.0 0.0 0.0 0.0 0.0 0.0 0.0 0.0 0.0 0.0 0.0 1.0 1.0 0.0 0.0 0.0 0.0 1.0 0.0 0.0 255.0 16.0 0.06 0.02 0.0 0.0 0.0 0.0 0.0 0.0
0.0 698.0 327.0 0.0 0.0 0.0 0.0 0.0 0.0 0.0 0.0 0.0 0.0 0.0 0.0 1.0 4.0 0.0 0.0 0.0 0.0 1.0 0.0 1.0 255.0 183.0 0.72 0.02 0.0 0.0 0.0 0.0 0.0 0.0
1.0 1422.0 331.0 0.0 0.0 0.0 0.0 0.0 0.0 0.0 0.0 0.0 0.0 0.0 0.0 1.0 4.0 0.0 0.0 0.0 0.0 1.0 0.0 1.0 255.0 180.0 0.71 0.02 0.0 0.0 0.0 0.0 0.0 0.0
0.0 1234.0 327.0 0.0 0.0 0.0 0.0 0.0 0.0 0.0 0.0 0.0 0.0 0.0 0.0 1.0 1.0 0.0 0.0 0.0 0.0 1.0 0.0 0.0 255.0 180.0 0.71 0.02 0.0 0.0 0.0 0.0 0.0 0.0
1.0 875.0 364.0 0.0 0.0 0.0 0.0 0.0 0.0 0.0 0.0 0.0 0.0 0.0 0.0 1.0 3.0 0.0 0.0 0.0 0.0 1.0 0.0 1.0 255.0 182.0 0.71 0.02 0.0 0.0 0.0 0.0 0.0 0.0
1.0 1074.0 334.0 0.0 0.0 0.0 0.0 0.0 0.0 0.0 0.0 0.0 0.0 0.0 0.0 1.0 2.0 0.0 0.0 0.0 0.0 1.0 0.0 1.0 9.0 181.0 0.67 0.44 0.11 0.01 0.0 0.0 0.0 0.0
0.0 1579.0 339.0 0.0 0.0 0.0 0.0 0.0 0.0 0.0 0.0 0.0 0.0 0.0 0.0 1.0 1.0 0.0 0.0 0.0 0.0 1.0 0.0 0.0 19.0 179.0 0.74 0.21 0.05 0.01 0.0 0.0 0.0 0.0
0.0 638.0 333.0 0.0 0.0 0.0 0.0 0.0 0.0 0.0 0.0 0.0 0.0 0.0 0.0 1.0 1.0 0.0 0.0 0.0 0.0 1.0 0.0 0.0 29.0 178.0 0.69 0.14 0.03 0.01 0.0 0.0 0.0 0.0
0.0 36.0 0.0 0.0 0.0 0.0 0.0 0.0 0.0 0.0 0.0 0.0 0.0 0.0 0.0 2.0 4.0 0.0 0.0 0.0 0.0 1.0 0.0 0.5 39.0 46.0 0.23 0.1 0.23 0.04 0.0 0.0 0.0 0.0
0.0 1981.0 331.0 0.0 0.0 0.0 0.0 0.0 0.0 0.0 0.0 0.0 0.0 0.0 0.0 1.0 1.0 0.0 0.0 0.0 0.0 1.0 0.0 0.0 49.0 174.0 0.67 0.08 0.02 0.01 0.0 0.0 0.0 0.0
1.0 1403.0 337.0 0.0 0.0 0.0 0.0 0.0 0.0 0.0 0.0 0.0 0.0 0.0 0.0 1.0 1.0 0.0 0.0 0.0 0.0 1.0 0.0 0.0 59.0 177.0 0.71 0.07 0.02 0.01 0.0 0.0 0.0 0.0
1.0 1820.0 337.0 0.0 0.0 0.0 0.0 0.0 0.0 0.0 0.0 0.0 0.0 0.0 0.0 1.0 3.0 0.0 0.0 0.0 0.0 1.0 0.0 1.0 69.0 177.0 0.72 0.06 0.01 0.01 0.0 0.0 0.0 0.0
1.0 949.0 373.0 0.0 0.0 0.0 0.0 0.0 0.0 0.0 0.0 0.0 0.0 0.0 0.0 1.0 2.0 0.0 0.0 0.0 0.0 1.0 0.0 1.0 79.0 176.0 0.71 0.05 0.01 0.01 0.0 0.0 0.0 0.0
0.0 1567.0 337.0 0.0 0.0 0.0 0.0 0.0 0.0 0.0 0.0 0.0 0.0 0.0 0.0 2.0 1.0 0.0 0.0 0.0 0.0 0.5 1.0 0.0 89.0 179.0 0.73 0.04 0.01 0.01 0.0 0.0 0.0 0.0
0.0 1877.0 336.0 0.0 0.0 0.0 0.0 0.0 0.0 0.0 0.0 0.0 0.0 0.0 0.0 1.0 1.0 0.0 0.0 0.0 0.0 1.0 0.0 0.0 99.0 181.0 0.74 0.04 0.01 0.01 0.0 0.0 0.0 0.0
0.0 31.0 0.0 0.0 0.0 0.0 0.0 0.0 0.0 0.0 0.0 0.0 0.0 0.0 0.0 1.0 3.0 0.0 0.0 0.0 0.0 1.0 0.0 1.0 109.0 48.0 0.19 0.04 0.19 0.04 0.0 0.0 0.0 0.0
0.0 9.0 38.0 0.0 0.0 0.0 0.0 0.0 0.0 0.0 0.0 0.0 0.0 0.0 0.0 2.0 1.0 0.0 0.0 0.0 0.0 0.5 1.0 0.0 119.0 12.0 0.04 0.03 0.01 0.17 0.0 0.0 0.0 0.0
0.0 10.0 38.0 0.0 0.0 0.0 0.0 0.0 0.0 0.0 0.0 0.0 0.0 0.0 0.0 2.0 1.0 0.0 0.0 0.0 0.0 0.5 1.0 0.0 129.0 14.0 0.05 0.03 0.01 0.14 0.0 0.0 0.0 0.0
0.0 31.0 0.0 0.0 0.0 0.0 0.0 0.0 0.0 0.0 0.0 0.0 0.0 0.0 0.0 1.0 6.0 0.0 0.0 0.0 0.0 1.0 0.0 0.67 139.0 48.0 0.18 0.03 0.18 0.04 0.0 0.0 0.0 0.0
1.0 2004.0 332.0 0.0 0.0 0.0 0.0 0.0 0.0 0.0 0.0 0.0 0.0 0.0 0.0 1.0 3.0 0.0 0.0 0.0 0.0 1.0 0.0 1.0 149.0 179.0 0.72 0.03 0.01 0.01 0.0 0.0 0.0 0.0
0.0 758.0 338.0 0.0 0.0 0.0 0.0 0.0 0.0 0.0 0.0 0.0 0.0 0.0 0.0 1.0 1.0 0.0 0.0 0.0 0.0 1.0 0.0 0.0 159.0 182.0 0.74 0.03 0.01 0.01 0.0 0.0 0.0 0.0
1.0 1134.0 334.0 0.0 0.0 0.0 0.0 0.0 0.0 0.0 0.0 0.0 0.0 0.0 0.0 1.0 3.0 0.0 0.0 0.0 0.0 1.0 0.0 1.0 169.0 180.0 0.73 0.02 0.01 0.01 0.0 0.0 0.0 0.0
0.0 36.0 0.0 0.0 0.0 0.0 0.0 0.0 0.0 0.0 0.0 0.0 0.0 0.0 0.0 1.0 3.0 0.0 0.0 0.0 0.0 1.0 0.0 0.67 179.0 51.0 0.19 0.02 0.19 0.04 0.0 0.0 0.0 0.0
0.0 31.0 0.0 0.0 0.0 0.0 0.0 0.0 0.0 0.0 0.0 0.0 0.0 0.0 0.0 1.0 6.0 0.0 0.0 0.0 0.0 1.0 0.0 0.67 189.0 55.0 0.21 0.02 0.21 0.04 0.0 0.0 0.0 0.0
1.0 1523.0 286.0 0.0 0.0 0.0 0.0 0.0 0.0 0.0 0.0 0.0 0.0 0.0 0.0 1.0 1.0 0.0 0.0 0.0 0.0 1.0 0.0 0.0 199.0 177.0 0.7 0.02 0.01 0.01 0.0 0.0 0.0 0.0
1.0 846.0 339.0 0.0 0.0 0.0 0.0 0.0 0.0 0.0 0.0 0.0 0.0 0.0 0.0 1.0 3.0 0.0 0.0 0.0 0.0 1.0 0.0 1.0 209.0 183.0 0.71 0.02 0.0 0.01 0.0 0.0 0.0 0.0
0.0 1760.0 333.0 0.0 0.0 0.0 0.0 0.0 0.0 0.0 0.0 0.0 0.0 0.0 0.0 1.0 2.0 0.0 0.0 0.0 0.0 1.0 0.0 1.0 10.0 180.0 0.5 0.3 0.1 0.02 0.0 0.0 0.0 0.0
1.0 1368.0 327.0 0.0 0.0 0.0 0.0 0.0 0.0 0.0 0.0 0.0 0.0 0.0 0.0 1.0 3.0 0.0 0.0 0.0 0.0 1.0 0.0 1.0 20.0 182.0 0.6 0.15 0.05 0.02 0.0 0.0 0.0 0.0
0.0 652.0 330.0 0.0 0.0 0.0 0.0 0.0 0.0 0.0 0.0 0.0 0.0 0.0 0.0 1.0 1.0 0.0 0.0 0.0 0.0 1.0 0.0 0.0 30.0 181.0 0.6 0.13 0.03 0.02 0.0 0.0 0.0 0.0
0.0 973.0 331.0 0.0 0.0 0.0 0.0 0.0 0.0 0.0 0.0 0.0 0.0 0.0 0.0 1.0 1.0 0.0 0.0 0.0 0.0 1.0 0.0 0.0 40.0 177.0 0.57 0.1 0.03 0.02 0.0 0.0 0.0 0.0
0.0 833.0 331.0 0.0 0.0 0.0 0.0 0.0 0.0 0.0 0.0 0.0 0.0 0.0 0.0 1.0 1.0 0.0 0.0 0.0 0.0 1.0 0.0 0.0 50.0 174.0 0.58 0.08 0.02 0.01 0.0 0.0 0.0 0.0
1.0 1389.0 331.0 0.0 0.0 0.0 0.0 0.0 0.0 0.0 0.0 0.0 0.0 0.0 0.0 1.0 3.0 0.0 0.0 0.0 0.0 1.0 0.0 1.0 60.0 175.0 0.62 0.07 0.02 0.01 0.0 0.0 0.0 0.0
1.0 790.0 333.0 0.0 0.0 0.0 0.0 0.0 0.0 0.0 0.0 0.0 0.0 0.0 0.0 1.0 1.0 0.0 0.0 0.0 0.0 1.0 0.0 0.0 70.0 178.0 0.66 0.06 0.01 0.01 0.0 0.0 0.0 0.0
0.0 32.0 0.0 0.0 0.0 0.0 0.0 0.0 0.0 0.0 0.0 0.0 0.0 0.0 0.0 1.0 2.0 0.0 0.0 0.0 0.0 1.0 0.0 1.0 80.0 53.0 0.21 0.05 0.21 0.04 0.0 0.0 0.0 0.0
0.0 835.0 333.0 0.0 0.0 0.0 0.0 0.0 0.0 0.0 0.0 0.0 0.0 0.0 0.0 3.0 2.0 0.0 0.0 0.0 0.0 0.33 1.0 1.0 90.0 178.0 0.64 0.04 0.01 0.01 0.0 0.0 0.0 0.0
0.0 32.0 0.0 0.0 0.0 0.0 0.0 0.0 0.0 0.0 0.0 0.0 0.0 0.0 0.0 1.0 4.0 0.0 0.0 0.0 0.0 1.0 0.0 0.75 100.0 52.0 0.2 0.04 0.2 0.04 0.0 0.0 0.0 0.0
0.0 551.0 328.0 0.0 0.0 0.0 0.0 0.0 0.0 0.0 0.0 0.0 0.0 0.0 0.0 1.0 1.0 0.0 0.0 0.0 0.0 1.0 0.0 0.0 110.0 179.0 0.69 0.04 0.01 0.01 0.0 0.0 0.0 0.0
0.0 32.0 0.0 0.0 0.0 0.0 0.0 0.0 0.0 0.0 0.0 0.0 0.0 0.0 0.0 1.0 4.0 0.0 0.0 0.0 0.0 1.0 0.0 0.75 120.0 49.0 0.18 0.03 0.18 0.04 0.0 0.0 0.0 0.0
0.0 1299.0 328.0 0.0 0.0 0.0 0.0 0.0 0.0 0.0 0.0 0.0 0.0 0.0 0.0 1.0 1.0 0.0 0.0 0.0 0.0 1.0 0.0 0.0 130.0 180.0 0.7 0.03 0.01 0.01 0.0 0.0 0.0 0.0
1.0 1277.0 328.0 0.0 0.0 0.0 0.0 0.0 0.0 0.0 0.0 0.0 0.0 2.0 0.0 1.0 2.0 0.0 0.0 0.0 0.0 1.0 0.0 1.0 140.0 179.0 0.7 0.03 0.01 0.01 0.0 0.0 0.0 0.0
0.0 891.0 335.0 0.0 0.0 0.0 0.0 0.0 0.0 0.0 0.0 0.0 0.0 0.0 0.0 1.0 1.0 0.0 0.0 0.0 0.0 1.0 0.0 0.0 150.0 177.0 0.71 0.03 0.01 0.01 0.0 0.0 0.0 0.0
0.0 718.0 334.0 0.0 0.0 0.0 0.0 0.0 0.0 0.0 0.0 0.0 0.0 0.0 0.0 1.0 4.0 0.0 0.0 0.0 0.0 1.0 0.0 0.75 160.0 179.0 0.71 0.03 0.01 0.01 0.0 0.0 0.0 0.0
0.0 1498.0 333.0 0.0 0.0 0.0 0.0 0.0 0.0 0.0 0.0 0.0 0.0 0.0 0.0 1.0 2.0 0.0 0.0 0.0 0.0 1.0 0.0 1.0 170.0 181.0 0.71 0.02 0.01 0.01 0.0 0.0 0.0 0.0
0.0 678.0 278.0 0.0 0.0 0.0 0.0 0.0 0.0 0.0 0.0 0.0 0.0 0.0 0.0 1.0 1.0 0.0 0.0 0.0 0.0 1.0 0.0 0.0 180.0 181.0 0.71 0.02 0.01 0.01 0.0 0.0 0.0 0.0
0.0 1285.0 327.0 0.0 0.0 0.0 0.0 0.0 0.0 0.0 0.0 0.0 0.0 0.0 0.0 1.0 1.0 0.0 0.0 0.0 0.0 1.0 0.0 0.0 190.0 176.0 0.69 0.02 0.01 0.01 0.0 0.0 0.0 0.0
0.0 1497.0 332.0 0.0 0.0 0.0 0.0 0.0 0.0 0.0 0.0 0.0 0.0 0.0 0.0 2.0 1.0 0.0 0.0 0.0 0.0 0.5 1.0 0.0 200.0 174.0 0.69 0.02 0.0 0.01 0.0 0.0 0.0 0.0
0.0 658.0 284.0 0.0 0.0 0.0 0.0 0.0 0.0 0.0 0.0 0.0 0.0 0.0 0.0 1.0 1.0 0.0 0.0 0.0 0.0 1.0 0.0 0.0 210.0 176.0 0.7 0.02 0.0 0.01 0.0 0.0 0.0 0.0
0.0 34.0 0.0 0.0 0.0 0.0 0.0 0.0 0.0 0.0 0.0 0.0 0.0 0.0 0.0 1.0 2.0 0.0 0.0 0.0 0.0 1.0 0.0 1.0 220.0 48.0 0.17 0.02 0.17 0.04 0.0 0.0 0.0 0.0
0.0 9.0 34.0 0.0 0.0 0.0 0.0 0.0 0.0 0.0 0.0 0.0 0.0 0.0 0.0 2.0 1.0 0.0 0.0 0.0 0.0 0.5 1.0 0.0 230.0 22.0 0.1 0.02 0.0 0.0 0.0 0.0 0.0 0.0
0.0 34.0 0.0 0.0 0.0 0.0 0.0 0.0 0.0 0.0 0.0 0.0 0.0 0.0 0.0 1.0 2.0 0.0 0.0 0.0 0.0 1.0 0.0 1.0 240.0 48.0 0.19 0.02 0.19 0.04 0.0 0.0 0.0 0.0
0.0 975.0 334.0 0.0 0.0 0.0 0.0 0.0 0.0 0.0 0.0 0.0 0.0 0.0 0.0 1.0 2.0 0.0 0.0 0.0 0.0 1.0 0.0 1.0 250.0 175.0 0.68 0.02 0.0 0.01 0.0 0.0 0.0 0.0
0.0 888.0 332.0 0.0 0.0 0.0 0.0 0.0 0.0 0.0 0.0 0.0 0.0 0.0 0.0 1.0 1.0 0.0 0.0 0.0 0.0 1.0 0.0 0.0 1.0 177.0 1.0 0.0 1.0 0.01 0.0 0.0 0.0 0.0
0.0 1384.0 338.0 0.0 0.0 0.0 0.0 0.0 0.0 0.0 0.0 0.0 0.0 0.0 0.0 1.0 1.0 0.0 0.0 0.0 0.0 1.0 0.0 0.0 11.0 173.0 0.45 0.27 0.09 0.01 0.0 0.0 0.0 0.0
20.0 233.0 766.0 0.0 0.0 4.0 0.0 0.0 0.0 0.0 0.0 0.0 0.0 0.0 0.0 1.0 1.0 0.0 0.0 0.0 0.0 1.0 0.0 0.0 21.0 3.0 0.14 0.19 0.05 0.0 0.0 0.0 0.0 0.0
0.0 32.0 0.0 0.0 0.0 0.0 0.0 0.0 0.0 0.0 0.0 0.0 0.0 0.0 0.0 1.0 2.0 0.0 0.0 0.0 0.0 1.0 0.0 1.0 31.0 42.0 0.13 0.13 0.13 0.05 0.0 0.0 0.0 0.0
20.0 230.0 768.0 0.0 0.0 4.0 0.0 0.0 0.0 0.0 0.0 0.0 0.0 0.0 0.0 1.0 1.0 0.0 0.0 0.0 0.0 1.0 0.0 0.0 41.0 13.0 0.32 0.1 0.02 0.0 0.0 0.0 0.0 0.0
1.0 1037.0 333.0 0.0 0.0 0.0 0.0 0.0 0.0 0.0 0.0 0.0 0.0 0.0 0.0 1.0 2.0 0.0 0.0 0.0 0.0 1.0 0.0 1.0 51.0 167.0 0.45 0.08 0.02 0.01 0.0 0.0 0.0 0.0
27.0 1086.0 3081.0 0.0 0.0 22.0 0.0 0.0 0.0 0.0 0.0 0.0 0.0 0.0 0.0 1.0 1.0 0.0 0.0 0.0 0.0 1.0 0.0 0.0 61.0 18.0 0.3 0.07 0.02 0.0 0.0 0.0 0.0 0.0
0.0 1308.0 337.0 0.0 0.0 0.0 0.0 0.0 0.0 0.0 0.0 0.0 0.0 0.0 0.0 1.0 1.0 0.0 0.0 0.0 0.0 1.0 0.0 0.0 71.0 162.0 0.48 0.06 0.01 0.01 0.0 0.0 0.0 0.0
1.0 1947.0 333.0 0.0 0.0 0.0 0.0 0.0 0.0 0.0 0.0 0.0 0.0 0.0 0.0 1.0 2.0 0.0 0.0 0.0 0.0 1.0 0.0 1.0 81.0 163.0 0.49 0.05 0.01 0.01 0.0 0.0 0.0 0.0
0.0 29.0 0.0 0.0 0.0 0.0 0.0 0.0 0.0 0.0 0.0 0.0 0.0 0.0 0.0 1.0 2.0 0.0 0.0 0.0 0.0 1.0 0.0 1.0 91.0 42.0 0.14 0.04 0.14 0.05 0.0 0.0 0.0 0.0
0.0 1423.0 329.0 0.0 0.0 0.0 0.0 0.0 0.0 0.0 0.0 0.0 0.0 0.0 0.0 1.0 1.0 0.0 0.0 0.0 0.0 1.0 0.0 0.0 101.0 153.0 0.47 0.04 0.01 0.01 0.0 0.0 0.0 0.0
1.0 1717.0 337.0 0.0 0.0 0.0 0.0 0.0 0.0 0.0 0.0 0.0 0.0 0.0 0.0 2.0 2.0 0.0 0.0 0.0 0.0 0.5 1.0 1.0 111.0 150.0 0.48 0.05 0.01 0.01 0.0 0.0 0.0 0.0
20.0 244.0 774.0 0.0 0.0 4.0 0.0 0.0 0.0 0.0 0.0 0.0 0.0 0.0 0.0 1.0 1.0 0.0 0.0 0.0 0.0 1.0 0.0 0.0 121.0 35.0 0.29 0.04 0.01 0.0 0.0 0.0 0.0 0.0
0.0 10.0 37.0 0.0 0.0 0.0 0.0 0.0 0.0 0.0 0.0 0.0 0.0 0.0 0.0 2.0 1.0 0.0 0.0 0.0 0.0 0.5 1.0 0.0 131.0 23.0 0.08 0.04 0.01 0.09 0.0 0.0 0.0 0.0
1.0 1470.0 332.0 0.0 0.0 0.0 0.0 0.0 0.0 0.0 0.0 0.0 0.0 0.0 0.0 1.0 3.0 0.0 0.0 0.0 0.0 1.0 0.0 1.0 141.0 143.0 0.48 0.04 0.01 0.01 0.0 0.0 0.0 0.0
1.0 60.0 189.0 0.0 0.0 0.0 1.0 0.0 0.0 0.0 0.0 0.0 0.0 0.0 0.0 1.0 1.0 0.0 0.0 0.0 0.0 1.0 0.0 0.0 151.0 47.0 0.31 0.03 0.01 0.0 0.0 0.0 0.0 0.0
22.0 281.0 903.0 0.0 0.0 5.0 0.0 0.0 0.0 0.0 0.0 0.0 0.0 0.0 0.0 1.0 1.0 0.0 0.0 0.0 0.0 1.0 0.0 0.0 161.0 49.0 0.3 0.03 0.01 0.0 0.0 0.0 0.0 0.0
27.0 1201.0 3380.0 0.0 0.0 24.0 0.0 0.0 0.0 0.0 0.0 0.0 0.0 0.0 0.0 2.0 1.0 0.0 0.0 0.0 0.0 0.5 1.0 0.0 171.0 52.0 0.3 0.03 0.01 0.0 0.0 0.0 0.0 0.0
1.0 1346.0 369.0 0.0 0.0 0.0 0.0 0.0 0.0 0.0 0.0 0.0 0.0 0.0 0.0 1.0 3.0 0.0 0.0 0.0 0.0 1.0 0.0 1.0 181.0 133.0 0.47 0.03 0.01 0.02 0.0 0.0 0.0 0.0
22.0 332.0 1069.0 0.0 0.0 6.0 0.0 0.0 0.0 0.0 0.0 0.0 0.0 0.0 0.0 1.0 1.0 0.0 0.0 0.0 0.0 1.0 0.0 0.0 191.0 57.0 0.3 0.03 0.01 0.0 0.0 0.0 0.0 0.0
0.0 887.0 327.0 0.0 0.0 0.0 0.0 0.0 0.0 0.0 0.0 0.0 0.0 0.0 0.0 1.0 2.0 0.0 0.0 0.0 0.0 1.0 0.0 1.0 201.0 129.0 0.47 0.03 0.0 0.02 0.0 0.0 0.0 0.0
1.0 790.0 332.0 0.0 0.0 0.0 0.0 0.0 0.0 0.0 0.0 0.0 0.0 0.0 0.0 1.0 3.0 0.0 0.0 0.0 0.0 1.0 0.0 1.0 211.0 124.0 0.47 0.03 0.0 0.02 0.0 0.0 0.0 0.0
0.0 29.0 0.0 0.0 0.0 0.0 0.0 0.0 0.0 0.0 0.0 0.0 0.0 0.0 0.0 1.0 1.0 0.0 0.0 0.0 0.0 1.0 0.0 0.0 221.0 43.0 0.17 0.03 0.17 0.05 0.0 0.0 0.0 0.0
1.0 1490.0 333.0 0.0 0.0 0.0 0.0 0.0 0.0 0.0 0.0 0.0 0.0 0.0 0.0 1.0 3.0 0.0 0.0 0.0 0.0 1.0 0.0 1.0 231.0 122.0 0.45 0.03 0.0 0.02 0.0 0.0 0.0 0.0
27.0 710.0 2077.0 0.0 0.0 14.0 0.0 0.0 0.0 0.0 0.0 0.0 0.0 0.0 0.0 1.0 1.0 0.0 0.0 0.0 0.0 1.0 0.0 0.0 241.0 68.0 0.28 0.02 0.0 0.0 0.0 0.0 0.0 0.0
0.0 29.0 0.0 0.0 0.0 0.0 0.0 0.0 0.0 0.0 0.0 0.0 0.0 0.0 0.0 1.0 5.0 0.0 0.0 0.0 0.0 1.0 0.0 0.8 251.0 45.0 0.18 0.02 0.18 0.0 0.0 0.0 0.0 0.0
25.0 336.0 1063.0 0.0 0.0 6.0 0.0 0.0 0.0 0.0 0.0 0.0 0.0 0.0 0.0 1.0 1.0 0.0 0.0 0.0 0.0 1.0 0.0 0.0 255.0 70.0 0.27 0.02 0.0 0.0 0.0 0.0 0.0 0.0
0.0 211.0 2273.0 0.0 0.0 0.0 0.0 0.0 0.0 0.0 0.0 0.0 0.0 0.0 0.0 9.0 9.0 0.0 0.0 0.0 0.0 1.0 0.0 0.0 9.0 9.0 1.0 0.0 0.11 0.0 0.0 0.0 0.0 0.0
0.0 170.0 3308.0 0.0 0.0 0.0 0.0 0.0 0.0 0.0 0.0 0.0 0.0 0.0 0.0 1.0 1.0 0.0 0.0 0.0 0.0 1.0 0.0 0.0 1.0 19.0 1.0 0.0 1.0 0.16 0.0 0.0 0.0 0.0
0.0 276.0 6769.0 0.0 0.0 0.0 0.0 0.0 0.0 0.0 0.0 0.0 0.0 0.0 0.0 4.0 5.0 0.0 0.0 0.0 0.0 1.0 0.0 0.4 4.0 29.0 1.0 0.0 0.25 0.14 0.0 0.0 0.0 0.0
0.0 248.0 13369.0 0.0 0.0 0.0 0.0 0.0 0.0 0.0 0.0 0.0 0.0 0.0 0.0 1.0 1.0 0.0 0.0 0.0 0.0 1.0 0.0 0.0 14.0 39.0 1.0 0.0 0.07 0.1 0.0 0.0 0.0 0.0
0.0 177.0 17750.0 0.0 0.0 0.0 0.0 0.0 0.0 0.0 0.0 0.0 0.0 0.0 0.0 1.0 10.0 0.0 0.0 0.0 0.0 1.0 0.0 0.3 5.0 49.0 1.0 0.0 0.2 0.14 0.0 0.0 0.0 0.0
0.0 184.0 478.0 0.0 0.0 0.0 0.0 0.0 0.0 0.0 0.0 0.0 0.0 0.0 0.0 1.0 3.0 0.0 0.0 0.0 0.0 1.0 0.0 1.0 15.0 59.0 1.0 0.0 0.07 0.12 0.0 0.0 0.0 0.0
0.0 291.0 458.0 0.0 0.0 0.0 0.0 0.0 0.0 0.0 0.0 0.0 0.0 0.0 0.0 1.0 1.0 0.0 0.0 0.0 0.0 1.0 0.0 0.0 25.0 69.0 1.0 0.0 0.04 0.1 0.0 0.0 0.0 0.0
0.0 168.0 4555.0 0.0 0.0 0.0 0.0 0.0 0.0 0.0 0.0 0.0 0.0 0.0 0.0 1.0 1.0 0.0 0.0 0.0 0.0 1.0 0.0 0.0 1.0 79.0 1.0 0.0 1.0 0.11 0.0 0.0 0.0 0.0
0.0 204.0 3002.0 0.0 0.0 0.0 0.0 0.0 0.0 0.0 0.0 0.0 0.0 0.0 0.0 3.0 3.0 0.33 0.33 0.0 0.0 1.0 0.0 0.0 3.0 89.0 1.0 0.0 0.33 0.12 0.33 0.01 0.0 0.0
0.0 234.0 338.0 0.0 0.0 0.0 0.0 0.0 0.0 0.0 0.0 0.0 0.0 0.0 0.0 1.0 20.0 0.0 0.0 0.0 0.0 1.0 0.0 0.15 4.0 99.0 1.0 0.0 0.25 0.13 0.0 0.01 0.0 0.0
0.0 334.0 692.0 0.0 0.0 0.0 0.0 0.0 0.0 0.0 0.0 0.0 0.0 0.0 0.0 2.0 2.0 0.0 0.0 0.0 0.0 1.0 0.0 0.0 2.0 109.0 1.0 0.0 0.5 0.13 0.0 0.01 0.0 0.0
0.0 334.0 436.0 0.0 0.0 0.0 0.0 0.0 0.0 0.0 0.0 0.0 0.0 0.0 0.0 12.0 12.0 0.0 0.0 0.0 0.0 1.0 0.0 0.0 12.0 119.0 1.0 0.0 0.08 0.12 0.0 0.01 0.0 0.0
0.0 267.0 968.0 0.0 0.0 0.0 0.0 0.0 0.0 0.0 0.0 0.0 0.0 0.0 0.0 5.0 20.0 0.0 0.0 0.0 0.0 1.0 0.0 0.15 22.0 129.0 1.0 0.0 0.05 0.11 0.0 0.01 0.0 0.0
0.0 277.0 8707.0 0.0 0.0 0.0 0.0 0.0 0.0 0.0 0.0 0.0 0.0 0.0 0.0 2.0 5.0 0.0 0.0 0.0 0.0 1.0 0.0 0.6 32.0 139.0 1.0 0.0 0.03 0.1 0.0 0.01 0.0 0.0
0.0 265.0 968.0 0.0 0.0 0.0 0.0 0.0 0.0 0.0 0.0 0.0 0.0 0.0 0.0 5.0 5.0 0.0 0.0 0.0 0.0 1.0 0.0 0.0 42.0 149.0 1.0 0.0 0.05 0.09 0.0 0.01 0.0 0.0
0.0 265.0 10994.0 0.0 0.0 0.0 0.0 0.0 0.0 0.0 0.0 0.0 0.0 0.0 0.0 3.0 3.0 0.0 0.0 0.0 0.0 1.0 0.0 0.0 52.0 159.0 1.0 0.0 0.02 0.09 0.0 0.01 0.0 0.0
0.0 269.0 819.0 0.0 0.0 0.0 0.0 0.0 0.0 0.0 0.0 0.0 0.0 0.0 0.0 13.0 13.0 0.0 0.0 0.0 0.0 1.0 0.0 0.0 62.0 169.0 1.0 0.0 0.02 0.08 0.0 0.01 0.0 0.0
0.0 266.0 1660.0 0.0 0.0 0.0 0.0 0.0 0.0 0.0 0.0 0.0 0.0 0.0 0.0 3.0 3.0 0.0 0.0 0.0 0.0 1.0 0.0 0.0 72.0 179.0 1.0 0.0 0.01 0.08 0.0 0.01 0.0 0.0
0.0 335.0 638.0 0.0 0.0 0.0 0.0 0.0 0.0 0.0 0.0 0.0 0.0 0.0 0.0 1.0 1.0 0.0 0.0 0.0 0.0 1.0 0.0 0.0 82.0 189.0 1.0 0.0 0.01 0.07 0.0 0.01 0.0 0.0
0.0 343.0 837.0 0.0 0.0 0.0 0.0 0.0 0.0 0.0 0.0 0.0 0.0 0.0 0.0 11.0 11.0 0.0 0.0 0.0 0.0 1.0 0.0 0.0 92.0 199.0 1.0 0.0 0.01 0.07 0.0 0.01 0.0 0.0
0.0 337.0 1230.0 0.0 0.0 0.0 0.0 0.0 0.0 0.0 0.0 0.0 0.0 0.0 0.0 21.0 21.0 0.0 0.0 0.0 0.0 1.0 0.0 0.0 102.0 209.0 1.0 0.0 0.01 0.07 0.0 0.0 0.0 0.0
0.0 376.0 2710.0 0.0 0.0 0.0 0.0 0.0 0.0 0.0 0.0 0.0 0.0 0.0 0.0 3.0 3.0 0.0 0.0 0.0 0.0 1.0 0.0 0.0 112.0 219.0 1.0 0.0 0.01 0.06 0.0 0.0 0.0 0.0
0.0 289.0 7778.0 0.0 0.0 0.0 0.0 0.0 0.0 0.0 0.0 0.0 0.0 0.0 0.0 6.0 6.0 0.0 0.0 0.0 0.0 1.0 0.0 0.0 122.0 229.0 1.0 0.0 0.01 0.06 0.0 0.0 0.0 0.0
0.0 365.0 807.0 0.0 0.0 0.0 0.0 0.0 0.0 0.0 0.0 0.0 0.0 0.0 0.0 16.0 16.0 0.0 0.0 0.0 0.0 1.0 0.0 0.0 132.0 239.0 1.0 0.0 0.01 0.06 0.0 0.0 0.0 0.0
0.0 383.0 2610.0 0.0 0.0 0.0 0.0 0.0 0.0 0.0 0.0 0.0 0.0 0.0 0.0 5.0 5.0 0.0 0.0 0.0 0.0 1.0 0.0 0.0 142.0 249.0 1.0 0.0 0.01 0.06 0.0 0.0 0.0 0.0
0.0 390.0 7962.0 0.0 0.0 0.0 0.0 0.0 0.0 0.0 0.0 0.0 0.0 0.0 0.0 1.0 2.0 0.0 0.0 0.0 0.0 1.0 0.0 1.0 152.0 255.0 1.0 0.0 0.01 0.05 0.0 0.0 0.0 0.0
0.0 395.0 10095.0 0.0 0.0 0.0 0.0 0.0 0.0 0.0 0.0 0.0 0.0 0.0 0.0 11.0 12.0 0.0 0.0 0.0 0.0 1.0 0.0 0.17 162.0 255.0 1.0 0.0 0.01 0.05 0.0 0.0 0.0 0.0
0.0 360.0 518.0 0.0 0.0 0.0 0.0 0.0 0.0 0.0 0.0 0.0 0.0 0.0 0.0 9.0 9.0 0.0 0.0 0.0 0.0 1.0 0.0 0.0 172.0 255.0 1.0 0.0 0.01 0.05 0.0 0.0 0.0 0.0
0.0 359.0 1275.0 0.0 0.0 0.0 0.0 0.0 0.0 0.0 0.0 0.0 0.0 0.0 0.0 19.0 19.0 0.0 0.0 0.0 0.0 1.0 0.0 0.0 182.0 255.0 1.0 0.0 0.01 0.04 0.0 0.0 0.0 0.0
0.0 307.0 1314.0 0.0 0.0 0.0 0.0 0.0 0.0 0.0 0.0 0.0 0.0 0.0 0.0 8.0 8.0 0.0 0.0 0.0 0.0 1.0 0.0 0.0 192.0 255.0 1.0 0.0 0.01 0.03 0.0 0.0 0.0 0.0
0.0 306.0 1315.0 0.0 0.0 0.0 0.0 0.0 0.0 0.0 0.0 0.0 0.0 0.0 0.0 18.0 18.0 0.0 0.0 0.0 0.0 1.0 0.0 0.0 202.0 255.0 1.0 0.0 0.0 0.03 0.0 0.0 0.0 0.0
0.0 272.0 384.0 0.0 0.0 0.0 0.0 0.0 0.0 0.0 0.0 0.0 0.0 0.0 0.0 1.0 1.0 0.0 0.0 0.0 0.0 1.0 0.0 0.0 212.0 255.0 1.0 0.0 0.0 0.03 0.0 0.0 0.0 0.0
0.0 261.0 7778.0 0.0 0.0 0.0 0.0 0.0 0.0 0.0 0.0 0.0 0.0 0.0 0.0 3.0 3.0 0.0 0.0 0.0 0.0 1.0 0.0 0.0 222.0 255.0 1.0 0.0 0.0 0.03 0.0 0.0 0.0 0.0
0.0 334.0 638.0 0.0 0.0 0.0 0.0 0.0 0.0 0.0 0.0 0.0 0.0 0.0 0.0 13.0 13.0 0.0 0.0 0.0 0.0 1.0 0.0 0.0 232.0 255.0 1.0 0.0 0.0 0.02 0.0 0.0 0.0 0.0
0.0 355.0 1204.0 0.0 0.0 0.0 0.0 0.0 0.0 0.0 0.0 0.0 0.0 0.0 0.0 2.0 2.0 0.0 0.0 0.0 0.0 1.0 0.0 0.0 242.0 255.0 1.0 0.0 0.0 0.01 0.0 0.0 0.0 0.0
0.0 355.0 2610.0 0.0 0.0 0.0 0.0 0.0 0.0 0.0 0.0 0.0 0.0 0.0 0.0 12.0 12.0 0.0 0.0 0.0 0.0 1.0 0.0 0.0 252.0 255.0 1.0 0.0 0.0 0.01 0.0 0.0 0.0 0.0
0.0 364.0 3452.0 0.0 0.0 0.0 0.0 0.0 0.0 0.0 0.0 0.0 0.0 0.0 0.0 8.0 8.0 0.0 0.0 0.0 0.0 1.0 0.0 0.0 255.0 255.0 1.0 0.0 0.0 0.0 0.0 0.0 0.0 0.0
0.0 337.0 684.0 0.0 0.0 0.0 0.0 0.0 0.0 0.0 0.0 0.0 0.0 0.0 0.0 6.0 6.0 0.0 0.0 0.0 0.0 1.0 0.0 0.0 255.0 255.0 1.0 0.0 0.0 0.0 0.0 0.0 0.0 0.0
0.0 331.0 1275.0 0.0 0.0 0.0 0.0 0.0 0.0 0.0 0.0 0.0 0.0 0.0 0.0 16.0 16.0 0.0 0.0 0.0 0.0 1.0 0.0 0.0 255.0 255.0 1.0 0.0 0.0 0.0 0.0 0.0 0.0 0.0
0.0 233.0 1012.0 0.0 0.0 0.0 0.0 0.0 0.0 0.0 0.0 0.0 0.0 0.0 0.0 1.0 1.0 0.0 0.0 0.0 0.0 1.0 0.0 0.0 1.0 255.0 1.0 0.0 1.0 0.02 0.0 0.0 0.0 0.0
0.0 247.0 1695.0 0.0 0.0 0.0 0.0 0.0 0.0 0.0 0.0 0.0 0.0 0.0 0.0 1.0 15.0 0.0 0.0 0.0 0.0 1.0 0.0 0.13 11.0 255.0 1.0 0.0 0.09 0.02 0.0 0.0 0.0 0.0
0.0 235.0 2350.0 0.0 0.0 0.0 0.0 0.0 0.0 0.0 0.0 0.0 0.0 0.0 0.0 1.0 1.0 0.0 0.0 0.0 0.0 1.0 0.0 0.0 10.0 255.0 1.0 0.0 0.1 0.02 0.0 0.0 0.0 0.0
0.0 298.0 1433.0 0.0 0.0 0.0 0.0 0.0 0.0 0.0 0.0 0.0 0.0 0.0 0.0 5.0 5.0 0.0 0.0 0.0 0.0 1.0 0.0 0.0 5.0 255.0 1.0 0.0 0.2 0.03 0.0 0.0 0.0 0.0
0.0 211.0 2101.0 0.0 0.0 0.0 0.0 0.0 0.0 0.0 0.0 0.0 0.0 0.0 0.0 3.0 3.0 0.0 0.0 0.0 0.0 1.0 0.0 0.0 15.0 255.0 1.0 0.0 0.07 0.03 0.0 0.0 0.0 0.0
0.0 145.0 148.0 0.0 0.0 0.0 0.0 0.0 0.0 0.0 0.0 0.0 0.0 0.0 0.0 1.0 1.0 0.0 0.0 0.0 0.0 1.0 0.0 0.0 1.0 255.0 1.0 0.0 1.0 0.03 0.0 0.0 0.0 0.0
0.0 232.0 2155.0 0.0 0.0 0.0 0.0 0.0 0.0 0.0 0.0 0.0 0.0 0.0 0.0 11.0 11.0 0.0 0.0 0.0 0.0 1.0 0.0 0.0 11.0 255.0 1.0 0.0 0.09 0.03 0.0 0.0 0.0 0.0
0.0 223.0 5565.0 0.0 0.0 0.0 0.0 0.0 0.0 0.0 0.0 0.0 0.0 0.0 0.0 21.0 21.0 0.0 0.0 0.0 0.0 1.0 0.0 0.0 21.0 255.0 1.0 0.0 0.05 0.03 0.0 0.0 0.0 0.0
0.0 223.0 1294.0 0.0 0.0 0.0 0.0 0.0 0.0 0.0 0.0 0.0 0.0 0.0 0.0 8.0 8.0 0.0 0.0 0.0 0.0 1.0 0.0 0.0 8.0 255.0 1.0 0.0 0.12 0.04 0.0 0.0 0.0 0.0
0.0 221.0 9721.0 0.0 0.0 0.0 0.0 0.0 0.0 0.0 0.0 0.0 0.0 0.0 0.0 18.0 18.0 0.0 0.0 0.0 0.0 1.0 0.0 0.0 18.0 255.0 1.0 0.0 0.06 0.04 0.0 0.0 0.0 0.0
0.0 232.0 2866.0 0.0 0.0 0.0 0.0 0.0 0.0 0.0 0.0 0.0 0.0 0.0 0.0 6.0 6.0 0.0 0.0 0.0 0.0 1.0 0.0 0.0 28.0 255.0 1.0 0.0 0.04 0.04 0.0 0.0 0.0 0.0
0.0 234.0 1028.0 0.0 0.0 0.0 0.0 0.0 0.0 0.0 0.0 0.0 0.0 0.0 0.0 10.0 10.0 0.0 0.0 0.0 0.0 1.0 0.0 0.0 38.0 255.0 1.0 0.0 0.03 0.04 0.0 0.0 0.0 0.0
0.0 222.0 1275.0 0.0 0.0 0.0 0.0 0.0 0.0 0.0 0.0 0.0 0.0 0.0 0.0 20.0 20.0 0.0 0.0 0.0 0.0 1.0 0.0 0.0 48.0 255.0 1.0 0.0 0.02 0.04 0.0 0.0 0.0 0.0
0.0 183.0 7575.0 0.0 0.0 0.0 0.0 0.0 0.0 0.0 0.0 0.0 0.0 0.0 0.0 2.0 2.0 0.0 0.0 0.0 0.0 1.0 0.0 0.0 58.0 255.0 1.0 0.0 0.02 0.04 0.0 0.0 0.0 0.0
0.0 213.0 713.0 0.0 0.0 0.0 0.0 0.0 0.0 0.0 0.0 0.0 0.0 0.0 0.0 3.0 3.0 0.0 0.0 0.0 0.0 1.0 0.0 0.0 3.0 255.0 1.0 0.0 0.33 0.04 0.0 0.0 0.0 0.0
0.0 208.0 3284.0 0.0 0.0 0.0 0.0 0.0 0.0 0.0 0.0 0.0 0.0 0.0 0.0 13.0 13.0 0.0 0.0 0.0 0.0 1.0 0.0 0.0 13.0 255.0 1.0 0.0 0.08 0.04 0.0 0.0 0.0 0.0
0.0 214.0 913.0 0.0 0.0 0.0 0.0 0.0 0.0 0.0 0.0 0.0 0.0 0.0 0.0 23.0 23.0 0.0 0.0 0.0 0.0 1.0 0.0 0.0 23.0 255.0 1.0 0.0 0.04 0.04 0.0 0.0 0.0 0.0
0.0 344.0 905.0 0.0 0.0 0.0 0.0 0.0 0.0 0.0 0.0 0.0 0.0 0.0 0.0 9.0 11.0 0.0 0.0 0.0 0.0 1.0 0.0 0.18 9.0 255.0 1.0 0.0 0.11 0.04 0.0 0.0 0.0 0.0
0.0 194.0 16977.0 0.0 0.0 0.0 0.0 0.0 0.0 0.0 0.0 0.0 0.0 0.0 0.0 1.0 2.0 0.0 0.0 0.0 0.0 1.0 0.0 1.0 19.0 255.0 1.0 0.0 0.05 0.04 0.0 0.0 0.0 0.0
0.0 267.0 935.0 0.0 0.0 0.0 0.0 0.0 0.0 0.0 0.0 0.0 0.0 0.0 0.0 11.0 12.0 0.0 0.0 0.0 0.0 1.0 0.0 0.17 29.0 255.0 1.0 0.0 0.03 0.04 0.0 0.0 0.0 0.0
0.0 201.0 5949.0 0.0 0.0 0.0 0.0 0.0 0.0 0.0 0.0 0.0 0.0 0.0 0.0 3.0 3.0 0.0 0.0 0.0 0.0 1.0 0.0 0.0 3.0 255.0 1.0 0.0 0.33 0.05 0.0 0.0 0.0 0.0
0.0 194.0 47084.0 0.0 0.0 0.0 0.0 0.0 0.0 0.0 0.0 0.0 0.0 0.0 0.0 2.0 2.0 0.0 0.0 0.0 0.0 1.0 0.0 0.0 2.0 255.0 1.0 0.0 0.5 0.05 0.0 0.0 0.0 0.0
0.0 160.0 3003.0 0.0 0.0 0.0 0.0 0.0 0.0 0.0 0.0 0.0 0.0 0.0 0.0 1.0 1.0 0.0 0.0 0.0 0.0 1.0 0.0 0.0 12.0 255.0 1.0 0.0 0.08 0.05 0.0 0.0 0.0 0.0
0.0 290.0 487.0 0.0 0.0 0.0 0.0 0.0 0.0 0.0 0.0 0.0 0.0 0.0 0.0 4.0 6.0 0.0 0.0 0.0 0.0 1.0 0.0 0.5 22.0 255.0 1.0 0.0 0.05 0.05 0.0 0.0 0.0 0.0
0.0 319.0 6303.0 0.0 0.0 0.0 0.0 0.0 0.0 0.0 0.0 0.0 0.0 0.0 0.0 1.0 4.0 0.0 0.0 0.0 0.0 1.0 0.0 0.5 4.0 255.0 1.0 0.0 0.25 0.06 0.0 0.0 0.0 0.0
0.0 213.0 472.0 0.0 0.0 0.0 0.0 0.0 0.0 0.0 0.0 0.0 0.0 0.0 0.0 1.0 2.0 0.0 0.0 0.0 0.0 1.0 0.0 1.0 4.0 255.0 1.0 0.0 0.25 0.06 0.0 0.0 0.0 0.0
0.0 211.0 566.0 0.0 0.0 0.0 0.0 0.0 0.0 0.0 0.0 0.0 0.0 0.0 0.0 3.0 4.0 0.0 0.0 0.0 0.0 1.0 0.0 0.5 14.0 255.0 1.0 0.0 0.07 0.05 0.0 0.0 0.0 0.0
0.0 213.0 472.0 0.0 0.0 0.0 0.0 0.0 0.0 0.0 0.0 0.0 0.0 0.0 0.0 4.0 7.0 0.0 0.0 0.0 0.0 1.0 0.0 0.57 24.0 255.0 1.0 0.0 0.04 0.05 0.0 0.0 0.0 0.0
0.0 226.0 16435.0 0.0 0.0 0.0 0.0 0.0 0.0 0.0 0.0 0.0 0.0 0.0 0.0 2.0 2.0 0.0 0.0 0.0 0.0 1.0 0.0 0.0 2.0 255.0 1.0 0.0 0.5 0.04 0.0 0.0 0.0 0.0
0.0 229.0 1481.0 0.0 0.0 0.0 0.0 0.0 0.0 0.0 0.0 0.0 0.0 0.0 0.0 5.0 5.0 0.0 0.0 0.0 0.0 1.0 0.0 0.0 12.0 255.0 1.0 0.0 0.08 0.04 0.0 0.0 0.0 0.0
0.0 249.0 4241.0 0.0 0.0 0.0 0.0 0.0 0.0 0.0 0.0 0.0 0.0 0.0 0.0 1.0 1.0 0.0 0.0 0.0 0.0 1.0 0.0 0.0 22.0 255.0 1.0 0.0 0.05 0.04 0.0 0.0 0.0 0.0
0.0 232.0 15768.0 0.0 0.0 0.0 0.0 0.0 0.0 0.0 0.0 0.0 0.0 0.0 0.0 1.0 1.0 0.0 0.0 0.0 0.0 1.0 0.0 0.0 4.0 255.0 1.0 0.0 0.25 0.04 0.0 0.0 0.0 0.0
0.0 153.0 141.0 0.0 0.0 0.0 0.0 0.0 0.0 0.0 0.0 0.0 0.0 0.0 0.0 1.0 1.0 0.0 0.0 0.0 0.0 1.0 0.0 0.0 1.0 255.0 1.0 0.0 1.0 0.05 0.0 0.0 0.0 0.0
0.0 233.0 3051.0 0.0 0.0 0.0 0.0 0.0 0.0 0.0 0.0 0.0 0.0 0.0 0.0 9.0 9.0 0.0 0.0 0.0 0.0 1.0 0.0 0.0 9.0 255.0 1.0 0.0 0.11 0.05 0.0 0.0 0.0 0.0
0.0 248.0 1699.0 0.0 0.0 0.0 0.0 0.0 0.0 0.0 0.0 0.0 0.0 0.0 0.0 1.0 2.0 0.0 0.0 0.0 0.0 1.0 0.0 1.0 2.0 255.0 1.0 0.0 0.5 0.06 0.0 0.0 0.0 0.0
0.0 334.0 2084.0 0.0 0.0 0.0 0.0 0.0 0.0 0.0 0.0 0.0 0.0 0.0 0.0 1.0 2.0 0.0 0.0 0.0 0.0 1.0 0.0 1.0 3.0 255.0 1.0 0.0 0.33 0.07 0.0 0.0 0.0 0.0
0.0 339.0 1436.0 0.0 0.0 0.0 0.0 0.0 0.0 0.0 0.0 0.0 0.0 0.0 0.0 1.0 1.0 0.0 0.0 0.0 0.0 1.0 0.0 0.0 9.0 255.0 1.0 0.0 0.11 0.07 0.0 0.0 0.0 0.0
0.0 212.0 8008.0 0.0 0.0 0.0 0.0 0.0 0.0 0.0 0.0 0.0 0.0 0.0 0.0 9.0 9.0 0.0 0.0 0.0 0.0 1.0 0.0 0.0 9.0 255.0 1.0 0.0 0.11 0.07 0.0 0.0 0.0 0.0
0.0 218.0 423.0 0.0 0.0 0.0 0.0 0.0 0.0 0.0 0.0 0.0 0.0 0.0 0.0 9.0 9.0 0.0 0.0 0.0 0.0 1.0 0.0 0.0 19.0 255.0 1.0 0.0 0.05 0.07 0.0 0.0 0.0 0.0
0.0 246.0 2625.0 0.0 0.0 0.0 0.0 0.0 0.0 0.0 0.0 0.0 0.0 0.0 0.0 1.0 1.0 0.0 0.0 0.0 0.0 1.0 0.0 0.0 29.0 255.0 1.0 0.0 0.03 0.07 0.0 0.0 0.0 0.0
0.0 244.0 1850.0 0.0 0.0 0.0 0.0 0.0 0.0 0.0 0.0 0.0 0.0 0.0 0.0 11.0 11.0 0.0 0.0 0.0 0.0 1.0 0.0 0.0 39.0 255.0 1.0 0.0 0.03 0.07 0.0 0.0 0.0 0.0
0.0 225.0 3783.0 0.0 0.0 0.0 0.0 0.0 0.0 0.0 0.0 0.0 0.0 0.0 0.0 3.0 3.0 0.0 0.0 0.0 0.0 1.0 0.0 0.0 49.0 255.0 1.0 0.0 0.02 0.07 0.0 0.0 0.0 0.0
0.0 248.0 855.0 0.0 0.0 0.0 0.0 0.0 0.0 0.0 0.0 0.0 0.0 0.0 0.0 1.0 1.0 0.0 0.0 0.0 0.0 1.0 0.0 0.0 59.0 255.0 1.0 0.0 0.02 0.07 0.0 0.0 0.0 0.0
0.0 246.0 3318.0 0.0 0.0 0.0 0.0 0.0 0.0 0.0 0.0 0.0 0.0 0.0 0.0 11.0 11.0 0.0 0.0 0.0 0.0 1.0 0.0 0.0 69.0 255.0 1.0 0.0 0.01 0.07 0.0 0.0 0.0 0.0
0.0 227.0 1850.0 0.0 0.0 0.0 0.0 0.0 0.0 0.0 0.0 0.0 0.0 0.0 0.0 3.0 3.0 0.0 0.0 0.0 0.0 1.0 0.0 0.0 79.0 255.0 1.0 0.0 0.01 0.07 0.0 0.0 0.0 0.0
0.0 161.0 8762.0 0.0 0.0 0.0 0.0 0.0 0.0 0.0 0.0 0.0 0.0 0.0 0.0 1.0 1.0 0.0 0.0 0.0 0.0 1.0 0.0 0.0 1.0 255.0 1.0 0.0 1.0 0.07 0.0 0.0 0.0 0.0
0.0 204.0 11724.0 0.0 0.0 0.0 0.0 0.0 0.0 0.0 0.0 0.0 0.0 0.0 0.0 11.0 11.0 0.0 0.0 0.0 0.0 1.0 0.0 0.0 11.0 255.0 1.0 0.0 0.09 0.07 0.0 0.0 0.0 0.0
0.0 212.0 776.0 0.0 0.0 0.0 0.0 0.0 0.0 0.0 0.0 0.0 0.0 0.0 0.0 3.0 3.0 0.0 0.0 0.0 0.0 1.0 0.0 0.0 21.0 255.0 1.0 0.0 0.05 0.06 0.0 0.0 0.0 0.0
0.0 164.0 805.0 0.0 0.0 0.0 0.0 0.0 0.0 0.0 0.0 0.0 0.0 0.0 0.0 1.0 1.0 0.0 0.0 0.0 0.0 1.0 0.0 0.0 1.0 255.0 1.0 0.0 1.0 0.06 0.0 0.0 0.0 0.0
0.0 195.0 12863.0 0.0 0.0 0.0 0.0 0.0 0.0 0.0 0.0 0.0 0.0 0.0 0.0 2.0 19.0 0.0 0.0 0.0 0.0 1.0 0.0 0.11 8.0 255.0 1.0 0.0 0.12 0.07 0.0 0.0 0.0 0.0
0.0 195.0 312.0 0.0 0.0 0.0 0.0 0.0 0.0 0.0 0.0 0.0 0.0 0.0 0.0 2.0 11.0 0.0 0.0 0.0 0.0 1.0 0.0 0.18 18.0 255.0 1.0 0.0 0.06 0.06 0.0 0.0 0.0 0.0
0.0 286.0 22698.0 0.0 0.0 0.0 0.0 0.0 0.0 0.0 0.0 0.0 0.0 0.0 0.0 2.0 16.0 0.0 0.0 0.0 0.0 1.0 0.0 0.19 2.0 255.0 1.0 0.0 0.5 0.07 0.0 0.0 0.0 0.0
0.0 144.0 4141.0 0.0 0.0 0.0 0.0 0.0 0.0 0.0 0.0 0.0 0.0 0.0 0.0 2.0 2.0 0.0 0.0 0.0 0.0 1.0 0.0 0.0 2.0 255.0 1.0 0.0 0.5 0.07 0.0 0.0 0.0 0.0
0.0 203.0 39751.0 0.0 0.0 0.0 0.0 0.0 0.0 0.0 0.0 0.0 0.0 0.0 0.0 2.0 3.0 0.0 0.0 0.0 0.0 1.0 0.0 0.67 12.0 255.0 1.0 0.0 0.08 0.07 0.0 0.0 0.0 0.0
0.0 221.0 1772.0 0.0 0.0 0.0 0.0 0.0 0.0 0.0 0.0 0.0 0.0 0.0 0.0 2.0 5.0 0.0 0.0 0.0 0.0 1.0 0.0 0.4 22.0 255.0 1.0 0.0 0.05 0.07 0.0 0.0 0.0 0.0
0.0 165.0 8680.0 0.0 0.0 0.0 0.0 0.0 0.0 0.0 0.0 0.0 0.0 0.0 0.0 12.0 20.0 0.0 0.0 0.0 0.0 1.0 0.0 0.2 32.0 255.0 1.0 0.0 0.03 0.07 0.0 0.0 0.0 0.0
0.0 235.0 7605.0 0.0 0.0 0.0 0.0 0.0 0.0 0.0 0.0 0.0 0.0 0.0 0.0 8.0 8.0 0.0 0.0 0.0 0.0 1.0 0.0 0.0 42.0 255.0 1.0 0.0 0.02 0.07 0.0 0.0 0.0 0.0
0.0 201.0 4826.0 0.0 0.0 0.0 0.0 0.0 0.0 0.0 0.0 0.0 0.0 0.0 0.0 7.0 10.0 0.0 0.0 0.0 0.0 1.0 0.0 0.3 52.0 255.0 1.0 0.0 0.02 0.06 0.0 0.0 0.0 0.0
0.0 219.0 2625.0 0.0 0.0 0.0 0.0 0.0 0.0 0.0 0.0 0.0 0.0 0.0 0.0 7.0 7.0 0.0 0.0 0.0 0.0 1.0 0.0 0.0 62.0 255.0 1.0 0.0 0.02 0.05 0.0 0.0 0.0 0.0
0.0 205.0 248.0 0.0 0.0 0.0 0.0 0.0 0.0 0.0 0.0 0.0 0.0 0.0 0.0 9.0 17.0 0.0 0.0 0.0 0.0 1.0 0.0 0.12 72.0 255.0 1.0 0.0 0.01 0.05 0.0 0.0 0.0 0.0
0.0 191.0 3018.0 0.0 0.0 0.0 0.0 0.0 0.0 0.0 0.0 0.0 0.0 0.0 0.0 9.0 9.0 0.0 0.0 0.0 0.0 1.0 0.0 0.0 82.0 255.0 1.0 0.0 0.01 0.04 0.0 0.0 0.0 0.0
0.0 197.0 253.0 0.0 0.0 0.0 0.0 0.0 0.0 0.0 0.0 0.0 0.0 0.0 0.0 9.0 13.0 0.0 0.0 0.0 0.0 1.0 0.0 0.23 92.0 255.0 1.0 0.0 0.01 0.03 0.0 0.0 0.0 0.0
0.0 207.0 2625.0 0.0 0.0 0.0 0.0 0.0 0.0 0.0 0.0 0.0 0.0 0.0 0.0 9.0 9.0 0.0 0.0 0.0 0.0 1.0 0.0 0.0 102.0 255.0 1.0 0.0 0.01 0.03 0.0 0.0 0.0 0.0
0.0 198.0 2129.0 0.0 0.0 0.0 0.0 0.0 0.0 0.0 0.0 0.0 0.0 0.0 0.0 6.0 20.0 0.0 0.0 0.0 0.0 1.0 0.0 0.1 112.0 255.0 1.0 0.0 0.01 0.03 0.0 0.0 0.0 0.0
0.0 230.0 264.0 0.0 0.0 0.0 0.0 0.0 0.0 0.0 0.0 0.0 0.0 0.0 0.0 1.0 3.0 0.0 0.0 0.0 0.0 1.0 0.0 0.67 6.0 255.0 1.0 0.0 0.17 0.03 0.0 0.0 0.0 0.0
0.0 262.0 4815.0 0.0 0.0 0.0 0.0 0.0 0.0 0.0 0.0 0.0 0.0 0.0 0.0 1.0 2.0 0.0 0.0 0.0 0.0 1.0 0.0 1.0 16.0 255.0 1.0 0.0 0.06 0.03 0.0 0.0 0.0 0.0
0.0 341.0 745.0 0.0 0.0 0.0 0.0 0.0 0.0 0.0 0.0 0.0 0.0 0.0 0.0 4.0 9.0 0.0 0.0 0.0 0.0 1.0 0.0 0.33 26.0 255.0 1.0 0.0 0.04 0.03 0.0 0.0 0.0 0.0
