0.0 320.0 9589.0 0.0 0.0 0.0 0.0 0.0 0.0 0.0 0.0 0.0 0.0 0.0 0.0 4.0 18.0 0.0 0.0 0.0 0.0 1.0 0.0 0.28 255.0 255.0 1.0 0.0 0.01 0.0 0.0 0.0 0.0 0.0
0.0 235.0 30113.0 0.0 0.0 0.0 0.0 0.0 0.0 0.0 0.0 0.0 0.0 0.0 0.0 2.0 7.0 0.0 0.0 0.0 0.0 1.0 0.0 0.29 255.0 255.0 1.0 0.0 0.01 0.0 0.0 0.0 0.0 0.0
0.0 287.0 609.0 0.0 0.0 0.0 0.0 0.0 0.0 0.0 0.0 0.0 0.0 0.0 0.0 12.0 12.0 0.0 0.0 0.0 0.0 1.0 0.0 0.0 255.0 255.0 1.0 0.0 0.01 0.0 0.0 0.0 0.0 0.0
0.0 288.0 654.0 0.0 0.0 0.0 0.0 0.0 0.0 0.0 0.0 0.0 0.0 0.0 0.0 22.0 22.0 0.0 0.0 0.0 0.0 1.0 0.0 0.0 255.0 255.0 1.0 0.0 0.01 0.0 0.0 0.0 0.0 0.0
0.0 286.0 321.0 0.0 0.0 0.0 0.0 0.0 0.0 0.0 0.0 0.0 0.0 0.0 0.0 32.0 32.0 0.0 0.0 0.0 0.0 1.0 0.0 0.0 255.0 255.0 1.0 0.0 0.01 0.0 0.0 0.0 0.0 0.0
0.0 250.0 25858.0 0.0 0.0 0.0 0.0 0.0 0.0 0.0 0.0 0.0 0.0 0.0 0.0 1.0 2.0 0.0 0.0 0.0 0.0 1.0 0.0 1.0 255.0 255.0 1.0 0.0 0.0 0.0 0.0 0.0 0.0 0.0
0.0 314.0 15298.0 0.0 0.0 0.0 0.0 0.0 0.0 0.0 0.0 0.0 0.0 0.0 0.0 11.0 12.0 0.0 0.0 0.0 0.0 1.0 0.0 0.17 255.0 255.0 1.0 0.0 0.0 0.0 0.0 0.0 0.0 0.0
0.0 304.0 706.0 0.0 0.0 0.0 0.0 0.0 0.0 0.0 0.0 0.0 0.0 0.0 0.0 21.0 22.0 0.0 0.0 0.0 0.0 1.0 0.0 0.09 255.0 255.0 1.0 0.0 0.0 0.0 0.0 0.0 0.0 0.0
0.0 311.0 321.0 0.0 0.0 0.0 0.0 0.0 0.0 0.0 0.0 0.0 0.0 0.0 0.0 7.0 24.0 0.0 0.0 0.0 0.0 1.0 0.0 0.08 255.0 255.0 1.0 0.0 0.0 0.0 0.0 0.0 0.0 0.0
0.0 315.0 9703.0 0.0 0.0 0.0 0.0 0.0 0.0 0.0 0.0 0.0 0.0 0.0 0.0 17.0 34.0 0.0 0.0 0.0 0.0 1.0 0.0 0.06 255.0 255.0 1.0 0.0 0.0 0.0 0.0 0.0 0.0 0.0
0.0 314.0 315.0 0.0 0.0 0.0 0.0 0.0 0.0 0.0 0.0 0.0 0.0 0.0 0.0 8.0 8.0 0.0 0.0 0.0 0.0 1.0 0.0 0.0 255.0 255.0 1.0 0.0 0.0 0.0 0.0 0.0 0.0 0.0
0.0 316.0 626.0 0.0 0.0 0.0 0.0 0.0 0.0 0.0 0.0 0.0 0.0 0.0 0.0 18.0 18.0 0.0 0.0 0.0 0.0 1.0 0.0 0.0 255.0 255.0 1.0 0.0 0.0 0.0 0.0 0.0 0.0 0.0
0.0 333.0 2019.0 0.0 0.0 0.0 0.0 0.0 0.0 0.0 0.0 0.0 0.0 0.0 0.0 28.0 28.0 0.0 0.0 0.0 0.0 1.0 0.0 0.0 255.0 255.0 1.0 0.0 0.0 0.0 0.0 0.0 0.0 0.0
0.0 317.0 2658.0 0.0 0.0 0.0 0.0 0.0 0.0 0.0 0.0 0.0 0.0 0.0 0.0 38.0 38.0 0.0 0.0 0.0 0.0 1.0 0.0 0.0 255.0 255.0 1.0 0.0 0.0 0.0 0.0 0.0 0.0 0.0
0.0 358.0 1724.0 0.0 0.0 0.0 0.0 0.0 0.0 0.0 0.0 0.0 0.0 0.0 0.0 7.0 7.0 0.0 0.0 0.0 0.0 1.0 0.0 0.0 255.0 255.0 1.0 0.0 0.0 0.0 0.0 0.0 0.0 0.0
0.0 275.0 3867.0 0.0 0.0 0.0 0.0 0.0 0.0 0.0 0.0 0.0 0.0 0.0 0.0 3.0 12.0 0.0 0.0 0.0 0.0 1.0 0.0 0.25 3.0 255.0 1.0 0.0 0.33 0.01 0.0 0.0 0.0 0.0
0.0 276.0 3881.0 0.0 0.0 0.0 0.0 0.0 0.0 0.0 0.0 0.0 0.0 0.0 0.0 13.0 22.0 0.0 0.0 0.0 0.0 1.0 0.0 0.14 13.0 255.0 1.0 0.0 0.08 0.01 0.0 0.0 0.0 0.0
0.0 275.0 1787.0 0.0 0.0 0.0 0.0 0.0 0.0 0.0 0.0 0.0 0.0 0.0 0.0 5.0 5.0 0.0 0.0 0.0 0.0 1.0 0.0 0.0 23.0 255.0 1.0 0.0 0.04 0.01 0.0 0.0 0.0 0.0
0.0 275.0 6312.0 0.0 0.0 0.0 0.0 0.0 0.0 0.0 0.0 0.0 0.0 0.0 0.0 15.0 15.0 0.0 0.0 0.0 0.0 1.0 0.0 0.0 33.0 255.0 1.0 0.0 0.03 0.01 0.0 0.0 0.0 0.0
0.0 204.0 18536.0 0.0 0.0 0.0 0.0 0.0 0.0 0.0 0.0 0.0 0.0 0.0 0.0 1.0 22.0 0.0 0.0 0.0 0.0 1.0 0.0 0.18 2.0 255.0 1.0 0.0 0.5 0.02 0.0 0.0 0.0 0.0
0.0 209.0 3842.0 0.0 0.0 0.0 0.0 0.0 0.0 0.0 0.0 0.0 0.0 0.0 0.0 1.0 14.0 0.0 0.0 0.0 0.0 1.0 0.0 0.43 2.0 255.0 1.0 0.0 0.5 0.02 0.0 0.0 0.0 0.0
0.0 216.0 1075.0 0.0 0.0 0.0 0.0 0.0 0.0 0.0 0.0 0.0 0.0 0.0 0.0 4.0 4.0 0.0 0.0 0.0 0.0 1.0 0.0 0.0 4.0 255.0 1.0 0.0 0.25 0.04 0.0 0.0 0.0 0.0
0.0 223.0 711.0 0.0 0.0 0.0 0.0 0.0 0.0 0.0 0.0 0.0 0.0 0.0 0.0 14.0 14.0 0.0 0.0 0.0 0.0 1.0 0.0 0.0 14.0 255.0 1.0 0.0 0.07 0.04 0.0 0.0 0.0 0.0
0.0 291.0 602.0 0.0 0.0 0.0 0.0 0.0 0.0 0.0 0.0 0.0 0.0 0.0 0.0 4.0 28.0 0.0 0.0 0.0 0.0 1.0 0.0 0.11 24.0 255.0 1.0 0.0 0.04 0.04 0.0 0.0 0.0 0.0
0.0 292.0 699.0 0.0 0.0 0.0 0.0 0.0 0.0 0.0 0.0 0.0 0.0 0.0 0.0 14.0 31.0 0.0 0.0 0.0 0.0 1.0 0.0 0.1 34.0 255.0 1.0 0.0 0.03 0.04 0.0 0.0 0.0 0.0
0.0 315.0 1847.0 0.0 0.0 0.0 0.0 0.0 0.0 0.0 0.0 0.0 0.0 0.0 0.0 4.0 6.0 0.0 0.0 0.0 0.0 1.0 0.0 0.33 4.0 255.0 1.0 0.0 0.25 0.04 0.0 0.0 0.0 0.0
1.0 13777.0 1406.0 0.0 0.0 0.0 0.0 0.0 0.0 0.0 0.0 0.0 0.0 0.0 0.0 1.0 2.0 0.0 0.0 0.0 0.0 1.0 0.0 1.0 6.0 6.0 1.0 0.0 0.17 0.0 0.0 0.0 0.0 0.0
0.0 1249.0 335.0 0.0 0.0 0.0 0.0 0.0 0.0 0.0 0.0 0.0 0.0 0.0 0.0 1.0 1.0 0.0 0.0 0.0 0.0 1.0 0.0 0.0 16.0 16.0 1.0 0.0 0.06 0.0 0.0 0.0 0.0 0.0
0.0 915.0 325.0 0.0 0.0 0.0 0.0 0.0 0.0 0.0 1.0 0.0 0.0 0.0 0.0 1.0 1.0 0.0 0.0 0.0 0.0 1.0 0.0 0.0 26.0 26.0 1.0 0.0 0.04 0.0 0.0 0.0 0.0 0.0
24.0 729.0 331.0 0.0 0.0 0.0 0.0 0.0 0.0 0.0 0.0 0.0 0.0 0.0 0.0 1.0 3.0 0.0 0.0 0.0 0.0 1.0 0.0 1.0 36.0 36.0 1.0 0.0 0.03 0.0 0.0 0.0 0.0 0.0
0.0 1330.0 327.0 0.0 0.0 0.0 0.0 0.0 0.0 0.0 0.0 0.0 0.0 0.0 0.0 1.0 1.0 0.0 0.0 0.0 0.0 1.0 0.0 0.0 46.0 46.0 1.0 0.0 0.02 0.0 0.0 0.0 0.0 0.0
0.0 2420.0 326.0 0.0 0.0 0.0 0.0 0.0 0.0 0.0 0.0 0.0 0.0 0.0 0.0 1.0 1.0 0.0 0.0 0.0 0.0 1.0 0.0 0.0 56.0 55.0 0.98 0.04 0.02 0.0 0.0 0.0 0.0 0.0
0.0 767.0 323.0 0.0 0.0 0.0 0.0 0.0 0.0 0.0 0.0 0.0 0.0 0.0 0.0 1.0 1.0 0.0 0.0 0.0 0.0 1.0 0.0 0.0 66.0 65.0 0.98 0.03 0.02 0.0 0.0 0.0 0.0 0.0
1.0 1083.0 328.0 0.0 0.0 0.0 0.0 0.0 0.0 0.0 0.0 0.0 0.0 1.0 0.0 1.0 5.0 0.0 0.0 0.0 0.0 1.0 0.0 1.0 76.0 75.0 0.99 0.03 0.01 0.0 0.0 0.0 0.0 0.0
14.0 14349.0 1407.0 0.0 0.0 0.0 0.0 0.0 0.0 0.0 0.0 0.0 0.0 0.0 0.0 1.0 2.0 0.0 0.0 0.0 0.0 1.0 0.0 1.0 86.0 85.0 0.99 0.02 0.01 0.0 0.0 0.0 0.0 0.0
0.0 1168.0 329.0 0.0 0.0 0.0 0.0 0.0 0.0 0.0 0.0 0.0 0.0 0.0 0.0 1.0 4.0 0.0 0.0 0.0 0.0 1.0 0.0 1.0 96.0 94.0 0.98 0.02 0.01 0.0 0.0 0.0 0.0 0.0
1.0 3144.0 414.0 0.0 0.0 0.0 0.0 0.0 0.0 0.0 0.0 0.0 0.0 0.0 0.0 1.0 2.0 0.0 0.0 0.0 0.0 1.0 0.0 1.0 7.0 104.0 1.0 0.0 0.14 0.02 0.0 0.0 0.0 0.0
1.0 1070.0 336.0 0.0 0.0 0.0 0.0 0.0 0.0 0.0 0.0 0.0 0.0 0.0 0.0 1.0 4.0 0.0 0.0 0.0 0.0 1.0 0.0 1.0 17.0 114.0 1.0 0.0 0.06 0.02 0.0 0.0 0.0 0.0
3.0 12719.0 1434.0 0.0 0.0 0.0 0.0 0.0 0.0 0.0 0.0 0.0 0.0 0.0 0.0 1.0 2.0 0.0 0.0 0.0 0.0 1.0 0.0 1.0 27.0 124.0 1.0 0.0 0.04 0.02 0.0 0.0 0.0 0.0
0.0 1458.0 335.0 0.0 0.0 0.0 0.0 0.0 0.0 0.0 0.0 0.0 0.0 0.0 0.0 1.0 1.0 0.0 0.0 0.0 0.0 1.0 0.0 0.0 37.0 133.0 0.97 0.05 0.03 0.02 0.0 0.0 0.0 0.0
2.0 1271.0 337.0 0.0 0.0 0.0 0.0 0.0 0.0 0.0 0.0 0.0 0.0 0.0 0.0 1.0 1.0 0.0 0.0 0.0 0.0 1.0 0.0 0.0 47.0 143.0 0.98 0.04 0.02 0.01 0.0 0.0 0.0 0.0
1.0 1124.0 445.0 0.0 0.0 0.0 0.0 0.0 0.0 0.0 0.0 0.0 0.0 0.0 0.0 1.0 1.0 0.0 0.0 0.0 0.0 1.0 0.0 0.0 57.0 152.0 0.96 0.04 0.02 0.01 0.0 0.0 0.0 0.0
3.0 1001.0 338.0 0.0 0.0 0.0 0.0 0.0 0.0 0.0 0.0 0.0 0.0 0.0 0.0 1.0 1.0 0.0 0.0 0.0 0.0 1.0 0.0 0.0 67.0 161.0 0.96 0.03 0.01 0.01 0.0 0.0 0.0 0.0
0.0 1187.0 337.0 0.0 0.0 0.0 0.0 0.0 0.0 0.0 0.0 0.0 0.0 0.0 0.0 1.0 1.0 0.0 0.0 0.0 0.0 1.0 0.0 0.0 77.0 170.0 0.95 0.03 0.01 0.01 0.0 0.0 0.0 0.0
0.0 1262.0 335.0 0.0 0.0 0.0 0.0 0.0 0.0 0.0 0.0 0.0 0.0 0.0 0.0 1.0 3.0 0.0 0.0 0.0 0.0 1.0 0.0 1.0 87.0 180.0 0.95 0.02 0.01 0.01 0.0 0.0 0.0 0.0
0.0 666.0 341.0 0.0 0.0 0.0 0.0 0.0 0.0 0.0 0.0 0.0 0.0 0.0 0.0 1.0 1.0 0.0 0.0 0.0 0.0 1.0 0.0 0.0 97.0 190.0 0.96 0.02 0.01 0.01 0.0 0.0 0.0 0.0
0.0 2663.0 335.0 0.0 0.0 0.0 0.0 0.0 0.0 0.0 0.0 0.0 0.0 0.0 0.0 1.0 1.0 0.0 0.0 0.0 0.0 1.0 0.0 0.0 107.0 200.0 0.96 0.02 0.01 0.01 0.0 0.0 0.0 0.0
0.0 950.0 339.0 0.0 0.0 0.0 0.0 0.0 0.0 0.0 0.0 0.0 0.0 0.0 0.0 1.0 1.0 0.0 0.0 0.0 0.0 1.0 0.0 0.0 117.0 208.0 0.95 0.02 0.01 0.01 0.0 0.0 0.0 0.0
0.0 104.0 0.0 0.0 0.0 0.0 0.0 0.0 0.0 0.0 0.0 0.0 0.0 0.0 0.0 1.0 3.0 0.0 0.0 0.0 0.0 1.0 0.0 1.0 4.0 4.0 1.0 0.0 1.0 0.0 0.0 0.0 0.0 0.0
0.0 102.0 0.0 0.0 0.0 0.0 0.0 0.0 0.0 0.0 0.0 0.0 0.0 0.0 0.0 1.0 2.0 0.0 0.0 0.0 0.0 1.0 0.0 1.0 14.0 14.0 1.0 0.0 1.0 0.0 0.0 0.0 0.0 0.0
107.0 99.0 37.0 0.0 0.0 0.0 0.0 0.0 0.0 0.0 0.0 0.0 0.0 0.0 0.0 1.0 1.0 0.0 0.0 0.0 0.0 1.0 0.0 0.0 24.0 24.0 1.0 0.0 1.0 0.0 0.0 0.0 0.0 0.0
0.0 100.0 0.0 0.0 0.0 0.0 0.0 0.0 0.0 0.0 0.0 0.0 0.0 0.0 0.0 1.0 2.0 0.0 0.0 0.0 0.0 1.0 0.0 1.0 34.0 34.0 1.0 0.0 1.0 0.0 0.0 0.0 0.0 0.0
0.0 100.0 0.0 0.0 0.0 0.0 0.0 0.0 0.0 0.0 0.0 0.0 0.0 0.0 0.0 1.0 2.0 0.0 0.0 0.0 0.0 1.0 0.0 1.0 44.0 44.0 1.0 0.0 1.0 0.0 0.0 0.0 0.0 0.0
0.0 91.0 0.0 0.0 0.0 0.0 0.0 0.0 0.0 0.0 0.0 0.0 0.0 0.0 0.0 1.0 2.0 0.0 0.0 0.0 0.0 1.0 0.0 1.0 54.0 54.0 1.0 0.0 1.0 0.0 0.0 0.0 0.0 0.0
0.0 91.0 0.0 0.0 0.0 0.0 0.0 0.0 0.0 0.0 0.0 0.0 0.0 0.0 0.0 1.0 1.0 0.0 0.0 0.0 0.0 1.0 0.0 0.0 64.0 64.0 1.0 0.0 1.0 0.0 0.0 0.0 0.0 0.0
0.0 100.0 0.0 0.0 0.0 0.0 0.0 0.0 0.0 0.0 0.0 0.0 0.0 0.0 0.0 1.0 2.0 0.0 0.0 0.0 0.0 1.0 0.0 1.0 74.0 74.0 1.0 0.0 1.0 0.0 0.0 0.0 0.0 0.0
1.0 1013.0 330.0 0.0 0.0 0.0 0.0 0.0 0.0 0.0 0.0 0.0 0.0 0.0 0.0 1.0 2.0 0.0 0.0 0.0 0.0 1.0 0.0 1.0 10.0 173.0 1.0 0.0 0.1 0.02 0.0 0.0 0.0 0.0
3.0 1322.0 364.0 0.0 0.0 0.0 0.0 0.0 0.0 0.0 0.0 0.0 0.0 0.0 0.0 1.0 4.0 0.0 0.0 0.0 0.0 1.0 0.0 1.0 20.0 174.0 1.0 0.0 0.05 0.02 0.0 0.0 0.0 0.0
0.0 817.0 332.0 0.0 0.0 0.0 0.0 0.0 0.0 0.0 0.0 0.0 0.0 0.0 0.0 2.0 1.0 0.0 0.0 0.0 0.0 0.5 1.0 0.0 30.0 173.0 0.97 0.07 0.03 0.02 0.0 0.0 0.0 0.0
1.0 1254.0 328.0 0.0 0.0 0.0 0.0 0.0 0.0 0.0 0.0 0.0 0.0 0.0 0.0 1.0 3.0 0.0 0.0 0.0 0.0 1.0 0.0 1.0 40.0 173.0 0.98 0.05 0.03 0.02 0.0 0.0 0.0 0.0
0.0 2649.0 328.0 0.0 0.0 0.0 0.0 0.0 0.0 0.0 0.0 0.0 0.0 0.0 0.0 1.0 3.0 0.0 0.0 0.0 0.0 1.0 0.0 1.0 50.0 173.0 0.98 0.04 0.02 0.02 0.0 0.0 0.0 0.0
0.0 910.0 329.0 0.0 0.0 0.0 0.0 0.0 0.0 0.0 0.0 0.0 0.0 0.0 0.0 1.0 1.0 0.0 0.0 0.0 0.0 1.0 0.0 0.0 60.0 173.0 0.97 0.03 0.02 0.01 0.0 0.0 0.0 0.0
1.0 1494.0 328.0 0.0 0.0 0.0 0.0 0.0 0.0 0.0 0.0 0.0 0.0 0.0 0.0 1.0 2.0 0.0 0.0 0.0 0.0 1.0 0.0 1.0 70.0 173.0 0.97 0.03 0.01 0.01 0.0 0.0 0.0 0.0
5.0 13743.0 1390.0 0.0 0.0 0.0 0.0 0.0 0.0 0.0 0.0 0.0 0.0 0.0 0.0 1.0 1.0 0.0 0.0 0.0 0.0 1.0 0.0 0.0 80.0 173.0 0.98 0.03 0.01 0.01 0.0 0.0 0.0 0.0
0.0 1323.0 328.0 0.0 0.0 0.0 0.0 0.0 0.0 0.0 0.0 0.0 0.0 0.0 0.0 1.0 1.0 0.0 0.0 0.0 0.0 1.0 0.0 0.0 90.0 174.0 0.98 0.02 0.01 0.01 0.0 0.0 0.0 0.0
0.0 4637.0 398.0 0.0 0.0 0.0 0.0 0.0 0.0 0.0 0.0 0.0 0.0 0.0 0.0 1.0 4.0 0.0 0.0 0.0 0.0 1.0 0.0 1.0 9.0 174.0 1.0 0.0 0.11 0.02 0.0 0.0 0.0 0.0
0.0 2928.0 401.0 0.0 0.0 0.0 0.0 0.0 0.0 0.0 0.0 0.0 0.0 0.0 0.0 1.0 3.0 0.0 0.0 0.0 0.0 1.0 0.0 1.0 19.0 174.0 0.95 0.11 0.05 0.02 0.0 0.0 0.0 0.0
0.0 6.0 147.0 0.0 0.0 0.0 0.0 0.0 0.0 0.0 0.0 0.0 0.0 0.0 0.0 1.0 1.0 0.0 0.0 0.0 0.0 1.0 0.0 0.0 29.0 7.0 0.03 0.1 0.03 0.43 0.03 0.0 0.0 0.0
0.0 12691.0 1872.0 0.0 0.0 0.0 0.0 0.0 0.0 0.0 0.0 0.0 0.0 0.0 0.0 1.0 1.0 0.0 0.0 0.0 0.0 1.0 0.0 0.0 39.0 170.0 0.82 0.1 0.03 0.02 0.03 0.0 0.0 0.0
0.0 1954.0 399.0 0.0 0.0 0.0 0.0 0.0 0.0 0.0 0.0 0.0 0.0 0.0 0.0 1.0 2.0 0.0 0.0 0.0 0.0 1.0 0.0 1.0 49.0 167.0 0.8 0.08 0.02 0.02 0.02 0.0 0.0 0.0
0.0 767.0 400.0 0.0 0.0 0.0 0.0 0.0 0.0 0.0 0.0 0.0 0.0 0.0 0.0 1.0 3.0 0.0 0.0 0.0 0.0 1.0 0.0 1.0 59.0 164.0 0.78 0.07 0.02 0.02 0.02 0.0 0.0 0.0
0.0 1062.0 403.0 0.0 0.0 0.0 0.0 0.0 0.0 0.0 0.0 0.0 0.0 0.0 0.0 1.0 1.0 0.0 0.0 0.0 0.0 1.0 0.0 0.0 69.0 163.0 0.8 0.06 0.01 0.02 0.01 0.0 0.0 0.0
0.0 708.0 403.0 0.0 0.0 0.0 0.0 0.0 0.0 0.0 0.0 0.0 0.0 0.0 0.0 1.0 1.0 0.0 0.0 0.0 0.0 1.0 0.0 0.0 79.0 163.0 0.81 0.05 0.01 0.02 0.01 0.0 0.0 0.0
0.0 1304.0 405.0 0.0 0.0 0.0 0.0 0.0 0.0 0.0 0.0 0.0 0.0 0.0 0.0 1.0 1.0 0.0 0.0 0.0 0.0 1.0 0.0 0.0 89.0 162.0 0.81 0.04 0.01 0.02 0.01 0.0 0.0 0.0
0.0 998.0 405.0 0.0 0.0 0.0 0.0 0.0 0.0 0.0 0.0 0.0 0.0 0.0 0.0 1.0 2.0 0.0 0.0 0.0 0.0 1.0 0.0 1.0 99.0 170.0 0.82 0.04 0.01 0.01 0.01 0.0 0.0 0.0
0.0 1593.0 391.0 0.0 0.0 0.0 0.0 0.0 0.0 0.0 0.0 0.0 0.0 0.0 0.0 1.0 1.0 0.0 0.0 0.0 0.0 1.0 0.0 0.0 109.0 179.0 0.83 0.04 0.01 0.01 0.01 0.0 0.0 0.0
0.0 989.0 390.0 0.0 0.0 0.0 0.0 0.0 0.0 0.0 0.0 0.0 0.0 0.0 0.0 2.0 3.0 0.0 0.0 0.0 0.0 1.0 0.0 0.67 119.0 188.0 0.83 0.03 0.01 0.01 0.01 0.0 0.0 0.0
0.0 4703.0 367.0 0.0 0.0 0.0 0.0 0.0 0.0 0.0 0.0 0.0 0.0 0.0 0.0 1.0 1.0 0.0 0.0 0.0 0.0 1.0 0.0 0.0 6.0 198.0 1.0 0.0 0.17 0.02 0.0 0.0 0.0 0.0
0.0 11303.0 367.0 0.0 0.0 0.0 0.0 0.0 0.0 0.0 0.0 0.0 0.0 0.0 0.0 1.0 2.0 0.0 0.0 0.0 0.0 1.0 0.0 1.0 16.0 207.0 0.94 0.12 0.06 0.01 0.0 0.0 0.0 0.0
2.0 1369.0 454.0 0.0 0.0 0.0 0.0 0.0 0.0 0.0 0.0 0.0 0.0 0.0 0.0 1.0 2.0 0.0 0.0 0.0 0.0 1.0 0.0 1.0 26.0 217.0 0.96 0.08 0.04 0.01 0.0 0.0 0.0 0.0
0.0 2112.0 330.0 0.0 0.0 0.0 0.0 0.0 0.0 0.0 0.0 0.0 0.0 0.0 0.0 1.0 1.0 0.0 0.0 0.0 0.0 1.0 0.0 0.0 36.0 227.0 0.97 0.06 0.03 0.01 0.0 0.0 0.0 0.0
0.0 1414.0 328.0 0.0 0.0 0.0 0.0 0.0 0.0 0.0 0.0 0.0 0.0 0.0 0.0 1.0 2.0 0.0 0.0 0.0 0.0 1.0 0.0 1.0 46.0 232.0 0.98 0.04 0.02 0.01 0.0 0.0 0.0 0.0
0.0 1432.0 330.0 0.0 0.0 0.0 0.0 0.0 0.0 0.0 0.0 0.0 0.0 0.0 0.0 1.0 2.0 0.0 0.0 0.0 0.0 1.0 0.0 1.0 56.0 232.0 0.98 0.04 0.02 0.01 0.0 0.0 0.0 0.0
2.0 1255.0 335.0 0.0 0.0 0.0 0.0 0.0 0.0 0.0 0.0 0.0 0.0 0.0 0.0 1.0 1.0 0.0 0.0 0.0 0.0 1.0 0.0 0.0 66.0 232.0 0.98 0.03 0.02 0.01 0.0 0.0 0.0 0.0
0.0 1471.0 327.0 0.0 0.0 0.0 0.0 0.0 0.0 0.0 0.0 0.0 0.0 0.0 0.0 1.0 1.0 0.0 0.0 0.0 0.0 1.0 0.0 0.0 76.0 232.0 0.97 0.03 0.01 0.01 0.0 0.0 0.0 0.0
0.0 1706.0 328.0 0.0 0.0 0.0 0.0 0.0 0.0 0.0 0.0 0.0 0.0 0.0 0.0 1.0 1.0 0.0 0.0 0.0 0.0 1.0 0.0 0.0 86.0 232.0 0.98 0.02 0.01 0.01 0.0 0.0 0.0 0.0
5.0 6.0 359.0 0.0 0.0 0.0 0.0 0.0 0.0 0.0 0.0 0.0 0.0 0.0 0.0 1.0 1.0 0.0 0.0 0.0 0.0 1.0 0.0 0.0 96.0 9.0 0.03 0.02 0.01 0.22 0.0 0.0 0.0 0.0
0.0 770.0 327.0 0.0 0.0 0.0 0.0 0.0 0.0 0.0 0.0 0.0 0.0 0.0 0.0 1.0 1.0 0.0 0.0 0.0 0.0 1.0 0.0 0.0 106.0 232.0 0.97 0.02 0.01 0.01 0.0 0.0 0.0 0.0
0.0 2401.0 334.0 0.0 0.0 0.0 0.0 0.0 0.0 0.0 0.0 0.0 0.0 0.0 0.0 1.0 1.0 0.0 0.0 0.0 0.0 1.0 0.0 0.0 4.0 231.0 1.0 0.0 0.25 0.02 0.0 0.0 0.0 0.0
1.0 1623.0 337.0 0.0 0.0 0.0 0.0 0.0 0.0 0.0 0.0 0.0 0.0 0.0 0.0 1.0 3.0 0.0 0.0 0.0 0.0 1.0 0.0 1.0 14.0 230.0 0.93 0.14 0.07 0.02 0.0 0.0 0.0 0.0
1.0 1286.0 378.0 0.0 0.0 0.0 0.0 0.0 0.0 0.0 0.0 0.0 0.0 0.0 0.0 1.0 2.0 0.0 0.0 0.0 0.0 1.0 0.0 1.0 24.0 230.0 0.96 0.08 0.04 0.01 0.0 0.0 0.0 0.0
1.0 1211.0 337.0 0.0 0.0 0.0 0.0 0.0 0.0 0.0 0.0 0.0 0.0 0.0 0.0 1.0 1.0 0.0 0.0 0.0 0.0 1.0 0.0 0.0 34.0 231.0 0.97 0.06 0.03 0.01 0.0 0.0 0.0 0.0
0.0 1824.0 333.0 0.0 0.0 0.0 0.0 0.0 0.0 0.0 0.0 0.0 0.0 0.0 0.0 1.0 1.0 0.0 0.0 0.0 0.0 1.0 0.0 0.0 44.0 233.0 0.98 0.05 0.02 0.01 0.0 0.0 0.0 0.0
0.0 735.0 336.0 0.0 0.0 0.0 0.0 0.0 0.0 0.0 0.0 0.0 0.0 0.0 0.0 1.0 1.0 0.0 0.0 0.0 0.0 1.0 0.0 0.0 54.0 234.0 0.94 0.04 0.02 0.01 0.0 0.0 0.0 0.0
0.0 1864.0 341.0 0.0 0.0 0.0 0.0 0.0 0.0 0.0 0.0 0.0 0.0 0.0 0.0 1.0 1.0 0.0 0.0 0.0 0.0 1.0 0.0 0.0 64.0 236.0 0.94 0.03 0.02 0.01 0.0 0.0 0.0 0.0
0.0 1782.0 332.0 0.0 0.0 0.0 0.0 0.0 0.0 0.0 0.0 0.0 0.0 0.0 0.0 1.0 2.0 0.0 0.0 0.0 0.0 1.0 0.0 1.0 74.0 240.0 0.95 0.03 0.01 0.01 0.0 0.0 0.0 0.0
1.0 1240.0 332.0 0.0 0.0 0.0 0.0 0.0 0.0 0.0 0.0 0.0 0.0 0.0 0.0 1.0 4.0 0.0 0.0 0.0 0.0 1.0 0.0 1.0 84.0 241.0 0.95 0.02 0.01 0.01 0.0 0.0 0.0 0.0
1.0 2699.0 367.0 0.0 0.0 0.0 0.0 0.0 0.0 0.0 0.0 0.0 0.0 0.0 0.0 1.0 4.0 0.0 0.0 0.0 0.0 1.0 0.0 1.0 94.0 241.0 0.96 0.02 0.01 0.01 0.0 0.0 0.0 0.0
1.0 1169.0 370.0 0.0 0.0 0.0 0.0 0.0 0.0 0.0 0.0 0.0 0.0 0.0 0.0 1.0 3.0 0.0 0.0 0.0 0.0 1.0 0.0 1.0 104.0 243.0 0.96 0.02 0.01 0.01 0.0 0.0 0.0 0.0
23.0 104.0 276.0 0.0 0.0 0.0 5.0 0.0 0.0 0.0 0.0 0.0 0.0 0.0 0.0 1.0 1.0 0.0 0.0 0.0 0.0 1.0 0.0 0.0 1.0 2.0 1.0 0.0 1.0 1.0 0.0 0.0 0.0 0.0
3.0 13739.0 1792.0 0.0 0.0 0.0 0.0 0.0 0.0 0.0 0.0 0.0 0.0 0.0 0.0 1.0 2.0 0.0 0.0 0.0 0.0 1.0 0.0 1.0 5.0 243.0 0.8 0.4 0.2 0.02 0.0 0.0 0.0 0.0
1.0 1373.0 370.0 0.0 0.0 0.0 0.0 0.0 0.0 0.0 0.0 0.0 0.0 0.0 0.0 1.0 2.0 0.0 0.0 0.0 0.0 1.0 0.0 1.0 15.0 244.0 0.93 0.13 0.07 0.02 0.0 0.0 0.0 0.0
1.0 1009.0 375.0 0.0 0.0 0.0 0.0 0.0 0.0 0.0 0.0 0.0 0.0 0.0 0.0 1.0 1.0 0.0 0.0 0.0 0.0 1.0 0.0 0.0 25.0 245.0 0.92 0.12 0.04 0.02 0.0 0.0 0.0 0.0
0.0 1132.0 372.0 0.0 0.0 0.0 0.0 0.0 0.0 0.0 0.0 0.0 0.0 0.0 0.0 1.0 2.0 0.0 0.0 0.0 0.0 1.0 0.0 1.0 35.0 244.0 0.91 0.09 0.03 0.01 0.0 0.0 0.0 0.0
0.0 582.0 381.0 0.0 0.0 0.0 0.0 0.0 0.0 0.0 0.0 0.0 0.0 1.0 0.0 2.0 1.0 0.0 0.0 0.0 0.0 0.5 1.0 0.0 45.0 242.0 0.89 0.09 0.02 0.01 0.0 0.0 0.0 0.0
0.0 1157.0 374.0 0.0 0.0 0.0 0.0 0.0 0.0 0.0 0.0 0.0 0.0 0.0 0.0 1.0 2.0 0.0 0.0 0.0 0.0 1.0 0.0 1.0 55.0 242.0 0.89 0.07 0.02 0.01 0.0 0.0 0.0 0.0
0.0 660.0 375.0 0.0 0.0 0.0 0.0 0.0 0.0 0.0 0.0 0.0 0.0 0.0 0.0 2.0 1.0 0.0 0.0 0.0 0.0 0.5 1.0 0.0 65.0 240.0 0.88 0.06 0.02 0.01 0.0 0.0 0.0 0.0
1.0 1581.0 378.0 0.0 0.0 0.0 0.0 0.0 0.0 0.0 0.0 0.0 0.0 0.0 0.0 1.0 3.0 0.0 0.0 0.0 0.0 1.0 0.0 1.0 75.0 240.0 0.89 0.05 0.01 0.01 0.0 0.0 0.0 0.0
1.0 9468.0 372.0 0.0 0.0 0.0 0.0 0.0 0.0 0.0 0.0 0.0 0.0 0.0 0.0 1.0 3.0 0.0 0.0 0.0 0.0 1.0 0.0 1.0 85.0 240.0 0.91 0.05 0.01 0.01 0.0 0.0 0.0 0.0
0.0 2017.0 328.0 0.0 0.0 0.0 0.0 0.0 0.0 0.0 0.0 0.0 0.0 0.0 0.0 1.0 1.0 0.0 0.0 0.0 0.0 1.0 0.0 0.0 5.0 239.0 1.0 0.0 0.2 0.02 0.0 0.0 0.0 0.0
3.0 3350.0 395.0 0.0 0.0 0.0 0.0 0.0 0.0 0.0 0.0 0.0 0.0 0.0 0.0 1.0 1.0 0.0 0.0 0.0 0.0 1.0 0.0 0.0 15.0 239.0 1.0 0.0 0.07 0.02 0.0 0.0 0.0 0.0
1.0 1154.0 329.0 0.0 0.0 0.0 0.0 0.0 0.0 0.0 0.0 0.0 0.0 0.0 0.0 1.0 3.0 0.0 0.0 0.0 0.0 1.0 0.0 1.0 25.0 240.0 1.0 0.0 0.04 0.02 0.0 0.0 0.0 0.0
0.0 1397.0 396.0 0.0 0.0 0.0 0.0 0.0 0.0 0.0 0.0 0.0 0.0 0.0 0.0 1.0 1.0 0.0 0.0 0.0 0.0 1.0 0.0 0.0 35.0 240.0 1.0 0.0 0.03 0.02 0.0 0.0 0.0 0.0
1.0 3929.0 397.0 0.0 0.0 0.0 0.0 0.0 0.0 0.0 0.0 0.0 0.0 0.0 0.0 1.0 3.0 0.0 0.0 0.0 0.0 1.0 0.0 1.0 45.0 240.0 0.98 0.04 0.02 0.02 0.0 0.0 0.0 0.0
8.0 972.0 324.0 0.0 0.0 0.0 0.0 0.0 0.0 0.0 0.0 0.0 0.0 0.0 0.0 1.0 1.0 0.0 0.0 0.0 0.0 1.0 0.0 0.0 55.0 240.0 0.96 0.04 0.02 0.02 0.0 0.0 0.0 0.0
22.0 1291.0 330.0 0.0 0.0 0.0 0.0 0.0 0.0 0.0 0.0 0.0 0.0 0.0 0.0 1.0 2.0 0.0 0.0 0.0 0.0 1.0 0.0 1.0 65.0 240.0 0.97 0.03 0.02 0.01 0.0 0.0 0.0 0.0
0.0 1298.0 327.0 0.0 0.0 0.0 0.0 0.0 0.0 0.0 0.0 0.0 0.0 0.0 0.0 1.0 1.0 0.0 0.0 0.0 0.0 1.0 0.0 0.0 75.0 241.0 0.97 0.03 0.01 0.01 0.0 0.0 0.0 0.0
0.0 1239.0 325.0 0.0 0.0 0.0 0.0 0.0 0.0 0.0 0.0 0.0 0.0 0.0 0.0 1.0 3.0 0.0 0.0 0.0 0.0 1.0 0.0 1.0 85.0 241.0 0.98 0.02 0.01 0.01 0.0 0.0 0.0 0.0
0.0 1423.0 394.0 0.0 0.0 0.0 0.0 0.0 0.0 0.0 0.0 0.0 0.0 0.0 0.0 1.0 1.0 0.0 0.0 0.0 0.0 1.0 0.0 0.0 95.0 241.0 0.98 0.02 0.01 0.01 0.0 0.0 0.0 0.0
0.0 3313.0 329.0 0.0 0.0 0.0 0.0 0.0 0.0 0.0 0.0 0.0 0.0 0.0 0.0 1.0 1.0 0.0 0.0 0.0 0.0 1.0 0.0 0.0 105.0 241.0 0.97 0.02 0.01 0.01 0.0 0.0 0.0 0.0
0.0 2178.0 328.0 0.0 0.0 0.0 0.0 0.0 0.0 0.0 0.0 0.0 0.0 0.0 0.0 1.0 2.0 0.0 0.0 0.0 0.0 1.0 0.0 1.0 115.0 242.0 0.97 0.02 0.01 0.01 0.0 0.0 0.0 0.0
1.0 4657.0 319.0 0.0 0.0 0.0 0.0 0.0 0.0 0.0 0.0 0.0 0.0 0.0 0.0 2.0 3.0 0.0 0.0 0.0 0.0 0.5 1.0 1.0 10.0 234.0 0.2 0.2 0.1 0.02 0.0 0.0 0.0 0.0
27.0 689.0 2077.0 0.0 0.0 14.0 0.0 0.0 0.0 0.0 0.0 0.0 0.0 0.0 0.0 1.0 1.0 0.0 0.0 0.0 0.0 1.0 0.0 0.0 20.0 11.0 0.55 0.15 0.05 0.0 0.0 0.0 0.0 0.0
2.0 1076.0 359.0 0.0 0.0 0.0 0.0 0.0 0.0 0.0 0.0 0.0 0.0 0.0 0.0 1.0 3.0 0.0 0.0 0.0 0.0 1.0 0.0 1.0 30.0 228.0 0.53 0.1 0.03 0.02 0.0 0.0 0.0 0.0
22.0 333.0 1072.0 0.0 0.0 6.0 0.0 0.0 0.0 0.0 0.0 0.0 0.0 0.0 0.0 1.0 1.0 0.0 0.0 0.0 0.0 1.0 0.0 0.0 40.0 16.0 0.4 0.08 0.03 0.0 0.0 0.0 0.0 0.0
28.0 1088.0 3081.0 0.0 0.0 22.0 0.0 0.0 0.0 0.0 0.0 0.0 0.0 0.0 0.0 1.0 1.0 0.0 0.0 0.0 0.0 1.0 0.0 0.0 50.0 21.0 0.42 0.06 0.02 0.0 0.0 0.0 0.0 0.0
0.0 1870.0 331.0 0.0 0.0 0.0 0.0 0.0 0.0 0.0 0.0 0.0 0.0 0.0 0.0 1.0 1.0 0.0 0.0 0.0 0.0 1.0 0.0 0.0 60.0 218.0 0.58 0.05 0.02 0.01 0.0 0.0 0.0 0.0
0.0 1073.0 324.0 0.0 0.0 0.0 0.0 0.0 0.0 0.0 0.0 0.0 0.0 0.0 0.0 1.0 2.0 0.0 0.0 0.0 0.0 1.0 0.0 1.0 70.0 215.0 0.59 0.04 0.01 0.01 0.0 0.0 0.0 0.0
22.0 273.0 834.0 0.0 0.0 5.0 0.0 0.0 0.0 0.0 0.0 0.0 0.0 0.0 0.0 1.0 1.0 0.0 0.0 0.0 0.0 1.0 0.0 0.0 80.0 30.0 0.38 0.04 0.01 0.0 0.0 0.0 0.0 0.0
6.0 12943.0 1359.0 0.0 0.0 0.0 0.0 0.0 0.0 0.0 0.0 0.0 0.0 0.0 0.0 1.0 1.0 0.0 0.0 0.0 0.0 1.0 0.0 0.0 90.0 206.0 0.57 0.03 0.01 0.01 0.0 0.0 0.0 0.0
23.0 284.0 903.0 0.0 0.0 5.0 0.0 0.0 0.0 0.0 0.0 0.0 0.0 0.0 0.0 1.0 1.0 0.0 0.0 0.0 0.0 1.0 0.0 0.0 100.0 39.0 0.39 0.03 0.01 0.0 0.0 0.0 0.0 0.0
22.0 354.0 1072.0 0.0 0.0 6.0 0.0 0.0 0.0 0.0 0.0 0.0 0.0 0.0 0.0 1.0 1.0 0.0 0.0 0.0 0.0 1.0 0.0 0.0 110.0 41.0 0.37 0.03 0.01 0.0 0.0 0.0 0.0 0.0
22.0 328.0 1054.0 0.0 0.0 6.0 0.0 0.0 0.0 0.0 0.0 0.0 0.0 0.0 0.0 1.0 1.0 0.0 0.0 0.0 0.0 1.0 0.0 0.0 120.0 46.0 0.38 0.03 0.01 0.0 0.0 0.0 0.0 0.0
2.0 1702.0 331.0 0.0 0.0 0.0 0.0 0.0 0.0 0.0 0.0 0.0 0.0 0.0 0.0 1.0 1.0 0.0 0.0 0.0 0.0 1.0 0.0 0.0 130.0 198.0 0.6 0.02 0.01 0.02 0.0 0.0 0.0 0.0
3.0 12679.0 1360.0 0.0 0.0 0.0 0.0 0.0 0.0 0.0 0.0 0.0 0.0 0.0 0.0 1.0 1.0 0.0 0.0 0.0 0.0 1.0 0.0 0.0 140.0 195.0 0.6 0.02 0.01 0.01 0.0 0.0 0.0 0.0
0.0 1754.0 328.0 0.0 0.0 0.0 0.0 0.0 0.0 0.0 0.0 0.0 0.0 0.0 0.0 1.0 3.0 0.0 0.0 0.0 0.0 1.0 0.0 1.0 150.0 192.0 0.61 0.02 0.01 0.01 0.0 0.0 0.0 0.0
23.0 337.0 1072.0 0.0 0.0 6.0 0.0 0.0 0.0 0.0 0.0 0.0 0.0 0.0 0.0 1.0 1.0 0.0 0.0 0.0 0.0 1.0 0.0 0.0 160.0 57.0 0.36 0.02 0.01 0.0 0.0 0.0 0.0 0.0
1.0 1091.0 398.0 0.0 0.0 0.0 0.0 0.0 0.0 0.0 0.0 0.0 0.0 0.0 0.0 1.0 4.0 0.0 0.0 0.0 0.0 1.0 0.0 1.0 170.0 187.0 0.62 0.02 0.01 0.01 0.0 0.0 0.0 0.0
19.0 224.0 769.0 0.0 0.0 4.0 0.0 0.0 0.0 0.0 0.0 0.0 0.0 0.0 0.0 1.0 1.0 0.0 0.0 0.0 0.0 1.0 0.0 0.0 180.0 66.0 0.37 0.02 0.01 0.0 0.0 0.0 0.0 0.0
1.0 1359.0 337.0 0.0 0.0 0.0 0.0 0.0 0.0 0.0 0.0 0.0 0.0 0.0 0.0 1.0 5.0 0.0 0.0 0.0 0.0 1.0 0.0 1.0 6.0 180.0 1.0 0.0 0.17 0.02 0.0 0.0 0.0 0.0
0.0 1500.0 330.0 0.0 0.0 0.0 0.0 0.0 0.0 0.0 0.0 0.0 0.0 0.0 0.0 1.0 1.0 0.0 0.0 0.0 0.0 1.0 0.0 0.0 16.0 180.0 0.94 0.12 0.06 0.02 0.0 0.0 0.0 0.0
2.0 13333.0 1384.0 0.0 0.0 0.0 0.0 0.0 0.0 0.0 0.0 0.0 0.0 0.0 0.0 1.0 2.0 0.0 0.0 0.0 0.0 1.0 0.0 1.0 26.0 180.0 0.96 0.08 0.04 0.02 0.0 0.0 0.0 0.0
0.0 6.0 137.0 0.0 0.0 0.0 0.0 0.0 0.0 0.0 0.0 0.0 0.0 0.0 0.0 1.0 1.0 0.0 0.0 0.0 0.0 1.0 0.0 0.0 36.0 8.0 0.06 0.06 0.03 0.38 0.0 0.0 0.0 0.0
0.0 790.0 328.0 0.0 0.0 0.0 0.0 0.0 0.0 0.0 0.0 0.0 0.0 0.0 0.0 1.0 2.0 0.0 0.0 0.0 0.0 1.0 0.0 1.0 46.0 179.0 0.96 0.04 0.02 0.02 0.0 0.0 0.0 0.0
1.0 788.0 329.0 0.0 0.0 0.0 0.0 0.0 0.0 0.0 0.0 0.0 0.0 0.0 0.0 1.0 3.0 0.0 0.0 0.0 0.0 1.0 0.0 1.0 56.0 179.0 0.96 0.04 0.02 0.02 0.0 0.0 0.0 0.0
2.0 1095.0 327.0 0.0 0.0 0.0 0.0 0.0 0.0 0.0 0.0 0.0 0.0 0.0 0.0 1.0 2.0 0.0 0.0 0.0 0.0 1.0 0.0 1.0 66.0 181.0 0.97 0.03 0.02 0.02 0.0 0.0 0.0 0.0
0.0 2228.0 327.0 0.0 0.0 0.0 0.0 0.0 0.0 0.0 0.0 0.0 0.0 0.0 0.0 1.0 1.0 0.0 0.0 0.0 0.0 1.0 0.0 0.0 76.0 186.0 0.97 0.03 0.01 0.01 0.0 0.0 0.0 0.0
0.0 819.0 335.0 0.0 0.0 0.0 0.0 0.0 0.0 0.0 0.0 0.0 0.0 0.0 0.0 1.0 1.0 0.0 0.0 0.0 0.0 1.0 0.0 0.0 86.0 189.0 0.97 0.02 0.01 0.01 0.0 0.0 0.0 0.0
0.0 975.0 326.0 0.0 0.0 0.0 0.0 0.0 0.0 0.0 0.0 0.0 0.0 0.0 0.0 1.0 4.0 0.0 0.0 0.0 0.0 1.0 0.0 1.0 96.0 192.0 0.96 0.02 0.01 0.01 0.0 0.0 0.0 0.0
0.0 987.0 329.0 0.0 0.0 0.0 0.0 0.0 0.0 0.0 0.0 0.0 0.0 0.0 0.0 1.0 2.0 0.0 0.0 0.0 0.0 1.0 0.0 1.0 106.0 194.0 0.95 0.03 0.01 0.01 0.0 0.0 0.0 0.0
1.0 2218.0 368.0 0.0 0.0 0.0 0.0 0.0 0.0 0.0 0.0 0.0 0.0 0.0 0.0 1.0 4.0 0.0 0.0 0.0 0.0 1.0 0.0 1.0 116.0 196.0 0.96 0.03 0.01 0.01 0.0 0.0 0.0 0.0
8.0 12666.0 1370.0 0.0 0.0 0.0 0.0 0.0 0.0 0.0 0.0 0.0 0.0 0.0 0.0 1.0 1.0 0.0 0.0 0.0 0.0 1.0 0.0 0.0 10.0 202.0 1.0 0.0 0.1 0.01 0.0 0.0 0.0 0.0
0.0 926.0 335.0 0.0 0.0 0.0 0.0 0.0 0.0 0.0 0.0 1.0 0.0 0.0 0.0 1.0 1.0 0.0 0.0 0.0 0.0 1.0 0.0 0.0 20.0 206.0 1.0 0.0 0.05 0.01 0.0 0.0 0.0 0.0
0.0 679.0 330.0 0.0 0.0 0.0 0.0 0.0 0.0 0.0 0.0 0.0 0.0 0.0 0.0 1.0 1.0 0.0 0.0 0.0 0.0 1.0 0.0 0.0 30.0 208.0 1.0 0.0 0.03 0.01 0.0 0.0 0.0 0.0
1.0 817.0 330.0 0.0 0.0 0.0 0.0 0.0 0.0 0.0 0.0 0.0 0.0 0.0 0.0 1.0 2.0 0.0 0.0 0.0 0.0 1.0 0.0 1.0 40.0 214.0 0.98 0.05 0.03 0.01 0.0 0.0 0.0 0.0
1.0 1253.0 331.0 0.0 0.0 0.0 0.0 0.0 0.0 0.0 0.0 0.0 0.0 0.0 0.0 1.0 1.0 0.0 0.0 0.0 0.0 1.0 0.0 0.0 50.0 217.0 0.96 0.04 0.02 0.01 0.0 0.0 0.0 0.0
0.0 865.0 332.0 0.0 0.0 0.0 0.0 0.0 0.0 0.0 0.0 0.0 0.0 0.0 0.0 1.0 1.0 0.0 0.0 0.0 0.0 1.0 0.0 0.0 60.0 218.0 0.97 0.03 0.02 0.01 0.0 0.0 0.0 0.0
0.0 1139.0 332.0 0.0 0.0 0.0 0.0 0.0 0.0 0.0 0.0 0.0 0.0 0.0 0.0 1.0 1.0 0.0 0.0 0.0 0.0 1.0 0.0 0.0 70.0 221.0 0.96 0.03 0.01 0.01 0.0 0.0 0.0 0.0
0.0 626.0 334.0 0.0 0.0 0.0 0.0 0.0 0.0 0.0 0.0 0.0 0.0 0.0 0.0 1.0 2.0 0.0 0.0 0.0 0.0 1.0 0.0 1.0 80.0 225.0 0.95 0.03 0.01 0.01 0.0 0.0 0.0 0.0
1.0 1295.0 333.0 0.0 0.0 0.0 0.0 0.0 0.0 0.0 0.0 0.0 0.0 0.0 0.0 1.0 3.0 0.0 0.0 0.0 0.0 1.0 0.0 1.0 90.0 228.0 0.94 0.02 0.01 0.01 0.0 0.0 0.0 0.0
3.0 12682.0 1370.0 0.0 0.0 0.0 0.0 0.0 0.0 0.0 0.0 0.0 0.0 0.0 0.0 1.0 1.0 0.0 0.0 0.0 0.0 1.0 0.0 0.0 100.0 231.0 0.95 0.02 0.01 0.01 0.0 0.0 0.0 0.0
4.0 13718.0 1369.0 0.0 0.0 0.0 0.0 0.0 0.0 0.0 0.0 0.0 0.0 0.0 0.0 1.0 1.0 0.0 0.0 0.0 0.0 1.0 0.0 0.0 110.0 231.0 0.95 0.02 0.01 0.01 0.0 0.0 0.0 0.0
1.0 638.0 332.0 0.0 0.0 0.0 0.0 0.0 0.0 0.0 0.0 0.0 0.0 0.0 0.0 1.0 2.0 0.0 0.0 0.0 0.0 1.0 0.0 1.0 120.0 234.0 0.94 0.02 0.01 0.01 0.0 0.0 0.0 0.0
0.0 846.0 332.0 0.0 0.0 0.0 0.0 0.0 0.0 0.0 0.0 0.0 0.0 0.0 0.0 1.0 1.0 0.0 0.0 0.0 0.0 1.0 0.0 0.0 130.0 236.0 0.93 0.02 0.01 0.01 0.0 0.0 0.0 0.0
1.0 3142.0 405.0 0.0 0.0 0.0 0.0 0.0 0.0 0.0 0.0 0.0 0.0 0.0 0.0 1.0 2.0 0.0 0.0 0.0 0.0 1.0 0.0 1.0 8.0 240.0 0.88 0.25 0.12 0.01 0.0 0.0 0.0 0.0
1.0 3283.0 330.0 0.0 0.0 0.0 0.0 0.0 0.0 0.0 0.0 0.0 0.0 0.0 0.0 1.0 1.0 0.0 0.0 0.0 0.0 1.0 0.0 0.0 18.0 240.0 0.94 0.11 0.06 0.01 0.0 0.0 0.0 0.0
0.0 1010.0 370.0 0.0 0.0 0.0 0.0 0.0 0.0 0.0 0.0 0.0 0.0 0.0 0.0 1.0 1.0 0.0 0.0 0.0 0.0 1.0 0.0 0.0 28.0 240.0 0.93 0.07 0.04 0.01 0.0 0.0 0.0 0.0
1.0 60990.0 366.0 0.0 0.0 0.0 0.0 0.0 0.0 0.0 0.0 0.0 0.0 0.0 0.0 1.0 4.0 0.0 0.0 0.0 0.0 1.0 0.0 1.0 38.0 240.0 0.95 0.05 0.03 0.01 0.0 0.0 0.0 0.0
1.0 1412.0 325.0 0.0 0.0 0.0 0.0 0.0 0.0 0.0 0.0 0.0 0.0 0.0 0.0 1.0 1.0 0.0 0.0 0.0 0.0 1.0 0.0 0.0 48.0 240.0 0.94 0.04 0.02 0.01 0.0 0.0 0.0 0.0
2.0 1238.0 329.0 0.0 0.0 0.0 0.0 0.0 0.0 0.0 0.0 0.0 0.0 0.0 0.0 1.0 2.0 0.0 0.0 0.0 0.0 1.0 0.0 1.0 58.0 238.0 0.91 0.05 0.02 0.01 0.0 0.0 0.0 0.0
2.0 1437.0 328.0 0.0 0.0 0.0 0.0 0.0 0.0 0.0 0.0 0.0 0.0 0.0 0.0 1.0 5.0 0.0 0.0 0.0 0.0 1.0 0.0 1.0 68.0 237.0 0.91 0.04 0.01 0.01 0.0 0.0 0.0 0.0
1.0 1398.0 331.0 0.0 0.0 0.0 0.0 0.0 0.0 0.0 0.0 0.0 0.0 0.0 0.0 1.0 3.0 0.0 0.0 0.0 0.0 1.0 0.0 1.0 78.0 236.0 0.91 0.04 0.01 0.01 0.0 0.0 0.0 0.0
0.0 1782.0 411.0 0.0 0.0 0.0 0.0 0.0 0.0 0.0 0.0 0.0 0.0 0.0 0.0 1.0 1.0 0.0 0.0 0.0 0.0 1.0 0.0 0.0 88.0 236.0 0.91 0.03 0.01 0.01 0.0 0.0 0.0 0.0
0.0 920.0 329.0 0.0 0.0 0.0 0.0 0.0 0.0 0.0 0.0 0.0 0.0 1.0 0.0 1.0 1.0 0.0 0.0 0.0 0.0 1.0 0.0 0.0 98.0 235.0 0.91 0.03 0.01 0.01 0.0 0.0 0.0 0.0
0.0 963.0 328.0 0.0 0.0 0.0 0.0 0.0 0.0 0.0 0.0 0.0 0.0 0.0 0.0 1.0 1.0 0.0 0.0 0.0 0.0 1.0 0.0 0.0 108.0 237.0 0.92 0.03 0.01 0.01 0.0 0.0 0.0 0.0
0.0 1699.0 784.0 0.0 0.0 0.0 0.0 0.0 0.0 0.0 0.0 0.0 0.0 0.0 0.0 1.0 1.0 0.0 0.0 0.0 0.0 1.0 0.0 0.0 1.0 237.0 1.0 0.0 1.0 0.02 0.0 0.0 0.0 0.0
0.0 987.0 496.0 0.0 0.0 0.0 0.0 0.0 0.0 0.0 0.0 0.0 0.0 0.0 0.0 1.0 1.0 0.0 0.0 0.0 0.0 1.0 0.0 0.0 11.0 237.0 1.0 0.0 0.09 0.01 0.0 0.0 0.0 0.0
0.0 1300.0 503.0 0.0 0.0 0.0 0.0 0.0 0.0 0.0 0.0 0.0 0.0 0.0 0.0 1.0 1.0 0.0 0.0 0.0 0.0 1.0 0.0 0.0 21.0 237.0 1.0 0.0 0.05 0.01 0.0 0.0 0.0 0.0
0.0 1021.0 595.0 0.0 0.0 0.0 0.0 0.0 0.0 0.0 0.0 0.0 0.0 0.0 0.0 1.0 2.0 0.0 0.0 0.0 0.0 1.0 0.0 1.0 31.0 237.0 1.0 0.0 0.03 0.01 0.0 0.0 0.0 0.0
0.0 644.0 490.0 0.0 0.0 0.0 0.0 0.0 0.0 0.0 0.0 0.0 0.0 0.0 0.0 1.0 1.0 0.0 0.0 0.0 0.0 1.0 0.0 0.0 41.0 238.0 1.0 0.0 0.02 0.01 0.0 0.0 0.0 0.0
0.0 1204.0 491.0 0.0 0.0 0.0 0.0 0.0 0.0 0.0 0.0 0.0 0.0 0.0 0.0 1.0 2.0 0.0 0.0 0.0 0.0 1.0 0.0 1.0 51.0 239.0 1.0 0.0 0.02 0.01 0.0 0.0 0.0 0.0
12.0 130.0 2041.0 0.0 0.0 0.0 0.0 0.0 0.0 0.0 0.0 0.0 0.0 0.0 0.0 1.0 1.0 0.0 0.0 0.0 0.0 1.0 0.0 0.0 61.0 2.0 0.02 0.03 0.02 1.0 0.0 0.0 0.0 0.0
0.0 1527.0 494.0 0.0 0.0 0.0 0.0 0.0 0.0 0.0 0.0 0.0 0.0 0.0 0.0 1.0 6.0 0.0 0.0 0.0 0.0 1.0 0.0 1.0 71.0 237.0 0.97 0.04 0.01 0.01 0.0 0.0 0.0 0.0
0.0 2931.0 502.0 0.0 0.0 0.0 0.0 0.0 0.0 0.0 0.0 0.0 0.0 0.0 0.0 1.0 1.0 0.0 0.0 0.0 0.0 1.0 0.0 0.0 81.0 238.0 0.98 0.04 0.01 0.01 0.0 0.0 0.0 0.0
0.0 1480.0 0.0 1.0 0.0 0.0 0.0 0.0 0.0 0.0 0.0 0.0 0.0 0.0 0.0 1.0 1.0 0.0 0.0 0.0 0.0 1.0 0.0 0.0 85.0 1.0 0.01 0.05 0.01 0.0 0.0 0.0 0.0 0.0
0.0 1480.0 0.0 1.0 0.0 0.0 0.0 0.0 0.0 0.0 0.0 0.0 0.0 0.0 0.0 2.0 2.0 0.0 0.0 0.0 0.0 1.0 0.0 0.0 86.0 2.0 0.02 0.05 0.02 0.0 0.0 0.0 0.0 0.0
0.0 1480.0 0.0 1.0 0.0 0.0 0.0 0.0 0.0 0.0 0.0 0.0 0.0 0.0 0.0 3.0 3.0 0.0 0.0 0.0 0.0 1.0 0.0 0.0 87.0 3.0 0.03 0.05 0.03 0.0 0.0 0.0 0.0 0.0
0.0 1480.0 0.0 1.0 0.0 0.0 0.0 0.0 0.0 0.0 0.0 0.0 0.0 0.0 0.0 4.0 4.0 0.0 0.0 0.0 0.0 1.0 0.0 0.0 88.0 4.0 0.05 0.05 0.05 0.0 0.0 0.0 0.0 0.0
0.0 1480.0 0.0 1.0 0.0 0.0 0.0 0.0 0.0 0.0 0.0 0.0 0.0 0.0 0.0 5.0 5.0 0.0 0.0 0.0 0.0 1.0 0.0 0.0 89.0 5.0 0.06 0.04 0.06 0.0 0.0 0.0 0.0 0.0
0.0 1480.0 0.0 1.0 0.0 0.0 0.0 0.0 0.0 0.0 0.0 0.0 0.0 0.0 0.0 6.0 6.0 0.0 0.0 0.0 0.0 1.0 0.0 0.0 90.0 6.0 0.07 0.04 0.07 0.0 0.0 0.0 0.0 0.0
0.0 1480.0 0.0 1.0 0.0 0.0 0.0 0.0 0.0 0.0 0.0 0.0 0.0 0.0 0.0 7.0 7.0 0.0 0.0 0.0 0.0 1.0 0.0 0.0 91.0 7.0 0.08 0.04 0.08 0.0 0.0 0.0 0.0 0.0
0.0 1480.0 0.0 1.0 0.0 0.0 0.0 0.0 0.0 0.0 0.0 0.0 0.0 0.0 0.0 8.0 8.0 0.0 0.0 0.0 0.0 1.0 0.0 0.0 92.0 8.0 0.09 0.04 0.09 0.0 0.0 0.0 0.0 0.0
0.0 1480.0 0.0 1.0 0.0 0.0 0.0 0.0 0.0 0.0 0.0 0.0 0.0 0.0 0.0 9.0 9.0 0.0 0.0 0.0 0.0 1.0 0.0 0.0 93.0 9.0 0.1 0.04 0.1 0.0 0.0 0.0 0.0 0.0
0.0 1480.0 0.0 1.0 0.0 0.0 0.0 0.0 0.0 0.0 0.0 0.0 0.0 0.0 0.0 10.0 10.0 0.0 0.0 0.0 0.0 1.0 0.0 0.0 94.0 10.0 0.11 0.04 0.11 0.0 0.0 0.0 0.0 0.0
0.0 1480.0 0.0 1.0 0.0 0.0 0.0 0.0 0.0 0.0 0.0 0.0 0.0 0.0 0.0 11.0 11.0 0.0 0.0 0.0 0.0 1.0 0.0 0.0 95.0 11.0 0.12 0.04 0.12 0.0 0.0 0.0 0.0 0.0
0.0 1480.0 0.0 1.0 0.0 0.0 0.0 0.0 0.0 0.0 0.0 0.0 0.0 0.0 0.0 12.0 12.0 0.0 0.0 0.0 0.0 1.0 0.0 0.0 96.0 12.0 0.12 0.04 0.12 0.0 0.0 0.0 0.0 0.0
0.0 1480.0 0.0 1.0 0.0 0.0 0.0 0.0 0.0 0.0 0.0 0.0 0.0 0.0 0.0 13.0 13.0 0.0 0.0 0.0 0.0 1.0 0.0 0.0 97.0 13.0 0.13 0.04 0.13 0.0 0.0 0.0 0.0 0.0
0.0 1480.0 0.0 1.0 0.0 0.0 0.0 0.0 0.0 0.0 0.0 0.0 0.0 0.0 0.0 14.0 14.0 0.0 0.0 0.0 0.0 1.0 0.0 0.0 98.0 14.0 0.14 0.04 0.14 0.0 0.0 0.0 0.0 0.0
0.0 1480.0 0.0 1.0 0.0 0.0 0.0 0.0 0.0 0.0 0.0 0.0 0.0 0.0 0.0 15.0 15.0 0.0 0.0 0.0 0.0 1.0 0.0 0.0 99.0 15.0 0.15 0.04 0.15 0.0 0.0 0.0 0.0 0.0
0.0 1480.0 0.0 1.0 0.0 0.0 0.0 0.0 0.0 0.0 0.0 0.0 0.0 0.0 0.0 16.0 16.0 0.0 0.0 0.0 0.0 1.0 0.0 0.0 100.0 16.0 0.16 0.04 0.16 0.0 0.0 0.0 0.0 0.0
